80
109.88676709589357, 76.12397640751401
178.29732549607442, 61.66418324985226
110.13995334236488, 181.1644941988655
190.9237307276993, 9.495226939693646
171.74120966081864, 118.18952702193573
158.58144453607082, 71.77691138906145
153.0148684197, 32.4774248679061
137.750217019132, 60.38815153483195
119.89217647958422, 107.10795175836662
169.5869199294771, 31.554667212977616
129.8753471380865, 13.114316650371926
191.88419492479102, 24.343002829812455
169.39674864233683, 134.6697987518654
182.17296361642724, 198.5481824725039
171.89990006229158, 79.64590141332606
138.57299262576353, 199.88019028086813
161.52301381278667, 192.88594988204957
135.45289864639827, 106.31598498625925
161.15513266535507, 199.17130897858186
142.06489973479424, 131.45035547417575
106.16028944000556, 198.21100229144892
182.5268215061029, 153.22706661900924
115.86070935808873, 102.93404878560844
149.58009186195474, 110.23897253661505
147.3904441529818, 141.90793550344034
105.94451469489124, 31.565211506637358
174.22986141298523, 14.699147945954373
125.11554472986613, 50.83340029073435
130.55657979569054, 112.90620233110505
128.78065826918862, 90.76862462690207
128.06000130238255, 89.32268287096561
149.3073739886431, 138.56049457379694
193.6463536944507, 196.7778292431445
158.03665564658218, 126.948554312515
165.6171538069635, 166.28188564681966
105.26829834737116, 182.47065288763181
100.70062334496119, 107.31897363504206
119.07251994362991, 180.7568888757159
138.78808028985335, 124.02858509479857
184.79591602617964, 69.38595030075314
122.69181293616913, 82.03121181093509
106.77126345246145, 77.94860080995592
153.40346362289284, 82.87805089852117
198.7086544509484, 9.2523412263676
113.2347780849984, 149.09923312193513
116.10810794941739, 119.7253899983371
120.14805347246008, 196.09229919111482
135.11568249997111, 100.03988830274784
199.3625170072821, 146.1513532593783
197.39372877220845, 100.80860957021791
189.04926430203878, 187.57678952983412
157.07223115017626, 177.29093970833415
143.62278139340464, 21.448452783445916
113.70614531293926, 25.638766384245383
192.78236137067444, 52.411721586465966
181.63302154130565, 124.76645457601336
166.03581783388788, 153.82987729627675
126.41239897331643, 100.54631138713623
108.64315468541987, 114.49462084436936
133.51108757396412, 154.66362642686795
104.49134951149024, 148.42417070792288
108.76821210025945, 150.16525066678815
151.6453858014229, 127.36062982568599
146.559749988506, 117.3177928915385
118.6785898307709, 144.11801714954322
138.79576889656644, 183.28348035440706
108.4080021302783, 164.79555987253013
165.01371745556187, 90.16551779274047
193.6282013431369, 27.041778700467955
156.75000644773624, 124.54916913243326
193.36570402016991, 67.67335694237421
114.64604737785506, 158.87739446993464
174.19081483134522, 190.2420321802502
124.41349503743001, 27.8257743635951
118.02177705771028, 16.968517199006072
136.23589195965707, 37.228207742019336
174.6169566878764, 193.27147621894903
150.44849482703899, 6.606337945525853
134.1032581928809, 90.99477111124
115.50313320458685, 151.25463167245766
