160
22.0819058333882, 7.360158018193303
69.32222263088185, 54.30256001227659
94.69981128461892, 48.369636891250856
92.93235463330713, 134.0212767690967
9.914149975013267, 107.76406671549779
19.325297157351628, 40.44065761507062
70.34164872315242, 154.3772233669943
41.41689914854536, 114.62873586501607
43.07839177718982, 173.6777583853127
20.62433915962848, 100.08794893018853
63.415631609117696, 98.19311022166299
30.30617376707032, 135.3927453935934
7.664702737379281, 102.45941710968776
49.02579735253456, 136.2836843317558
21.275953985667872, 41.32952461704767
74.44784995638226, 22.401717820617062
82.46116445464878, 0.6992172600570967
48.51773180169042, 166.82198752883164
40.270238352191576, 178.30460710042888
67.91599951988398, 56.22549344621144
80.38448945686692, 68.89959701529689
79.79332351937478, 71.79914998961503
4.1280646142879736, 2.6227891307326168
40.54773917517961, 48.46727985963125
16.6370364275608, 170.74801000528188
94.46862786101121, 127.23350610132928
62.39245748130359, 196.3167130350215
70.38742447694246, 181.6282977866104
51.67446546056536, 118.06764490378214
57.677225712984715, 102.90106929747765
7.249950822097329, 122.73742901352496
4.560370178136253, 67.58129047751036
24.939449603121655, 21.29085479725201
52.9871430115553, 191.0385946485101
36.456822027291956, 45.49181234673863
93.73193246994298, 61.59617794483377
9.773934602160118, 99.66187491862266
91.47105142686549, 187.15587089073176
62.52847905069102, 159.04973899804585
65.85950234535352, 75.85255989151028
13.94178263400465, 67.50564974608979
57.404748163753794, 91.18746614225397
65.65746547850551, 90.50282723249921
37.413582282738886, 196.5034630341998
71.43108317779047, 92.2233479838051
24.453325364211896, 149.50458149443233
42.44402361882339, 60.23355384978035
25.3613773240319, 17.980075971096298
76.42541814350832, 114.59915736249673
28.177960214114584, 173.4343287581509
89.47741083954566, 145.77147668101313
55.62015352814801, 113.89272578606507
61.75815984949659, 187.3411714387944
75.16061802435199, 98.52083105256949
88.90819585996977, 118.22274456806856
93.27556971930356, 108.93658183396703
34.57308270879779, 81.17493012920204
64.14987531222049, 112.20647187704418
85.63790345233546, 66.34284507745663
88.98039191275753, 179.47166273479903
62.433707795561254, 177.18102180100328
3.835804425945362, 54.59824603024485
19.09544951279164, 85.18987686483689
61.869666313889866, 85.58939668518263
99.59627035749179, 187.01687222529293
37.58152069802622, 5.360480979806415
12.874245861268577, 55.25934274676641
53.94902798457224, 66.49781064675774
27.94363340926246, 72.6800168217818
32.36734238604639, 128.95049905150884
63.340020790682374, 78.65797039294904
89.60210310361465, 25.655613007597353
79.3643156785111, 32.85660204842353
7.430440781527603, 10.692139028662284
68.03069946874146, 91.33161923963945
3.6530228028243776, 15.917091819529489
75.46772115412493, 153.53830098489553
69.75234634976415, 160.09596400911101
74.7265377378349, 101.15832851534965
14.330822857065451, 63.78518435962084
142.2726392252613, 25.83611903917702
102.50387884085193, 104.2777104507191
111.89534108767482, 67.8791893246881
127.65682897237713, 121.73303602765726
128.49374179099618, 33.757005190139154
108.63060594017202, 17.53590441238524
181.63976057972243, 88.48981334983787
102.5069619026989, 115.91733801225543
105.95873591152584, 165.37456295657284
179.37566084037152, 100.08794893018853
128.96601456661483, 40.67418118225312
127.02492095683392, 190.55648746509624
192.3352972626207, 102.45941710968776
178.67418958255232, 198.66139846383703
178.72404601433212, 41.32952461704767
125.55215004361774, 22.401717820617062
107.36791956613462, 14.397718878287336
115.2825785392116, 198.4553380781547
159.72976164780843, 178.30460710042888
132.084000480116, 56.22549344621144
119.61551054313308, 68.89959701529689
120.20667648062522, 71.79914998961503
195.87193538571202, 2.6227891307326168
149.11187319749888, 0.5457709310431103
183.36296357243918, 170.74801000528188
105.53137213898879, 127.23350610132928
137.60754251869642, 196.3167130350215
176.20639129520058, 185.77697676820804
148.32553453943464, 118.06764490378214
142.32277428701528, 102.90106929747765
192.75004917790267, 122.73742901352496
195.43962982186375, 67.58129047751036
192.5424345126559, 20.568615426763557
196.15489431105294, 155.77734808391602
163.54317797270804, 45.49181234673863
127.19571077251994, 49.11149268239225
142.82588084574044, 111.99855786010546
104.65921907218907, 194.50159469041031
165.57640665256542, 117.87324281073323
127.18307218689276, 21.202067712837103
173.34909889387342, 54.12238217299705
191.88213980618124, 70.75300846011841
139.68009983902985, 103.6377321453229
178.93382119726527, 191.0651402020833
107.88844020101418, 19.799705649325226
177.3676730146585, 146.20302771697425
157.5559763811766, 60.23355384978035
174.6386226759681, 17.980075971096298
123.57458185649168, 114.59915736249673
171.8220397858854, 173.4343287581509
110.52258916045434, 145.77147668101313
108.60955914627081, 135.34939392223947
177.77724819129566, 130.43977571704798
163.66882452675472, 89.21973924722589
111.09180414003023, 118.22274456806856
101.15411584998087, 110.69883047841307
190.8668284835325, 12.187589499452312
197.46737918843843, 114.6337719491895
114.36209654766454, 66.34284507745663
182.4223352972076, 109.8569860200572
177.690216626464, 151.90165839810825
132.97175338920835, 91.9504824356153
168.26274473664856, 124.03068702823839
158.34849070339453, 85.11307624206823
100.40372964250821, 187.01687222529293
162.41847930197378, 5.360480979806415
108.40787532604851, 90.72596772186789
189.25152065008365, 64.8940295972504
121.74576950784085, 84.98428216178888
184.16531340969138, 119.53127940668995
136.6599792093176, 78.65797039294904
114.44901137303583, 26.0828302538997
120.6356843214889, 32.85660204842353
192.5695592184724, 10.692139028662284
199.09578916241693, 138.66221531999977
176.97032175197336, 35.45040747636925
124.53227884587507, 153.53830098489553
194.60390125926514, 180.70558660187842
125.2734622621651, 101.15832851534965
185.66917714293456, 63.78518435962084
