224
18.686876105992955, 11.671308085787068
10.345188222477608, 198.05524372056732
43.3163293058482, 91.08726530957887
42.56492557792563, 71.8970377986862
28.946156154100944, 27.327812740271362
72.50074554357153, 169.4909445996361
91.16746903244993, 186.4423595071803
67.11158836502214, 159.6824835718565
24.17782625125223, 106.09250925571992
58.5713232921359, 185.92712181492223
43.650261647197276, 4.586416596555876
82.38167261597623, 3.7911885613529206
30.53930924921897, 96.58125563152822
4.969026813832366, 145.68696241099929
95.60382897256801, 118.05861146827235
88.83896472207188, 15.47363242473454
95.61406707039656, 141.40630122559043
87.57551730492044, 144.10146815036583
38.423480550197176, 61.255049101608016
22.245354392314198, 98.98026938497635
17.998780995310238, 116.22252473188553
29.59458376927676, 141.86530175094325
47.848811648441284, 57.96257392038802
2.0283387116401985, 55.364877705480396
26.24785178307715, 194.79533827703486
18.87178222438777, 72.64737919973778
22.85028568226649, 34.27909155777904
67.71071063287641, 124.27842511490621
53.544454736599704, 183.44337195242932
3.7562662161984783, 129.23116702306902
49.953628036915646, 128.67227862225172
47.23703302486029, 3.183092035708479
28.859107348023993, 109.94351296125349
87.54912719010972, 45.166583425405314
31.01241350073254, 19.706226505850655
67.86674587928418, 87.82742358024144
77.62271358396009, 168.75342520329107
81.79666195978344, 52.15122963987602
15.71308203232813, 117.54180725493015
82.91801593534333, 74.1244609748599
80.68085655223071, 101.64824903889946
11.15167497704408, 103.42987736168692
79.32251291128793, 110.98689111087513
7.284504642268952, 138.05491780650556
48.2691282667262, 124.88038124622646
12.420098820660996, 71.8786486848361
75.82245090838128, 12.440920069667193
48.0805884089413, 45.72828176467427
61.036553181634225, 45.717636525489056
24.97995533269818, 162.18856566092316
50.01361317134072, 82.57382941607393
15.850250341624317, 146.79792415823778
92.57522826999663, 80.38099962058584
7.97074624334313, 35.600591413314
15.59713995752462, 59.96575371650448
36.53763701559642, 36.98843712975082
5.7771847716651, 43.50735980445213
40.08544792742082, 119.84668809711323
77.57676491543492, 3.294319692728509
23.721764361413257, 198.29179016078444
83.7005737210875, 50.34950462412064
45.36136112737908, 58.90706841851547
81.42104119044384, 26.37049110060299
66.51857868541462, 140.53441129035733
30.781158406590837, 31.286953055292788
61.10558391285227, 186.41880272299332
44.78757122695667, 28.357684076091715
53.76659577904513, 188.14921875213702
54.460511471694986, 177.01133758335914
94.0246968874488, 22.370950724445905
2.6214175517844884, 67.31982604024107
28.776293099404736, 173.4676669041233
7.992467175189155, 156.41223204866682
1.9838400246455001, 155.6390991779614
94.79207610639693, 120.79945771398906
73.60869392641114, 47.90999402804741
41.13217017737141, 28.67884247778352
44.231681832509885, 152.94174977084384
49.07238109951976, 17.963878837669366
98.50924246308821, 84.93100777254794
50.25894870649793, 98.5426312471634
84.54675838263474, 130.92258818119856
14.505938032889132, 42.27479130481693
3.904938626403265, 117.70329167461726
31.277756490427876, 5.4582106514319495
12.441050902892059, 27.269080498067954
40.61426211717536, 18.630357607531735
70.77988226309938, 69.42506107443461
67.76033621430277, 104.57389318461969
24.588418976588024, 17.343349650409646
30.080508502473446, 57.41656982326864
3.460792001323021, 96.05361876376821
43.0201144249391, 9.988579020539134
14.460857875476263, 34.1314298516471
90.77215083713621, 87.58658536617601
19.353749433951094, 38.62283382301681
28.27325391366733, 52.59067294223683
84.93312275565069, 152.38498431357365
25.031362683772162, 151.80251517280666
32.40325031957415, 97.77461892333856
26.746376188575592, 48.66440869713522
92.04083926262919, 136.3612546387367
31.170219399018308, 136.80955082908054
13.173942386616899, 56.27726244055575
60.11159273816893, 174.62257488157434
24.876612558206325, 48.59081611750624
14.821725935778119, 35.881747123282096
97.09220814481631, 57.18670212005197
64.25782520408913, 8.207935748358985
27.759551201303935, 67.80421893318322
36.20761164785565, 192.86009853623293
76.9697132319236, 127.888229649492
53.954913882897934, 90.58894418974373
54.6776455060891, 84.85799698131231
87.05241535739374, 163.3065675529229
4.689589776822389, 133.7437697541316
58.117063057828645, 51.08881312120219
96.52638870113104, 136.3984833262747
45.09898560721177, 74.51928829020122
69.39946153555341, 163.5731428537281
51.79641671655778, 93.32502694762692
11.322634646048035, 108.16786245964332
65.94068395686017, 134.88392075829884
24.25989270040145, 142.0141149181942
45.70167193518072, 47.54293381694241
98.51179636270905, 114.94078180523941
42.92983691750898, 89.13455219430575
24.88442357552476, 62.71792682826409
12.668999144833816, 178.12413423959313
90.24200997048548, 65.74624784798726
55.277717609955666, 43.609817430309114
81.50936487487856, 108.54020735262742
71.31667848711479, 195.76715180704576
33.47191083315094, 12.691722580500976
18.167157460223336, 88.61390785683912
14.649843289839183, 153.33826523483228
15.570286188123461, 73.60709652173692
59.21470167783623, 144.7150320756569
54.0606425592655, 155.0007233849146
94.0364385533983, 102.15316796859946
77.61644910323604, 198.8209980751901
87.80729829405134, 172.42596737650226
53.66231099119801, 158.16614974126648
90.42744271931453, 27.87866858644037
181.31312389400705, 11.671308085787068
189.65481177752238, 198.05524372056732
156.6836706941518, 91.08726530957887
157.43507442207436, 71.8970377986862
171.05384384589905, 27.327812740271362
127.49925445642847, 169.4909445996361
108.83253096755007, 186.4423595071803
132.88841163497784, 159.6824835718565
175.82217374874776, 106.09250925571992
141.4286767078641, 185.92712181492223
156.34973835280272, 4.586416596555876
117.61832738402377, 3.7911885613529206
169.46069075078103, 96.58125563152822
195.03097318616764, 145.68696241099929
104.39617102743199, 118.05861146827235
111.16103527792812, 15.47363242473454
104.38593292960344, 141.40630122559043
112.42448269507956, 144.10146815036583
161.57651944980282, 61.255049101608016
177.7546456076858, 98.98026938497635
182.00121900468977, 116.22252473188553
170.40541623072323, 141.86530175094325
152.15118835155872, 57.96257392038802
197.9716612883598, 55.364877705480396
173.75214821692285, 194.79533827703486
181.12821777561223, 72.64737919973778
177.1497143177335, 34.27909155777904
132.2892893671236, 124.27842511490621
146.4555452634003, 183.44337195242932
196.24373378380153, 129.23116702306902
150.04637196308437, 128.67227862225172
152.7629669751397, 3.183092035708479
171.140892651976, 109.94351296125349
112.45087280989028, 45.166583425405314
168.98758649926745, 19.706226505850655
132.13325412071583, 87.82742358024144
122.37728641603991, 168.75342520329107
118.20333804021656, 52.15122963987602
184.28691796767188, 117.54180725493015
117.08198406465667, 74.1244609748599
119.31914344776929, 101.64824903889946
188.84832502295592, 103.42987736168692
120.67748708871207, 110.98689111087513
192.71549535773104, 138.05491780650556
151.7308717332738, 124.88038124622646
187.579901179339, 71.8786486848361
124.17754909161872, 12.440920069667193
151.9194115910587, 45.72828176467427
138.96344681836578, 45.717636525489056
175.02004466730182, 162.18856566092316
149.98638682865928, 82.57382941607393
184.1497496583757, 146.79792415823778
107.42477173000337, 80.38099962058584
192.02925375665686, 35.600591413314
184.40286004247537, 59.96575371650448
163.46236298440357, 36.98843712975082
194.2228152283349, 43.50735980445213
159.91455207257917, 119.84668809711323
122.42323508456508, 3.294319692728509
176.27823563858675, 198.29179016078444
116.2994262789125, 50.34950462412064
154.63863887262093, 58.90706841851547
118.57895880955616, 26.37049110060299
133.48142131458536, 140.53441129035733
169.21884159340917, 31.286953055292788
138.89441608714773, 186.41880272299332
155.2124287730433, 28.357684076091715
146.23340422095487, 188.14921875213702
145.53948852830501, 177.01133758335914
105.9753031125512, 22.370950724445905
197.37858244821552, 67.31982604024107
171.22370690059526, 173.4676669041233
192.00753282481085, 156.41223204866682
198.0161599753545, 155.6390991779614
105.20792389360307, 120.79945771398906
126.39130607358886, 47.90999402804741
158.8678298226286, 28.67884247778352
155.76831816749012, 152.94174977084384
150.92761890048024, 17.963878837669366
101.49075753691179, 84.93100777254794
