192
62.647797168760455, 163.3001344588414
82.0267079441085, 67.85285741990492
49.306850180112875, 183.0277432874705
3.0293339763053817, 70.49228859369006
88.4357222315159, 141.68648477263162
31.859928418431583, 66.05336981988566
88.15381348381176, 134.21791719981368
2.199771896991698, 83.44497370434192
83.14502595752272, 6.397441645745627
25.936086926716108, 147.56979426714597
80.21216851996418, 79.62277662528874
76.74384008155516, 173.0048862612604
29.652532693061083, 168.62611852007748
15.018312862362537, 84.44280491176663
83.26373733607852, 139.84677565479595
2.5563285149824644, 161.9790179850233
7.424664344169374, 159.77879514103927
65.82578172325476, 137.1122604102964
93.38395178930105, 148.68452858930567
16.582206861012494, 145.89711536964148
74.24596913451853, 193.13739436464684
60.764067033639556, 142.41930646574167
74.55051746061272, 156.28122570858477
87.76575183812727, 160.73625322753335
69.83135687239619, 2.5021740925008196
89.95709765960996, 9.651326081971456
31.480411336867352, 179.10567862647656
9.22860524278959, 132.7599744862211
57.3082169065483, 32.54144835066484
73.47349492064332, 184.40056252478956
65.42625374730761, 56.89750453002065
41.6876337164428, 182.15462658289482
3.783048376614373, 21.737652351459214
39.25127927857604, 169.48072202508274
37.24752890390776, 51.55682540174262
18.5197531687446, 7.378534657009594
75.82285171599958, 115.5680690588881
76.29762412274069, 161.39599644193086
45.697400771318165, 91.72402137284723
46.56119756668635, 54.718291520676374
43.296529497015435, 155.10990524669768
35.89012240611525, 137.1868211209922
5.322951325332448, 14.19067653368633
30.06869175581236, 164.5977382166466
77.67197571422822, 83.4944664520421
98.27539180181488, 127.28881124666165
40.58339539674128, 106.38243663423772
42.35424518112426, 106.9117934881191
59.636090800996236, 59.51224637344168
59.83337237990744, 126.91859026640799
21.880712135773305, 190.36301173089893
16.83992501986221, 193.14872215035626
72.32609496942223, 186.81550095347922
43.38329782230376, 147.7957402273731
5.236427137973987, 101.99160449565308
22.41206799626744, 77.45877722805703
4.135839887249448, 118.2209028051056
19.37498199758022, 152.7440650456253
51.08708054500153, 109.17053394154203
39.378727051279164, 194.11880908186038
57.658871585823356, 132.4492019368466
76.40635432469715, 32.365267492068185
41.94299631827545, 76.27351349968603
66.40347360316437, 5.637034875767677
98.50821155806273, 161.47924709526959
14.212816721416832, 148.70725979801716
71.35370407273945, 134.11348573405712
82.55525455970266, 143.1446134562494
13.770469108884608, 184.00940545207138
53.31470796908606, 1.465599702102427
42.216935175552685, 28.098735838497667
53.8697425981001, 125.81153991978809
84.88039607908368, 153.2259877310654
51.47800906543627, 164.1169320987085
85.27358302298025, 57.03727913273791
7.749685877809354, 180.45614670930104
5.339203593743025, 67.41831627743724
89.15924881649144, 96.57073393052616
35.333938317850524, 183.38650022083328
15.298329824012525, 137.94946698735728
87.41877647273536, 176.91216777270884
18.608385201395883, 113.91680610167072
28.941594042118368, 185.5564852929397
24.08505610014391, 5.12595090811272
52.69862577080799, 44.898939609866815
77.75904065790455, 41.508064292298165
94.04216819692157, 82.65815793546561
1.3292110718726824, 99.62246697304553
5.6789710009919725, 119.88248234799099
75.38416403869064, 134.14405221423752
51.67368067760214, 168.21597768612534
58.57353024415026, 196.79109537214418
79.31493833850502, 102.92802424996643
29.19230987713515, 87.72174191331486
3.2723451887481048, 65.44960320996177
10.257798902677118, 71.53805633469084
50.36115389280907, 186.98364678761524
57.598451848138524, 41.17455026247254
76.86837596867306, 2.1742730376656416
92.76834199992348, 170.77417833359056
74.25524614294417, 9.280797513854623
7.286084275799009, 62.76290635226096
33.128152146735665, 93.64786916808237
35.63943223146499, 110.76084186103728
18.48759199932872, 72.47961732656438
48.71326448473815, 52.07302517515329
22.38048305807765, 119.72002019639558
55.26723636415956, 52.62725005795807
89.13348149381387, 87.14777984917916
66.07767773082884, 78.33217058772566
93.57395659332744, 76.3730054712791
79.65165143866867, 44.76487986729123
137.35220283123954, 163.3001344588414
117.9732920558915, 67.85285741990492
150.69314981988714, 183.0277432874705
196.9706660236946, 70.49228859369006
111.5642777684841, 141.68648477263162
168.1400715815684, 66.05336981988566
111.84618651618824, 134.21791719981368
197.8002281030083, 83.44497370434192
116.85497404247728, 6.397441645745627
174.06391307328389, 147.56979426714597
119.78783148003582, 79.62277662528874
123.25615991844484, 173.0048862612604
170.3474673069389, 168.62611852007748
184.98168713763746, 84.44280491176663
116.73626266392148, 139.84677565479595
197.44367148501755, 161.9790179850233
192.57533565583063, 159.77879514103927
134.17421827674525, 137.1122604102964
106.61604821069895, 148.68452858930567
183.41779313898752, 145.89711536964148
125.75403086548147, 193.13739436464684
139.23593296636045, 142.41930646574167
125.44948253938728, 156.28122570858477
112.23424816187273, 160.73625322753335
130.16864312760381, 2.5021740925008196
110.04290234039004, 9.651326081971456
168.51958866313265, 179.10567862647656
190.7713947572104, 132.7599744862211
142.6917830934517, 32.54144835066484
126.52650507935668, 184.40056252478956
134.5737462526924, 56.89750453002065
158.3123662835572, 182.15462658289482
196.21695162338563, 21.737652351459214
160.74872072142395, 169.48072202508274
162.75247109609225, 51.55682540174262
181.48024683125539, 7.378534657009594
124.17714828400042, 115.5680690588881
123.70237587725931, 161.39599644193086
154.30259922868183, 91.72402137284723
153.43880243331364, 54.718291520676374
156.70347050298457, 155.10990524669768
164.10987759388473, 137.1868211209922
194.67704867466756, 14.19067653368633
169.93130824418765, 164.5977382166466
122.32802428577178, 83.4944664520421
101.72460819818512, 127.28881124666165
159.41660460325872, 106.38243663423772
157.64575481887573, 106.9117934881191
140.36390919900376, 59.51224637344168
140.16662762009256, 126.91859026640799
178.1192878642267, 190.36301173089893
183.16007498013778, 193.14872215035626
127.67390503057777, 186.81550095347922
156.61670217769625, 147.7957402273731
194.76357286202602, 101.99160449565308
177.58793200373256, 77.45877722805703
195.86416011275054, 118.2209028051056
180.62501800241978, 152.7440650456253
148.91291945499847, 109.17053394154203
160.62127294872084, 194.11880908186038
142.34112841417664, 132.4492019368466
123.59364567530285, 32.365267492068185
158.05700368172455, 76.27351349968603
133.59652639683563, 5.637034875767677
101.49178844193727, 161.47924709526959
185.78718327858317, 148.70725979801716
128.64629592726055, 134.11348573405712
117.44474544029734, 143.1446134562494
186.2295308911154, 184.00940545207138
146.68529203091396, 1.465599702102427
157.7830648244473, 28.098735838497667
146.13025740189988, 125.81153991978809
115.11960392091632, 153.2259877310654
148.52199093456375, 164.1169320987085
114.72641697701975, 57.03727913273791
192.25031412219064, 180.45614670930104
194.66079640625696, 67.41831627743724
110.84075118350856, 96.57073393052616
164.66606168214946, 183.38650022083328
184.7016701759875, 137.94946698735728
