144
74.17471590350311, 152.28333331340812
17.01842124482488, 62.80553856777902
23.62986670295424, 150.1796933297621
61.33369121147227, 183.28024842565577
54.24942809060733, 10.81769120209286
1.3428051252145745, 137.391711147781
65.80464719237891, 78.02342171708815
69.29225822821068, 37.670157139047376
27.261116609918513, 146.98203089960194
53.637152926485655, 196.6278486061045
94.34461475489054, 58.306127020278176
17.425926647760235, 114.14613074902317
12.379003895809293, 41.33533522048802
55.22738340172193, 154.52402133192163
64.46753704566422, 67.80841404909286
93.68116441505313, 69.99300687172453
40.53080858496313, 33.74607302146724
96.8553999870309, 43.811756750609554
19.87928488735734, 155.41729245349688
39.98144693079397, 45.85088020303609
17.993533200988722, 157.64512216122236
72.32524407236666, 26.961114195814528
52.92687723960391, 31.943120701514616
10.78201559402724, 143.3154012253526
27.307155248432714, 97.1931726790864
93.45874392268043, 131.11838605705202
61.795123198114, 99.18998292010286
21.7220349508228, 184.85955678826693
5.646256539930294, 139.23160163110643
71.0989336817322, 65.10769440478845
27.12143489323281, 50.64763070514662
59.899673214021256, 163.84102910719298
83.43602821183619, 71.96983440679125
48.21544707273963, 70.02854581896835
46.305668811594835, 37.37719759377774
0.7358920902266974, 61.93986921759767
58.572274518532886, 68.20979718093669
58.07198559005617, 162.88941323735304
79.2646234630206, 93.87747432177605
33.30643442142686, 78.30398793766913
39.71492745990004, 78.82962908585911
73.47676704112703, 178.4630309380065
67.43549522777538, 135.17141561352045
39.05658818371053, 106.02345338243524
20.830149155398924, 37.21391096943725
73.97878722201003, 118.61121473245095
13.433346491086839, 129.80097040836816
99.96941771063463, 55.95718544678581
33.68101789150661, 193.75321259230398
34.43862596379594, 51.56291098129007
36.54701136110262, 50.140667651070856
50.56338205973756, 17.44588377100291
33.77951775537117, 81.27422257218457
55.62405940662305, 178.83281923907862
1.4871841607178138, 185.047776898863
64.79617177041646, 64.10683359502205
77.08919306418571, 47.410809734508
37.352975698003185, 134.50962707118325
40.47137285185467, 181.43309580553438
89.5817739186588, 146.02997759390718
22.36166073392577, 190.9697180340099
44.52455220873305, 141.18417148391677
8.79280676577574, 100.01742460397568
25.731757692636016, 62.813135046978694
125.82528409649689, 152.28333331340812
156.63592486585722, 86.92076623047289
182.98157875517512, 62.80553856777902
176.37013329704575, 150.1796933297621
138.66630878852772, 183.28024842565577
145.75057190939268, 10.81769120209286
198.65719487478543, 137.391711147781
134.19535280762108, 78.02342171708815
130.7077417717893, 37.670157139047376
172.7388833900815, 146.98203089960194
134.53508580614073, 187.79693465576045
146.36284707351433, 196.6278486061045
105.65538524510946, 58.306127020278176
182.57407335223976, 114.14613074902317
187.6209961041907, 41.33533522048802
104.53118229215008, 75.08014012233184
151.92716098194398, 80.387274719004
144.77261659827806, 154.52402133192163
135.53246295433578, 67.80841404909286
160.13862839716768, 75.39588654605396
106.31883558494687, 69.99300687172453
159.46919141503687, 33.74607302146724
103.1446000129691, 43.811756750609554
180.12071511264267, 155.41729245349688
160.01855306920604, 45.85088020303609
182.00646679901126, 157.64512216122236
127.67475592763334, 26.961114195814528
147.07312276039607, 31.943120701514616
189.21798440597277, 143.3154012253526
172.6928447515673, 97.1931726790864
151.31296289913848, 157.20553475555795
106.54125607731957, 131.11838605705202
138.204876801886, 99.18998292010286
178.2779650491772, 184.85955678826693
194.3537434600697, 139.23160163110643
128.9010663182678, 65.10769440478845
172.87856510676718, 50.64763070514662
140.10032678597875, 163.84102910719298
116.56397178816381, 71.96983440679125
151.78455292726036, 70.02854581896835
153.69433118840516, 37.37719759377774
166.6650862083988, 75.14374446257261
199.26410790977332, 61.93986921759767
141.42772548146712, 68.20979718093669
141.92801440994384, 162.88941323735304
120.7353765369794, 93.87747432177605
166.69356557857316, 78.30398793766913
136.40020876107414, 95.29856185089191
116.94891529186688, 199.2207280865588
110.67641176863144, 53.33518736785621
160.28507254009997, 78.82962908585911
126.52323295887297, 178.4630309380065
132.5645047722246, 135.17141561352045
124.4983613342733, 184.01621114088823
160.94341181628948, 106.02345338243524
179.1698508446011, 37.21391096943725
126.02121277798997, 118.61121473245095
186.56665350891316, 129.80097040836816
100.03058228936537, 55.95718544678581
166.3189821084934, 193.75321259230398
165.56137403620406, 51.56291098129007
163.45298863889738, 50.140667651070856
159.46265393357578, 19.149803173356684
149.43661794026244, 17.44588377100291
166.22048224462884, 81.27422257218457
144.37594059337695, 178.83281923907862
166.99885253250056, 12.175119561018777
198.51281583928218, 185.047776898863
148.39917903133562, 160.54208176936245
135.20382822958354, 64.10683359502205
122.91080693581429, 47.410809734508
162.64702430199682, 134.50962707118325
159.52862714814535, 181.43309580553438
113.49250650830133, 129.76250183795085
110.4182260813412, 146.02997759390718
177.63833926607424, 190.9697180340099
155.47544779126696, 141.18417148391677
191.20719323422426, 100.01742460397568
174.26824230736398, 62.813135046978694
184.56085808740227, 6.759909099316341
