192
64.25447328804245, 85.20415240319801
6.3852025598205735, 113.29409069192864
81.22210280739826, 193.73659661608878
96.82259977224797, 54.00935259082724
5.418324913249791, 33.86209795875859
43.68650700689991, 23.661176326968516
8.351061945443128, 59.64427087994727
2.2226775810880213, 122.48529601570152
61.05495262593626, 88.5790832016799
4.593919857531192, 99.98848517142878
67.33323358527436, 180.92735280866634
70.99713165096496, 122.25789282010626
29.825252211996766, 195.5415682813298
15.56642464602438, 14.31649250792557
92.08583690225177, 183.42354637953437
20.38074666224867, 4.903236556718255
20.888594542403304, 103.5474410297336
78.77359963654874, 45.52905553961657
95.81955749434982, 24.913691479350334
9.496310147110709, 1.461633454180311
59.11406337598566, 155.66807286568582
65.03318012880372, 157.14220498403682
18.547062899161897, 159.83233908326054
40.33904529258883, 199.593836178137
78.02777673079686, 57.14126719923336
98.0634654059522, 87.44513453911469
20.807174417573847, 175.3310297099497
84.02053849566282, 66.72467785907135
99.7839515000829, 106.0373823833727
58.85380856574645, 22.41509294199522
69.94200788293863, 107.33433996087551
48.04544261271419, 130.7331031427501
70.8789801104793, 77.3081173625342
82.79051493494116, 171.25141385148297
72.8763027009679, 59.038952951409996
42.80435670130817, 110.12836728512934
32.20208141745643, 34.7283265243854
16.20552090158578, 98.49673230187841
31.09070452955788, 2.7113587161570507
97.6410964862507, 117.97481946827892
50.60444029268702, 7.862702727777404
20.00507477862478, 146.49722198910425
31.844893310696257, 190.82445650061857
12.260507129703491, 34.25745384042705
40.43718579835733, 96.11856691678916
10.9226095730926, 32.73403320180825
85.48732273110504, 71.08240129713947
44.594469587253435, 197.94460733033398
4.396893420713132, 91.91473523499405
53.45646832145373, 112.69399572789749
44.28710722758112, 145.13456433903605
76.18549356172181, 152.25701231738117
34.94577930384229, 67.3571075854276
26.454945062878515, 87.36710194368126
87.3302102328966, 149.96620336173956
29.479309310716715, 42.61009391255526
16.1981041199614, 164.42741213100857
54.745111077899104, 176.17930788312606
26.757105944078884, 61.51461561488445
97.78440787749949, 160.7761337552931
43.37309000014328, 105.73206994095105
44.125409274390805, 118.88442428538666
33.47674745433979, 54.68589171825362
38.21403357421317, 100.37050974727504
34.32741233863813, 95.88453177563021
25.417299249291734, 120.28928491204019
11.323504040933585, 187.44882632884085
81.97169434686472, 184.97312008930115
18.989646659281888, 82.5497169964526
74.94524580682665, 73.78769683856557
44.53481566231376, 15.38563118018208
36.68756112750505, 54.87671104327292
46.99659243508349, 51.34717743651049
51.80172788406768, 45.120878853482324
16.206576133669536, 135.36588779281146
32.606876565795254, 37.615521526925
85.07915661477654, 1.531883094928169
86.46864418127629, 144.77734838452093
71.5287313045319, 170.15461354603713
76.90971397121656, 62.08083490833949
89.68403322402209, 21.4091261367956
51.68093969304858, 91.21111509816511
32.26210115609282, 76.06229192834586
32.95268279903917, 101.30118320115913
33.04917852126545, 136.33161189561443
74.96167734567918, 38.688943763581385
94.15751243828284, 88.2259328295384
5.698547480913884, 47.81801427087628
57.324430865797105, 100.74198595438592
99.88389350407077, 77.13896996733692
68.10598768985648, 115.99344510580303
41.11856093481154, 28.54600508977483
14.265196710738426, 157.5410266292695
42.2401090523149, 113.52720495230366
44.865147835524645, 46.102313284757024
93.00818437092097, 11.106839259732503
63.883621673131216, 49.70509593992176
95.15130349945635, 13.29267113581909
85.10572565496702, 128.74189625566
64.45985858300543, 104.21705464156632
46.17006973500584, 139.34042179740052
56.43469644325424, 50.55922555927332
66.36065140794247, 175.61316867873643
71.3478754402575, 177.27867670543478
65.51724746587834, 58.998194521072335
81.65991987576929, 134.8891813163646
87.36165561972395, 160.7379018344092
65.379045815849, 167.87273014049043
30.49475281764825, 193.50031480004563
92.314309986578, 97.12207353416615
47.52774004625642, 116.72703221748935
84.49145293086578, 54.875643916784036
135.74552671195755, 85.20415240319801
184.52849891478544, 179.95737961019543
118.77789719260174, 193.73659661608878
103.17740022775203, 54.00935259082724
128.08864637731727, 63.4008985904325
156.31349299310008, 23.661176326968516
150.08985517357195, 54.00581762707368
170.062961040182, 128.4168254838466
192.57087831869967, 15.07979179301615
195.4060801424688, 99.98848517142878
124.06569025834472, 169.0951920504636
118.8581481901618, 164.23021882746028
170.17474778800323, 195.5415682813298
184.4335753539756, 14.31649250792557
169.7948299314844, 136.34384606747105
110.87856465860729, 40.716693208198194
179.1114054575967, 103.5474410297336
121.22640036345126, 45.52905553961657
127.81127505630346, 78.7870949110827
190.5036898528893, 1.461633454180311
140.88593662401433, 155.66807286568582
134.96681987119626, 157.14220498403682
179.4997167589599, 127.22695441480336
159.66095470741118, 199.593836178137
121.83382429893547, 40.031985739590105
101.9365345940478, 87.44513453911469
179.19282558242617, 175.3310297099497
115.97946150433718, 66.72467785907135
100.2160484999171, 106.0373823833727
141.14619143425355, 22.41509294199522
130.05799211706136, 107.33433996087551
186.12538535383777, 187.9714748508521
129.1210198895207, 77.3081173625342
117.20948506505884, 171.25141385148297
194.71921930918072, 48.817232780486194
149.16038072461092, 38.95019080584468
167.79791858254356, 34.7283265243854
183.79447909841423, 98.49673230187841
189.4280705923345, 45.20494672890712
102.3589035137493, 117.97481946827892
149.39555970731297, 7.862702727777404
160.91878621943098, 128.53424547793037
129.57781492057535, 191.88108273951292
187.73949287029652, 34.25745384042705
110.97819124240198, 48.46770547202597
189.0773904269074, 32.73403320180825
114.51267726889496, 71.08240129713947
155.40553041274657, 197.94460733033398
195.60310657928687, 91.91473523499405
158.69030211451448, 77.71572058558954
172.2371037639117, 167.54985607410492
175.29984845575677, 174.22263353476842
115.67171038934545, 120.34631218669642
197.28915283156306, 148.19043564639338
112.6697897671034, 149.96620336173956
170.5206906892833, 42.61009391255526
183.80189588003861, 164.42741213100857
173.76803237985484, 101.55197462052192
173.2428940559211, 61.51461561488445
102.21559212250051, 160.7761337552931
156.6269099998567, 105.73206994095105
155.8745907256092, 118.88442428538666
112.7376294738363, 14.345210801084441
161.78596642578682, 100.37050974727504
165.67258766136186, 95.88453177563021
180.8056254933388, 49.21706559665824
188.67649595906641, 187.44882632884085
118.02830565313528, 184.97312008930115
157.98596729199633, 90.02073864964468
125.05475419317335, 73.78769683856557
155.46518433768625, 15.38563118018208
143.62081336481165, 36.766530506370955
153.0034075649165, 51.34717743651049
148.19827211593233, 45.120878853482324
183.79342386633047, 135.36588779281146
167.39312343420474, 37.615521526925
122.5930000366398, 23.779430269265923
151.32239786101704, 114.94250364175716
132.02497315525196, 93.84528811680279
123.09028602878344, 62.08083490833949
