240
79.74917756922652, 185.44378669428463
59.16055614630357, 80.88341968791413
62.54689684682919, 14.480765264638617
5.596326609739622, 118.90354476936318
74.92890210442195, 43.61795493797449
41.79818658592779, 46.76616551941326
29.10529031680962, 83.48772164093393
44.291539004996, 1.1552492948429194
66.54954935962488, 171.3932407434398
81.95661620424332, 80.19529038552935
87.44073969116273, 151.8333820125626
10.315105010307157, 150.66304272784507
21.295447242731925, 183.38660738396348
43.99603566699628, 66.35808248447086
4.159225007048106, 126.43595331836315
0.5642022518381196, 169.6977225623665
31.272806104305285, 156.0516639304175
84.73218286258697, 2.5084522133440146
30.79378180177139, 189.3188422210007
5.855496655063619, 111.7433318842564
71.28250705496161, 82.40269717203259
66.83818128298826, 106.45665127607995
38.01907825923821, 180.9462392329118
76.57334293114309, 22.810268588880046
58.44100488008497, 64.37348765560753
58.574171044420375, 123.27518788533094
87.5060348940144, 134.83737310224402
95.88530355298319, 100.50109828610306
75.91134112313729, 0.7626602741747313
6.29253743982664, 81.14681804217894
27.038040049694857, 0.5996211851217126
3.6915105836960227, 176.0241031602487
65.46361094123623, 30.00537971774102
51.9854519996028, 171.8023298914067
31.95002062753679, 6.323829914111312
45.42702843956105, 123.76785504483937
45.91146101837952, 99.32688607077978
37.07716755634696, 11.048761799270302
98.4413430460976, 126.8709327464368
50.255508140449315, 8.082049092207356
83.87014028584252, 87.34033632227987
90.801811327502, 11.947812035710426
52.03928577191086, 25.095732943228334
8.756636654063165, 93.57633536428015
42.67105082282756, 107.1432343796516
69.580096262711, 164.60149978213244
41.022731500147835, 96.9815854923842
47.723132130158, 79.65843003066111
69.03227165581993, 61.189896593746695
55.293286341902245, 182.02433241909782
9.220162084482054, 10.560950963017014
96.1411321172238, 124.10670093696561
78.25384527559532, 52.47281332793652
26.024335654047825, 27.136241013437544
60.41865274599066, 125.06277007264126
70.89215193052492, 118.63508787405202
43.625603359815315, 187.46079491173327
34.09960255603654, 70.76374364761409
5.735701926703141, 161.8745001087818
18.949920030194335, 107.84484817194051
79.30291293888095, 153.09767457246176
42.941217888074505, 156.27176388157494
87.19466228138003, 98.32230792553732
26.983271217006898, 82.99011522638331
17.58482529290427, 143.2162165516305
96.94093879348287, 188.49241528263067
67.71165131756302, 112.08540578777233
69.9163926816725, 166.81708115164597
58.77007495168939, 99.37590445088098
31.50298738135944, 64.39303968418693
96.41238730597127, 160.2957441129776
5.634997392001884, 58.96363316143791
61.747486440207375, 31.469017905515372
42.20119874398031, 137.0972323890536
56.38294021264786, 3.829064943385596
31.95045698728861, 111.3378158190289
53.3917960367556, 191.85184973794395
16.591906998405868, 40.32221018485236
26.055437186717167, 34.48556428919245
91.52406627991896, 65.11639456250431
9.698603607382704, 100.65626075754159
36.40045084114569, 155.24551602993247
50.60650070352462, 44.253794658812986
85.93268990217562, 176.8646644254708
40.1692930482107, 125.78327354116267
82.27478908904315, 146.23372264534456
22.455036619499424, 151.52056403882278
38.81293592058414, 146.06581865109473
38.279822135083506, 65.2911381505347
5.844645035792939, 103.73131143231696
77.43090211237383, 116.882097646413
88.88710240983224, 155.80028976936194
4.2726059845182185, 111.39306059615105
13.67309930396161, 170.71570754344197
86.84042360102494, 163.4981584775853
5.952215158931673, 177.74711290271102
39.024804586294614, 186.3779952146795
15.42702075681004, 37.25000640286984
65.47484000484802, 11.779213624200091
64.51368379758003, 5.512386997998298
46.979274177525255, 139.353791698825
64.67109395720051, 20.276945431431727
38.01683924034646, 150.9300205233631
82.50844667503146, 14.05449216441359
75.6076356946213, 95.83780687656824
76.58974791225066, 107.5080558917505
21.584959675407976, 135.37520530985446
96.71432289881685, 11.453378827812122
8.867379765478434, 53.233793043968156
87.47530863200939, 47.555813817913986
90.12227916440403, 159.00883679028126
4.453609791578117, 28.824212450452592
36.47488380257371, 18.731348760088128
0.4868153789933882, 3.9111453893771575
82.86603330216576, 131.12587565912767
28.65490711520784, 59.36254260455207
44.26138220924548, 90.95536696733014
93.21230492402005, 158.89142408270828
77.91213947107455, 1.7694011493774697
23.47398403953128, 50.92379542544625
44.45284307261891, 153.68704657042844
61.02650304564371, 198.29459375954056
57.643038564275514, 199.98975258378962
13.50064908973837, 87.65195936129237
12.553558752382921, 137.05050692386175
82.26232177081853, 142.39797898333936
60.63251464602383, 93.82466889744094
51.11542808819802, 28.96846286612076
47.589889054694936, 65.03492233702804
81.699932327912, 112.02992581661564
28.06876281856533, 72.89015644233041
76.82749863098647, 114.55518612251674
93.8567772305052, 105.92416831490851
78.74996468858298, 160.75446855889055
23.503478318960603, 93.09592720241038
50.320439433421505, 3.9702620913584896
94.2980429838886, 135.8194878970194
84.39377079709652, 172.12766778400353
62.27088402599723, 196.71750847951267
31.979265839365333, 133.5419713820027
95.74164540292331, 177.21901468619677
43.39479959706626, 143.8063909931784
26.96865027456039, 167.61123381853153
93.56376699444601, 43.21240165335081
58.157973129623116, 94.14172340954916
14.670048216827624, 184.11408010708777
55.41282790501689, 116.0218614547315
98.3977399636747, 135.99091776010476
63.19089806015955, 115.11815318311082
28.37237420241465, 81.26312948885221
11.394346691375068, 106.19888976579219
88.69800411879808, 171.57736154371557
30.540911018358287, 91.01177742731868
45.93029875615964, 22.89126883106114
48.99814918968152, 193.29014695432653
21.932477658225913, 195.9454794747039
68.92783022982438, 17.653719328045693
82.11005187348105, 16.412107999339277
41.78286679818655, 108.8590855089549
1.9047900175961918, 53.54810881507894
120.25082243077348, 185.44378669428463
140.83944385369642, 80.88341968791413
137.45310315317082, 14.480765264638617
194.40367339026037, 118.90354476936318
125.07109789557805, 43.61795493797449
158.2018134140722, 46.76616551941326
170.89470968319037, 83.48772164093393
155.708460995004, 1.1552492948429194
133.45045064037512, 171.3932407434398
118.04338379575668, 80.19529038552935
112.55926030883727, 151.8333820125626
189.68489498969285, 150.66304272784507
178.70455275726806, 183.38660738396348
156.00396433300372, 66.35808248447086
195.8407749929519, 126.43595331836315
199.4357977481619, 169.6977225623665
168.7271938956947, 156.0516639304175
115.26781713741303, 2.5084522133440146
169.2062181982286, 189.3188422210007
194.14450334493637, 111.7433318842564
128.71749294503837, 82.40269717203259
133.16181871701173, 106.45665127607995
161.9809217407618, 180.9462392329118
123.42665706885691, 22.810268588880046
141.55899511991504, 64.37348765560753
141.42582895557962, 123.27518788533094
112.4939651059856, 134.83737310224402
104.11469644701681, 100.50109828610306
124.08865887686271, 0.7626602741747313
193.70746256017335, 81.14681804217894
172.96195995030513, 0.5996211851217126
196.30848941630398, 176.0241031602487
134.53638905876377, 30.00537971774102
148.0145480003972, 171.8023298914067
168.0499793724632, 6.323829914111312
154.57297156043896, 123.76785504483937
154.08853898162047, 99.32688607077978
162.92283244365305, 11.048761799270302
101.5586569539024, 126.8709327464368
149.7444918595507, 8.082049092207356
116.12985971415748, 87.34033632227987
109.198188672498, 11.947812035710426
147.96071422808913, 25.095732943228334
191.24336334593684, 93.57633536428015
157.32894917717243, 107.1432343796516
130.41990373728902, 164.60149978213244
158.97726849985216, 96.9815854923842
152.276867869842, 79.65843003066111
130.96772834418007, 61.189896593746695
144.70671365809775, 182.02433241909782
190.77983791551796, 10.560950963017014
103.8588678827762, 124.10670093696561
121.74615472440468, 52.47281332793652
173.97566434595217, 27.136241013437544
139.58134725400933, 125.06277007264126
129.1078480694751, 118.63508787405202
156.37439664018467, 187.46079491173327
165.90039744396347, 70.76374364761409
194.26429807329686, 161.8745001087818
181.05007996980567, 107.84484817194051
120.69708706111905, 153.09767457246176
157.0587821119255, 156.27176388157494
112.80533771861997, 98.32230792553732
173.0167287829931, 82.99011522638331
182.41517470709573, 143.2162165516305
103.05906120651713, 188.49241528263067
132.28834868243698, 112.08540578777233
130.0836073183275, 166.81708115164597
141.2299250483106, 99.37590445088098
168.49701261864055, 64.39303968418693
103.58761269402873, 160.2957441129776
194.36500260799812, 58.96363316143791
138.25251355979262, 31.469017905515372
157.7988012560197, 137.0972323890536
143.61705978735213, 3.829064943385596
168.04954301271138, 111.3378158190289
146.6082039632444, 191.85184973794395
183.40809300159412, 40.32221018485236
173.94456281328283, 34.48556428919245
108.47593372008104, 65.11639456250431
