208
10.922616117700166, 65.11180299637574
42.165060050753674, 153.75034422374858
82.87321768026517, 57.52635681803036
24.43654363555177, 120.94065264813773
86.43519129445605, 76.18833170601309
73.42911881373419, 20.84903594528935
25.28803928947881, 92.97281090135289
74.78208957702819, 101.47496270834512
21.747039484091268, 84.52137648289934
81.01953370993927, 12.130353540006467
8.929025596991366, 38.015257446597786
2.6230863950408745, 140.3839099720547
58.638410630513576, 8.087811528769972
85.93604671014165, 83.78481932460475
14.611159198071306, 103.7490724685838
77.88077581735851, 181.56423128922972
36.01535191551694, 88.05784442256913
85.15304530498885, 150.46599806998907
66.52874990603246, 59.06311358953056
54.072788874432966, 69.67458681531433
79.00836991630617, 56.91226379142906
11.403222650227141, 136.1149602244704
72.97166134279799, 109.72958771017063
60.65271435685971, 92.3915994476823
58.47826630175307, 27.776853652608096
20.338304813812364, 91.61701142277181
16.805842684296714, 167.4276721753085
15.564021438608988, 118.387722499506
81.52495881051645, 178.18158524348922
42.28576843826596, 30.730644051403857
22.33866339554735, 73.84512410862513
62.05963679620518, 28.37240007664885
3.0854210961933433, 70.22912771292482
81.24001770711916, 17.136779819760008
65.77401016238382, 195.21425371737158
82.8245693044541, 123.59853858551735
10.113126659864113, 28.67831796102296
34.09227992565316, 61.15528432348025
12.824464715031574, 128.6739172617904
50.063593366506026, 21.684250320327244
91.78625812863174, 129.69408707631217
7.304963511185946, 67.4712463542435
9.103494190808059, 53.420174287408706
21.274580129749836, 129.14159721462124
16.959905291820554, 126.04811202027146
79.79696666284255, 13.610118543668733
60.85685925703316, 158.28773089263518
47.206870165568844, 93.21890323558023
65.49052087917076, 198.88283023351644
48.58063147558686, 126.34923758946181
57.511414803491256, 62.59027900377245
9.072018174757936, 167.23462330124454
27.281871460450283, 177.9734111134687
49.614903693991906, 13.691917799174824
66.49114711563806, 33.063391385728394
51.87493531613232, 112.08068073777257
63.83174105554682, 35.87522538410619
93.87891515670111, 86.62403986230171
72.85172804925699, 196.36262435947185
12.303165543158947, 105.49440263807665
22.36956366036098, 126.42690092210941
10.883997108119019, 93.55153901049161
58.542458779430596, 50.45369073660921
99.89512628404727, 110.81438109763792
16.603251266676793, 71.22858923017502
31.137239983442754, 68.03040955018393
66.6052864984747, 89.9849499779179
95.72546849139765, 187.68047921061194
38.935497080957845, 149.13308340173285
70.48872645716816, 194.1574646236369
54.004931924111446, 148.07451578293959
6.766622561140245, 37.91985565977796
39.21208537822987, 1.7993714988698102
50.25787425237456, 172.73330267757257
24.274347819305298, 39.27203911104249
90.30576447698095, 165.6034528038178
28.345795523901092, 146.06271246906078
37.684011163112274, 115.32094610169204
54.272041051536014, 84.49345618871848
41.09168490368521, 103.81341454690937
85.97414619732886, 99.39265482868251
72.747752767034, 0.33621880860925657
42.91785062332377, 16.529982432130772
39.52745791972754, 26.32579242187314
42.95724182918978, 64.78380870879741
81.58841036939222, 193.80591681272625
6.864425932913809, 131.89660540533527
91.19607195816974, 176.3967546360686
32.146269316984664, 36.12248835144667
95.33064253544127, 159.56262183802227
56.872344255265126, 50.555374700932475
96.83661150699825, 83.56193358346124
34.70896110783418, 103.32901982558442
5.207120664926668, 172.30623194593923
83.81679356423743, 120.71030911250291
64.54365407615101, 193.38806437244494
7.77404746849718, 112.95291461926841
19.461269294551762, 198.38343753958006
54.51440281471399, 165.37968605387238
16.516930820875576, 137.32288349354232
16.6908400347081, 101.26606387164007
62.50783102042009, 81.53564984500828
52.08231050882324, 159.86021513769154
53.66491037092362, 185.79612899998585
44.79770716502255, 175.14541317820607
6.572285320860205, 115.3200620093146
96.6645137887786, 104.16970973917947
45.89540797396295, 163.48751632819474
94.48690023249429, 9.81960229629031
70.415588130469, 49.36084961846407
45.41400587369802, 15.240299347390529
47.38284429922193, 87.32713830836339
83.9425841780184, 91.06063174467567
54.17879246887628, 174.62025643452628
72.02589738563954, 88.57507470621088
46.11034048938134, 145.46959189478508
71.56076416958427, 142.33297402425777
56.485216309815996, 142.46284155559692
31.91277369414045, 180.86427531587762
53.87050916487017, 115.42486207175122
86.12690620928437, 104.33481790281216
12.975978142968113, 119.38502720889248
86.45910531018563, 141.94953223771392
19.178781386343235, 61.59207255469323
89.5529297894802, 176.80644249687842
94.86044205193419, 37.62376798128546
42.9814077145353, 9.150786354596452
21.72481286804311, 172.51373073525625
165.5752447255249, 134.0939692057859
128.93893388510486, 191.96993559784693
117.12678231973483, 57.52635681803036
145.28140395865668, 145.01973072974627
154.33401556063274, 103.50912191930466
126.57088118626581, 20.84903594528935
151.53522740925314, 168.3041266111477
118.31996507610046, 65.37569092568845
178.25296051590874, 84.52137648289934
118.98046629006073, 12.130353540006467
161.24480348093806, 98.77773395959004
197.37691360495913, 140.3839099720547
172.04358328246218, 3.7355025082246085
114.06395328985835, 83.78481932460475
114.20172842573929, 26.547566818527812
122.11922418264149, 181.56423128922972
123.4761666775151, 65.34393623559589
114.84695469501115, 150.46599806998907
199.92688717942832, 68.05926347225713
148.16408558963198, 42.60925083746683
120.99163008369383, 56.91226379142906
188.59677734977285, 136.1149602244704
194.13245657163023, 170.48825150166834
146.8729642956197, 74.99959562818455
168.66093343446445, 94.6702053816709
145.1243735485876, 14.521232517169103
183.19415731570328, 167.4276721753085
184.435978561391, 118.387722499506
118.47504118948355, 178.18158524348922
179.35766993430724, 97.24437749888068
154.72282814598736, 54.74924453611181
137.94036320379482, 28.37240007664885
182.35869336006652, 25.57764988857536
118.75998229288084, 17.136779819760008
134.22598983761617, 195.21425371737158
109.3312592008739, 84.81865911855748
189.88687334013588, 28.67831796102296
165.90772007434686, 61.15528432348025
138.7714869219523, 75.28336724132261
102.02226253722056, 38.09382803555845
108.21374187136826, 129.69408707631217
115.40942276639841, 37.84111545481223
190.89650580919195, 53.420174287408706
129.87635460274342, 63.54705061442605
165.05203014144843, 90.44215586594314
132.07182460993377, 38.473964921036426
139.14314074296684, 158.28773089263518
145.5316173873601, 156.56880675904782
102.09077645703067, 121.60399227437495
148.0861489564349, 189.67721689122664
142.48858519650875, 62.59027900377245
135.54602419701635, 143.0463374947307
187.6406678329888, 182.99930232645335
150.3850963060081, 13.691917799174824
148.68836954802353, 8.181376620225489
109.50163417054172, 126.00107297139354
137.02144661073143, 108.56944525723546
131.58020195689923, 25.27775291618266
142.81749599113292, 176.1405995409001
137.32934956897884, 99.97398517039187
107.33344385623374, 191.08214569392823
138.97210841701738, 67.2445831046819
141.4575412205694, 50.45369073660921
100.10487371595273, 110.81438109763792
134.05112524561434, 61.97253906306197
168.86276001655725, 68.03040955018393
153.83543045478436, 70.41682575650245
104.27453150860235, 187.68047921061194
161.06450291904216, 149.13308340173285
137.77448761481975, 199.49263455519502
145.99506807588855, 148.07451578293959
193.23337743885975, 37.91985565977796
100.1855965113155, 2.6392784060403685
143.55658881502688, 199.2279952195997
175.7256521806947, 39.27203911104249
125.88916327607905, 157.2342602802234
192.83240707329216, 199.80690027118789
107.2797657249767, 184.48233249171327
145.727958948464, 84.49345618871848
198.65546623320893, 131.29040608348802
