160
21.260733358820826, 66.73373813646808
50.48051320162506, 37.450391756541926
5.034042446118415, 119.55397552682207
45.03769379955773, 184.75180082862414
48.17822009510515, 150.2340038187252
53.26405381280894, 114.5037472292698
15.004440003710162, 67.09647040177302
85.49970189623807, 101.51789809292687
0.6830202810582406, 26.62351382960049
76.87333477078569, 5.182053344265181
99.37313095164976, 77.89291858898557
81.09970794458538, 72.55938994922444
36.20170207346702, 184.23427988469257
38.58929113628078, 74.53185845969423
82.7471151077049, 91.42533609182597
57.00853372128572, 112.9114038064073
69.42071249339143, 138.7152527884004
24.581315464339937, 27.65964194039734
25.22188512260088, 35.402564922400984
55.86728502933019, 52.425565637055335
37.96594094318655, 127.89237431084615
28.642117622509744, 31.3833605204904
86.74358774105991, 121.38930103998548
57.21351715725628, 65.54843421779641
34.941182928421455, 49.69327735389007
87.31570153383342, 95.0393883496927
44.4709382403518, 163.00135991508276
34.55460832881931, 23.64519302180326
98.41469724816608, 86.43788581010523
40.01591181118828, 38.89319642121475
14.89014944247884, 165.1740385855391
85.93814400251799, 198.4615946984923
20.535447267269205, 14.371073572570467
44.52346893000446, 104.26343725602673
44.901513577371674, 89.81203993182778
4.265732844779824, 78.93996024320029
30.40688220644614, 59.49547823571051
74.00284894586136, 42.111634798561795
29.531495951295927, 122.44608078928508
20.11004554365529, 112.59996995302063
43.941165714112856, 19.22931177572019
18.518491977712436, 111.34114304058238
72.62968584282696, 76.8770631066611
43.88455442945397, 123.60815775986944
48.63675931702861, 52.820652346678365
12.793737900226212, 112.5021356266244
38.003014660150676, 35.59059209036292
15.079135970560797, 42.823836851319406
23.04637867808954, 196.54351810589955
57.56446903782586, 7.929110535510375
9.935047018730558, 45.30425357079706
50.826082306257604, 147.05099104284236
3.374916873412186, 66.89894061150216
97.46750215743921, 49.53255933975977
67.23110947387349, 96.60898930800326
37.447773650532454, 138.21285885666686
18.232801258405672, 160.14586219735858
14.710871024487526, 100.2241576084093
2.644814798600777, 43.43518105909581
86.65041113386933, 164.19791129999481
69.15810579129797, 67.47439305906123
90.70120834778564, 173.42651469546874
23.97783537728452, 25.492381776557593
88.70320929962517, 177.429698162718
68.2239188983225, 2.718370584763208
37.29901467881315, 68.3211194842566
50.82695131334638, 105.54143982142618
9.014925013554638, 184.54735853405526
28.26175157714097, 130.7734122727583
3.1654470238526358, 182.05382212322195
20.883671029566926, 90.34877832341488
27.41734337194911, 50.5218523406081
64.76206755809291, 78.97342496979974
75.917821272734, 124.06228904080167
77.21283833090492, 20.197814132471038
62.4942829087941, 72.64766675081727
68.37744198403857, 82.74615992636933
66.21253278342651, 128.74058688408354
8.330191236666998, 135.38487183176625
30.51750119461221, 70.27336011374001
178.73926664117917, 66.73373813646808
149.51948679837494, 37.450391756541926
194.9659575538816, 119.55397552682207
154.96230620044227, 184.75180082862414
174.4209491179585, 99.15063364291643
116.38306581480093, 149.25379485958058
184.99555999628984, 67.09647040177302
168.7107514606487, 93.12309689916505
141.5817380722247, 2.4130659652641606
123.12666522921431, 5.182053344265181
164.9232729156536, 39.597187487037466
102.80230069359317, 82.9180684280208
168.0643846941823, 172.37831530601593
161.4107088637192, 74.53185845969423
117.2528848922951, 91.42533609182597
168.17304302850835, 58.47632309069382
129.58227966348483, 179.92474758737745
175.41868453566008, 27.65964194039734
108.34594630353645, 11.474736399885144
144.1327149706698, 52.425565637055335
162.03405905681345, 127.89237431084615
171.35788237749026, 31.3833605204904
113.25641225894009, 121.38930103998548
142.78648284274374, 65.54843421779641
165.05881707157855, 49.69327735389007
112.68429846616658, 95.0393883496927
155.5290617596482, 163.00135991508276
165.4453916711807, 23.64519302180326
103.09291344382888, 52.80382531467049
193.99114844827741, 53.41276208953971
185.10985055752116, 165.1740385855391
114.06185599748201, 198.4615946984923
133.2974633364032, 91.01468946558965
155.47653106999553, 104.26343725602673
155.09848642262833, 89.81203993182778
195.73426715522018, 78.93996024320029
169.59311779355386, 59.49547823571051
125.99715105413864, 42.111634798561795
170.46850404870406, 122.44608078928508
104.1035767261478, 35.29699265894013
106.03443849044312, 38.96729259406724
181.48150802228756, 111.34114304058238
127.37031415717304, 76.8770631066611
156.11544557054603, 123.60815775986944
151.3632406829714, 52.820652346678365
152.8625368561398, 120.57745439999333
141.29004201599233, 49.4369622485584
184.9208640294392, 42.823836851319406
176.95362132191048, 196.54351810589955
142.43553096217414, 7.929110535510375
134.71201320446448, 103.96859699077969
149.1739176937424, 147.05099104284236
179.39278282929018, 39.095600361012295
144.45390358496007, 7.877415900543339
132.7688905261265, 96.60898930800326
162.55222634946756, 138.21285885666686
181.7671987415943, 160.14586219735858
185.28912897551248, 100.2241576084093
124.91810137591887, 64.44482550266939
113.34958886613067, 164.19791129999481
130.84189420870203, 67.47439305906123
109.29879165221436, 173.42651469546874
130.73631134579242, 93.22633764251584
175.49160364360574, 107.54813715683052
131.7760811016775, 2.718370584763208
188.33301480880004, 18.109460941008848
149.17304868665363, 105.54143982142618
177.53774966006873, 155.09217034719077
101.42161009596948, 187.03571372401967
193.8193931132619, 146.7511996303689
110.41335554133121, 89.82072738101093
170.65817379048318, 23.01663658877542
135.2379324419071, 78.97342496979974
124.082178727266, 124.06228904080167
122.78716166909508, 20.197814132471038
137.5057170912059, 72.64766675081727
150.2082339062025, 24.147769878425372
191.95737847308075, 85.98200410175924
151.67336956763884, 131.39413001823345
169.4824988053878, 70.27336011374001
