96
44.24827954556101, 31.64507448394145
89.40321154033441, 77.58565075576183
83.12688244403014, 68.78783605090999
71.69531194878817, 199.5911243910008
97.16258217930921, 167.15293301528033
23.664657315307068, 104.79347723766104
29.11239087916513, 0.6739886793903249
9.635865220321193, 169.4146618354192
46.701521029816085, 127.46172672709875
30.638257889677302, 130.46675896847856
41.74435865070323, 38.36413544781225
33.085643790211016, 113.41156774135732
9.906122758252767, 12.371797192797306
86.84262260204974, 108.01045394322095
22.819558999975477, 3.874243091511076
99.28657504324333, 162.1725030847205
189.3188318873636, 33.56172747936637
198.11900446632777, 162.79765171289228
162.13949287949347, 45.098717741171356
187.1456640270934, 27.920739214120328
168.56327984650466, 41.36860354010112
171.30483115432622, 39.59365184676278
109.3670029288619, 197.53192268854352
144.60698662222347, 162.09691290360712
155.75172045443898, 31.64507448394145
110.59678845966559, 77.58565075576183
116.87311755596986, 68.78783605090999
149.11084757050634, 120.87385617007106
178.9785258459391, 35.32281326001006
192.05638939558187, 101.18823256531672
128.30468805121183, 199.5911243910008
111.42278510759542, 47.64324698367102
142.88576228356692, 127.91495779501341
163.0915177704175, 116.6093862188953
102.83741782069079, 167.15293301528033
177.35765124153178, 59.16548556505099
151.39493258135573, 33.99334891165986
125.53299212920194, 160.73649574118605
167.99826622686658, 161.70607193597576
171.95809903603805, 78.49373727194835
185.89540942532741, 133.26376878722272
109.98460376199229, 167.97683632544718
128.63240442593337, 4.2665516677123705
129.4335389338981, 108.20098565019183
136.0798588765175, 103.31738473239056
147.09043971947523, 71.82831612975717
176.33534268469293, 104.79347723766104
156.668273485654, 9.808822567668996
170.88760912083487, 0.6739886793903249
190.3641347796788, 169.4146618354192
176.59930721968976, 169.64474590506939
142.99126307733093, 172.82170645540464
155.57980259010918, 63.29264959240788
153.2984789701839, 127.46172672709875
199.34101471296623, 172.55559256523279
114.16939015515614, 73.42118792578836
105.64315618385405, 20.66863142770332
105.16444275388133, 54.61242093508927
187.26131607058963, 104.95149529822258
106.52545092181748, 160.44284528249034
169.3617421103227, 130.46675896847856
158.25564134929678, 38.36413544781225
119.28574569918104, 103.9315160787272
156.7316071760339, 118.70251880780485
199.25943705398396, 191.8351874061987
166.914356209789, 113.41156774135732
199.3487876832545, 176.06514400266502
151.80250494542855, 184.4476008946396
154.94754835443572, 183.56452689648333
158.32285851259357, 88.67326615605452
188.32266068512877, 100.32268072534056
189.39742803883684, 72.02981052630362
190.89931404460208, 27.306590715303614
190.09387724174724, 12.371797192797306
113.15737739795026, 108.01045394322095
177.18044100002453, 3.874243091511076
128.133341625053, 13.861000912885245
160.82269334681862, 74.92781244493736
113.96767415383114, 174.83134424344723
191.11234718222687, 71.7195645159616
122.34630102456265, 24.389446283536365
142.5529437025635, 28.033795860435106
174.23240238807043, 11.4826241629431
176.27196058674983, 36.7161907465356
164.26017468200797, 13.259981862650028
116.02954845414625, 164.01073436762462
198.23032539340636, 46.44187955860573
117.9221295463365, 46.29082689811534
100.71342495675667, 162.1725030847205
168.3251077579054, 197.12313335976486
155.71953683582973, 78.02256145842719
196.333069368392, 29.551924703284115
156.68083920121796, 74.76765690817156
158.53258899009742, 178.9297757391479
174.44658632920874, 160.56056861211013
191.69979394322272, 88.940418558808
