160
67.32808240268048, 40.43897715806884
79.81427994397856, 95.29274206416738
29.29805260220145, 151.87968828060414
86.78004186831892, 85.80758073236495
55.604810211465804, 198.81340210317245
89.47816891049705, 93.1702126796023
40.798499800508466, 73.28347336163921
62.887028954731946, 20.847999820668022
70.77119749784406, 59.78723347550887
24.859423532974123, 189.27262735843956
71.65691793348692, 19.14939095527208
67.82168481784512, 167.50699505535562
33.6653076398512, 177.21595959712516
7.460112154619525, 13.355096022755664
60.36681011854048, 150.95966063583995
56.264805541345915, 100.03915114940663
96.30980599497182, 4.868480599453506
42.13040521205632, 121.80294820215911
44.08800398001075, 93.97123596998156
25.127268677861558, 64.09826454216348
13.535979345538774, 45.55371617257713
64.16322946752543, 154.57157266023
23.89109973886831, 76.68658985917347
99.50832256821582, 79.00509124619113
79.54511538748942, 132.67252046524902
79.61625678979628, 49.85370539254346
11.637683113908892, 193.3895893649203
48.880366167673415, 13.166020115648402
31.903415376629873, 90.00009945855197
24.55275997513113, 71.18861307919713
58.018490798968905, 61.17450069901294
46.23770053487011, 191.19087289032402
21.3287522154072, 140.90271581685653
47.08125566277981, 31.645289410940276
33.660168804333246, 83.7204646268869
49.74769955819954, 171.29883928119656
34.915407180407314, 155.60240293021022
43.90954438525354, 114.1118926116651
13.630622387601708, 157.46898288385614
32.01758525392749, 111.80732263100215
83.62647471932783, 86.7070926910104
98.4727475261078, 114.62314537040696
13.50964492671235, 124.2734140172405
75.41316106128332, 47.865272485395
84.28217456154846, 129.0223840385124
47.91587371603798, 129.66392900190692
75.96844896943858, 56.79974994802796
43.74004325924094, 104.9974650787792
25.3155461385947, 183.20332059901224
74.28009511857996, 102.72054076184583
38.186105960099475, 30.179121523664428
76.45616257712618, 64.52256961416995
78.41536641072106, 47.19729852908017
1.3473337114104034, 104.45377303137909
23.883757907920046, 13.649654010962564
8.656912819532323, 126.1790343957619
92.0387739342667, 170.31753783968048
19.592883084374947, 138.08002491172056
94.40355705119435, 58.25939469165492
98.09174685019545, 161.30294426831
32.09546972948422, 68.46280633567672
85.70855609658007, 123.04645596650911
23.879110220682776, 88.1352865229423
88.11583605387037, 189.90225410025425
80.45259175571621, 72.88955639481374
31.364458131226694, 57.882246341608564
22.630516400395372, 182.0392051545083
79.0984111508858, 87.84163438733914
33.68105371218781, 79.2454771542854
14.90157146085565, 191.578680050692
99.27516598396747, 152.56635887465765
78.77640046921728, 14.807999779676713
67.95628926957775, 78.14266187794703
67.40203019811422, 172.6976881708209
8.565423596599416, 116.71114282639962
61.74064751624649, 131.83295963377657
37.631633011083025, 149.868083657336
77.69755967657451, 191.22328917143494
94.11560522123838, 108.37826218858281
79.22719461465445, 30.79218006692495
183.56154862381325, 8.241547808031836
120.18572005602144, 95.29274206416738
170.70194739779856, 151.87968828060414
189.20276078212765, 162.03784031412013
124.98278540610711, 178.65534849274295
184.1082251779779, 159.55742733052531
165.85126958469507, 134.5202440137087
195.24311068654265, 90.62632506031622
129.22880250215593, 59.78723347550887
175.14057646702588, 189.27262735843956
188.4090449198578, 29.94714037383792
132.17831518215488, 167.50699505535562
167.42463449634434, 118.50700214127427
192.53988784538046, 13.355096022755664
103.21433657819858, 175.18713170231217
152.59383344881567, 25.519116701526244
103.69019400502818, 4.868480599453506
179.37917947551705, 122.15075499926591
155.91199601998926, 93.97123596998156
174.87273132213843, 64.09826454216348
186.46402065446122, 45.55371617257713
130.26762804288552, 190.39932596563347
199.36159195515378, 114.8021354890262
100.49167743178418, 79.00509124619113
182.93113722872454, 120.08305004890146
120.38374321020372, 49.85370539254346
188.3623168860911, 193.3895893649203
151.1196338323266, 13.166020115648402
146.74560986773267, 82.61389217512453
175.44724002486888, 71.18861307919713
141.9815092010311, 61.17450069901294
153.7622994651299, 191.19087289032402
196.00256797422503, 114.00276767351438
142.22436143683103, 10.287917334566355
166.33983119566676, 83.7204646268869
150.25230044180046, 171.29883928119656
127.3675523491125, 172.12125167769614
168.14674170655059, 64.75798032654836
180.97959800751224, 198.06768904824418
167.9824147460725, 111.80732263100215
116.37352528067217, 86.7070926910104
101.5272524738922, 114.62314537040696
186.49035507328765, 124.2734140172405
124.58683893871668, 47.865272485395
115.71782543845154, 129.0223840385124
181.21320396313746, 126.6511199490649
103.34795599673575, 17.255380320415604
160.7754269791702, 95.68314260375101
174.6844538614053, 183.20332059901224
126.78811681211171, 23.437176792868875
199.36928384815562, 75.14852939611178
135.83215156550446, 26.363909042711377
142.6088832387586, 52.73130973237316
198.6526662885896, 104.45377303137909
176.11624209207994, 13.649654010962564
164.03993798074083, 156.24385946656705
128.09415647157448, 140.51178088225237
180.40711691562507, 138.08002491172056
150.76047664077313, 112.52249427635448
101.90825314980455, 161.30294426831
193.18252710943904, 56.194220546036846
109.92173062015071, 186.6528174535859
196.88309668714658, 30.1799652642897
129.15633177533806, 196.77053941825585
109.65974386339134, 45.000288557483856
189.97435560127914, 112.59329211448852
159.93834987318442, 198.54068863239482
120.9015888491142, 87.84163438733914
155.3399419581682, 7.297602404509007
111.53807192316143, 197.24131506734736
100.72483401603253, 152.56635887465765
163.17658443072963, 6.913755304854696
160.48158289624217, 66.75941111691728
176.40606934866904, 93.158521041336
126.35055022067476, 55.08186817341818
154.43523719141177, 117.01081742156087
131.31465798796074, 174.10940737178498
116.5739247760992, 153.70344815006263
151.6567419461757, 157.79833916970247
131.19852497969543, 28.66682911127436
