208
2.8029000810399163, 67.06028658645226
49.509788670341074, 57.42255787572218
13.74128487655637, 72.28949619423818
29.09163620870742, 73.61306948096284
89.19345845469849, 63.58964988999193
62.31550432929767, 135.88459706859473
46.46620620103535, 126.89295831583715
84.93373967012796, 174.4365943545593
57.43677741266669, 20.180225901144123
17.622335236016948, 39.76660167368078
9.557520385722526, 67.0449893845766
37.2627735067441, 112.9012093951422
47.940135691658625, 110.85309042595708
41.50396587813052, 53.22274944548213
9.719614540582612, 28.624343017211395
44.373700611098535, 41.420035245071766
69.7019600494689, 125.49987013643688
69.11530685431465, 102.10771215722612
44.97953715149808, 94.94528509168765
46.597912401386225, 132.65933101289917
76.16315967637789, 190.1002454182323
26.44593927795048, 51.206997506386706
75.07157619014279, 184.61457133252208
96.85820353823851, 6.547982427274324
99.5121388560852, 82.8218660099488
51.65650559962019, 98.9009350792445
99.88386302805, 50.87028738932564
58.38125592789768, 51.9048611142324
58.413613729243565, 130.2924745508084
23.62865554473285, 141.2855183927811
42.012185578140326, 16.940406252039786
98.84128439035531, 43.91200028842616
13.278019567366194, 54.70788395343399
28.117916751155313, 163.95546693043156
82.57456068065497, 103.08635002955738
53.69314480237409, 118.32836414628723
46.06714386577163, 130.52490065686925
31.4154974773489, 184.59819477599171
72.55081168510064, 123.47387151522258
14.508771006572442, 124.24965700527815
58.91053837326221, 189.60686281312866
16.060169716582905, 32.359193519502405
55.23876305560407, 147.46887042427957
58.342910404814695, 152.3743845756315
45.84514091823662, 9.0421129953135
10.057883985324965, 85.58272298650456
94.29499996086736, 178.2665275965943
22.859453668645628, 104.32351952288042
26.130305488056656, 171.11306711898942
87.59967049239259, 111.11616235430066
43.54843775393201, 74.47724796583898
22.913756958110675, 33.599200692857266
61.425752113227574, 23.004480957103997
68.64340242415446, 107.22929731173885
57.36749336059855, 39.95512735439544
10.798385646931763, 57.72331176285208
87.71698225465622, 178.48854962351567
16.556759211127993, 40.98474874968443
19.189910854548017, 55.840971620382334
61.747854507363066, 172.23230384831513
80.00060369346622, 135.67025014664256
95.70486572630176, 186.47267463665798
38.91573925208164, 132.95647161167477
26.542135991707454, 93.09189845180094
71.26983729710166, 39.08138859162891
47.78748402979373, 123.7236914658381
40.98483077850694, 51.33387617452294
87.20494603148431, 127.2169393583576
69.32426305750793, 80.28535699599334
20.1201264094977, 18.698882265088592
64.41935039558369, 77.9532381440936
17.11243712242141, 110.92013699453298
14.731045079781168, 53.12610206376054
3.1367947793914497, 168.82758091250113
58.682807279264054, 128.40289388890585
96.74191309923195, 41.23694716651383
70.02455842426289, 72.32384717469861
63.658108365893455, 70.08913266995334
95.61439234514228, 18.19088549685677
7.639273626510985, 127.82485904373935
71.29493997688752, 14.71436712079106
65.2289122859244, 99.28517505588434
95.85431705555817, 86.04328035248277
40.94984308001055, 190.1194991255721
70.0030076157741, 49.77899559831476
35.94837413725074, 76.39866136279403
83.60601164353086, 139.1195139639224
67.61268506205339, 10.381895400587847
23.395641081990558, 54.52771553357252
33.90931470647867, 134.94512261906044
84.64311097542782, 160.01560904442232
79.54074322834107, 50.30443093296779
80.42001416247105, 182.62474690656057
29.105231851675306, 83.02035974164865
40.37289271949802, 35.036752329482
47.57692618452589, 158.8835558927667
6.539435770201408, 30.40321547252296
93.76126538902936, 56.13280588159662
30.725243955226123, 35.42918681265079
31.084577073511444, 118.46315567960166
52.17438568356716, 87.05045895369065
65.30069951416945, 124.98291181526395
16.118858528159542, 11.64503338476437
61.81075120402777, 166.8047730535912
18.187204981394846, 161.7043975791368
65.31539909265788, 37.32027973077394
15.923831459437942, 152.72432256258074
4.809824163652488, 63.008927610391254
89.30703720256271, 101.28926233682598
33.34943755477517, 93.19733519453595
80.81178291468083, 129.83077734390008
76.97751248621294, 62.6175177914168
14.6810966568665, 39.87259377924839
19.841164680904622, 32.64178978215697
87.73777552675067, 98.85456431801727
72.88947333286173, 173.5845465753936
16.96850456450282, 100.65513174075302
91.49237843874539, 19.407712335604476
42.780361448658574, 24.382343778310922
89.51783200371658, 18.91522853065235
40.447842648986295, 68.01584190371932
55.06143270524165, 141.53762904057493
59.405555230820084, 4.124212899010105
30.65770685013842, 128.89509043579125
45.17133388686836, 78.24594167741863
97.14664920151428, 184.38834719580709
22.252601712197094, 51.85642428165347
22.894913311906084, 131.86927579273063
197.19709991896008, 67.06028658645226
185.60539533136978, 5.169742473305927
186.25871512344364, 72.28949619423818
136.1742136066199, 0.8416021792623241
143.69535323234857, 35.30576362117901
137.68449567070235, 135.88459706859473
193.62118169966337, 51.46341002651869
184.5522188589819, 126.57456723354106
142.5632225873333, 20.180225901144123
175.30075450016048, 44.748749947786905
129.83134912479488, 2.2181951577371795
170.1212151859927, 44.249864574314145
174.08544445240233, 148.5157376410893
115.40613129071325, 34.958127080873446
112.5389581786202, 84.9709231985843
197.9889841650762, 25.08908885224215
130.29803995053112, 125.49987013643688
130.88469314568533, 102.10771215722612
177.1402039582636, 50.187840750427014
128.55319841758495, 130.99178852538626
123.83684032362211, 190.1002454182323
173.5540607220495, 51.206997506386706
154.9532200528574, 186.19497391247296
103.14179646176149, 6.547982427274324
100.4878611439148, 82.8218660099488
110.13761090145726, 118.31024100737717
100.11613697195, 50.87028738932564
118.92139963647806, 100.16620195235275
182.10956387856737, 75.10112493385861
113.81281145900903, 122.07611000271466
157.98781442185967, 16.940406252039786
112.52127126557961, 30.717397140893212
143.44697423699228, 14.60677816169098
170.59865021841193, 91.27907165869603
196.54259640402464, 141.9415071984274
146.3068551976259, 118.32836414628723
177.8840687842257, 166.588522533752
199.1524565685417, 170.46946786987843
140.0177521747136, 56.38516965632234
185.49122899342757, 124.24965700527815
112.84780344471133, 174.61544966867237
183.9398302834171, 32.359193519502405
144.76123694439593, 147.46887042427957
141.6570895951853, 152.3743845756315
154.1548590817634, 9.0421129953135
198.1711857686023, 155.11402705965386
137.83170906300467, 196.63586042909685
155.62117558744654, 151.13216330955802
199.67370696256276, 96.96502636053539
175.24360928537516, 172.99845386905187
198.28012860377908, 56.00447192107267
177.08624304188933, 33.599200692857266
109.19973618991895, 23.831510983436832
131.35659757584554, 107.22929731173885
142.63250663940144, 39.95512735439544
189.20161435306824, 57.72331176285208
144.6874537015528, 161.24989088183125
183.443240788872, 40.98474874968443
144.22727464456176, 91.8977227866308
138.25214549263694, 172.23230384831513
172.4855118649131, 184.94731341976947
147.95299749075022, 194.36139840690842
194.55388133275065, 64.60539366911546
133.30674437719287, 88.8837006678109
128.73016270289833, 39.08138859162891
119.6749400031053, 195.61681815831088
119.25559053275461, 38.83126973957059
112.79505396851569, 127.2169393583576
173.4749394006991, 18.775824211875225
188.16432227951583, 81.98932031109585
135.5806496044163, 77.9532381440936
161.89844999374395, 103.39497096549752
185.26895492021885, 53.12610206376054
196.86320522060856, 168.82758091250113
164.4753976613544, 87.2246430488942
103.25808690076805, 41.23694716651383
129.9754415757371, 72.32384717469861
100.62019658304871, 2.1288066259194105
104.38560765485772, 18.19088549685677
159.47919135636266, 196.8144825559277
