224
86.05337286943188, 22.14665987958839
56.11177726350368, 62.75665065500908
57.482556196041514, 43.6730927988668
27.38133928884755, 136.70286333005532
28.59660286945086, 40.99562756063244
76.71952913890658, 181.37239667251012
90.74518851640396, 128.12131196466518
78.78877404248462, 88.81485397622895
92.73010988016097, 1.537344837185639
96.81409928149553, 74.59177021209746
64.20232477873688, 82.42956735752946
74.20264264574955, 27.698899706237977
17.330253333493307, 180.7319041333753
37.18500645981538, 126.80248442951493
13.32880377444383, 198.24016615681805
38.322310155231406, 173.15313261170226
72.29286793711088, 99.06181190994585
66.49034251737874, 131.79755339647713
14.46258989800333, 81.90218123434047
26.48913110270704, 132.8294021672219
75.14602537697137, 153.6817299145291
97.88418015351823, 43.1944616603952
82.5748861575212, 26.887958885711537
46.03744329333297, 21.76356137641944
28.135632562341893, 88.45875817514528
30.045431050949045, 70.03728704360377
72.11282128996682, 162.12135951146612
86.09002598823902, 163.34159142501784
64.31280727190811, 173.7346064262806
27.887424143244356, 147.86295322479202
1.1712539282335621, 107.46722514810381
23.892308347059988, 185.6448895668747
53.18014703679849, 39.229782117188236
33.18819219602328, 59.68274721945708
73.84137880122297, 84.5333238647771
31.706920128657433, 9.884853390964409
41.85205491920488, 54.4648877266386
83.1924368802057, 153.96139085088933
70.64357040188528, 73.79493462939163
38.04145754076528, 181.7129480539557
52.20327325687094, 166.53438139727209
68.68240351583567, 150.22845005280055
50.12012371406084, 165.49228246420176
15.097239370586069, 60.218340857698436
61.382470984153535, 11.462206209492432
89.68150312586052, 38.248451576227495
34.91749146167273, 177.7421553588391
3.61747992021092, 138.6515963198727
30.872598350423907, 176.4192963549127
72.34035817516016, 40.213125119157844
72.35953860682346, 135.67016585618444
29.938628911751508, 179.30784837707304
59.35566675567364, 66.78782406899862
55.211754258283484, 188.91301425668502
89.08904818513707, 14.504228833517674
24.198505798283286, 12.187152388543687
24.116953250537023, 7.696657076500024
71.22986801304349, 172.29663507534352
69.86674773683266, 122.93441254556964
23.473798450090875, 3.0217982565313273
61.160759454746724, 38.18133960333194
11.322294148487355, 32.47809539079229
23.854263268616293, 47.1937127954259
55.29913854543456, 19.374726321326683
87.07073311361405, 14.650627741862499
54.53717695344419, 70.14575030174362
77.61599959944232, 1.9112232461230283
41.37935909341681, 43.233533029015845
88.90262685158022, 198.93676006523867
19.472254681670165, 44.69384354641646
62.37157270623962, 125.88972329088979
67.46691173616613, 118.74074304386524
63.51941561737755, 188.13487843612825
93.65301699960386, 71.48542949018015
87.06132185716598, 157.07801538289831
9.176546587535285, 154.89579062801542
36.641214856665314, 58.64951068212012
26.907955032186504, 11.450156259366583
7.469385040732623, 185.0552554572535
30.36410678281006, 107.76729037206165
86.77625281476641, 53.48977323543445
1.008990336590465, 144.0639110216825
43.45172279646241, 183.28250233224153
52.83023767084822, 112.84960011612036
56.5165671143519, 78.91492538811518
19.945975824277053, 28.307322318204854
85.5052377075067, 125.37123233931354
58.440095348370015, 14.439326994154644
5.601704436846955, 51.4492780799555
10.890102673070956, 94.32141559048412
13.793885547741013, 98.8195348225933
86.75756829835323, 29.645275089133506
86.69255793575391, 193.5682782358127
18.11158976836592, 91.77548418073283
43.309069265453836, 103.52299078162798
10.750372791324391, 115.36969848745737
80.74894595970473, 113.52487673401134
7.794480106825907, 90.77166081845382
9.652737692060786, 166.54485850362045
63.1412606262326, 39.57084611873651
51.0582835475483, 81.74808865809418
86.13461311626706, 77.09043691907769
69.31202011810976, 102.37485104569546
35.7990232646793, 141.26288089419003
70.00669829152238, 181.62260294046624
69.66873245653214, 63.51041569128264
7.847464741543197, 3.4270395024355915
52.56154080979356, 37.460918199098
33.60093970254238, 71.9254034167789
17.065455897247773, 108.9369679593913
82.4835454031039, 62.28599573841891
52.09689717321072, 153.830146796831
26.257006425970108, 196.98544799048372
14.999274509370109, 130.22940948815253
67.83221369374898, 42.12369893673651
36.528585906813795, 162.61388634975717
92.85103160037983, 74.27765041158689
49.552109191134655, 147.24783850478562
75.19620678897336, 179.14621619489307
76.61280350595003, 53.052441265313036
3.269492785151318, 99.11024765078673
41.844733413182354, 112.52335574006791
26.152348319366105, 139.3109556364627
3.6403452166704597, 122.64389358117636
52.04368966654946, 172.65442912440966
60.78478712993588, 31.88477108117509
84.92046543498215, 113.73036612753944
17.76106136736768, 146.5623817382948
35.10550413747766, 85.48391302385754
71.19950735744125, 52.57602674189166
39.141866299060545, 2.302094302438973
37.59563204716435, 45.366083703545776
88.12582285546601, 152.44910288654182
52.703977735573105, 58.588378824037804
19.12508428799663, 69.15355694977548
30.820548912407308, 113.7103887365309
36.03767804563396, 76.91581322292838
23.87116833466112, 120.71536669164571
34.948604018241404, 6.808347842683782
36.26716076166247, 175.4637465853213
61.04703261408674, 101.24932851920694
69.98080905034779, 17.89036308336125
91.1464208778975, 61.25320299478694
85.55254813306958, 140.48958849679425
113.94662713056812, 22.14665987958839
143.88822273649632, 62.75665065500908
142.51744380395849, 43.6730927988668
172.61866071115244, 136.70286333005532
171.40339713054914, 40.99562756063244
123.28047086109342, 181.37239667251012
109.25481148359604, 128.12131196466518
121.21122595751538, 88.81485397622895
107.26989011983903, 1.537344837185639
103.18590071850447, 74.59177021209746
135.79767522126312, 82.42956735752946
125.79735735425045, 27.698899706237977
182.66974666650668, 180.7319041333753
162.81499354018462, 126.80248442951493
186.67119622555617, 198.24016615681805
161.6776898447686, 173.15313261170226
127.70713206288912, 99.06181190994585
133.50965748262126, 131.79755339647713
185.53741010199667, 81.90218123434047
173.51086889729297, 132.8294021672219
124.85397462302863, 153.6817299145291
102.11581984648177, 43.1944616603952
117.4251138424788, 26.887958885711537
153.96255670666704, 21.76356137641944
171.8643674376581, 88.45875817514528
169.95456894905095, 70.03728704360377
127.88717871003318, 162.12135951146612
113.90997401176098, 163.34159142501784
135.68719272809187, 173.7346064262806
172.11257585675565, 147.86295322479202
198.82874607176643, 107.46722514810381
176.10769165294002, 185.6448895668747
146.81985296320153, 39.229782117188236
166.8118078039767, 59.68274721945708
126.15862119877703, 84.5333238647771
168.29307987134257, 9.884853390964409
158.14794508079513, 54.4648877266386
116.8075631197943, 153.96139085088933
129.35642959811472, 73.79493462939163
161.9585424592347, 181.7129480539557
147.79672674312906, 166.53438139727209
131.3175964841643, 150.22845005280055
149.87987628593916, 165.49228246420176
184.90276062941393, 60.218340857698436
138.61752901584646, 11.462206209492432
110.31849687413948, 38.248451576227495
165.08250853832726, 177.7421553588391
196.3825200797891, 138.6515963198727
169.1274016495761, 176.4192963549127
127.65964182483984, 40.213125119157844
127.64046139317654, 135.67016585618444
170.0613710882485, 179.30784837707304
140.64433324432636, 66.78782406899862
144.7882457417165, 188.91301425668502
110.91095181486293, 14.504228833517674
175.8014942017167, 12.187152388543687
175.88304674946298, 7.696657076500024
128.77013198695653, 172.29663507534352
130.13325226316732, 122.93441254556964
176.52620154990913, 3.0217982565313273
138.8392405452533, 38.18133960333194
188.67770585151266, 32.47809539079229
176.1457367313837, 47.1937127954259
144.70086145456543, 19.374726321326683
112.92926688638595, 14.650627741862499
145.4628230465558, 70.14575030174362
122.38400040055768, 1.9112232461230283
158.6206409065832, 43.233533029015845
111.09737314841978, 198.93676006523867
180.52774531832983, 44.69384354641646
137.62842729376038, 125.88972329088979
132.53308826383386, 118.74074304386524
136.48058438262245, 188.13487843612825
106.34698300039614, 71.48542949018015
112.93867814283402, 157.07801538289831
190.82345341246472, 154.89579062801542
163.35878514333467, 58.64951068212012
173.0920449678135, 11.450156259366583
192.53061495926738, 185.0552554572535
169.63589321718993, 107.76729037206165
