176
38.4258284840101, 3.707927435280478
51.7617715063777, 185.01297837576854
88.71052172980127, 148.14378994490454
2.9062213319111962, 129.32273911057922
87.38206908830439, 16.143573639118113
37.553485054219436, 84.26063312363414
10.841497960811452, 191.18898762340922
77.00375678243103, 54.54413495418893
28.305050465485394, 10.157593717548096
45.46400862562749, 161.8829207079283
85.94110130589789, 143.02348605332776
57.743202161821706, 199.5174455220437
68.83532226231792, 10.496528686552509
79.31087377959331, 21.99909806429683
59.47010854007838, 63.43891234964869
64.32732486785625, 45.861131125566715
56.34423754462268, 164.7903193050587
0.35719188282067327, 39.93064297511424
11.548888527306344, 85.72099518840766
2.9442277694440744, 181.94411714846754
12.999190779696889, 184.34523222172822
78.3115215451735, 140.084004949044
69.64359752010921, 151.74017230318765
54.18897081107802, 51.915328769755774
1.529889221571712, 118.02194579619905
56.78981771259571, 79.88895813428147
44.52233316163561, 61.159402603302325
96.52394422029266, 85.6457912002808
97.18534749268612, 11.571084441914813
2.1023065667054808, 193.5169752721916
92.9054097937051, 187.15121088799597
35.480646588279875, 152.28395430224285
26.51626951861391, 163.43885325537656
54.62575640356072, 173.8414181759625
68.63519576835829, 45.03142555239394
43.901151631401746, 78.4310014625586
41.45712990671281, 133.26374466044987
69.34298621442737, 193.13457151035485
56.95813502538029, 153.12200401987727
84.93411439490328, 154.34414004368404
69.86772802683852, 175.38927290039715
51.075050505295, 18.137744828407733
94.26804363318917, 88.93307545422398
67.35895819306455, 179.286268490837
51.59513697541615, 119.11947338479847
14.252144259873523, 148.6016178069526
10.130456180656655, 81.38610291199035
88.2431201628246, 173.52656852727642
28.02652814476567, 111.57149596480846
86.9907836062015, 24.012268435997242
61.607919815614196, 120.14316404010748
52.25277325353287, 49.71984419014046
62.648159919168535, 147.33575546673495
38.95096760015839, 168.34316384089553
21.998755646037026, 31.338946329933414
47.42152030225931, 138.55998443053187
2.5006362159438855, 135.01992378848652
5.872631074454182, 91.52957808302482
84.07486988677285, 122.96921225631783
0.08659182243405672, 111.12784567146075
12.0725180036085, 54.25060129121473
84.80547342959768, 159.34561504384675
89.27182322508189, 163.06885021790617
18.921925586353783, 184.49203003564028
38.20188694045735, 6.980754944988399
95.31659084365116, 172.87965249487593
84.34639184364329, 40.127689290877136
90.7564945978612, 93.94601291803717
45.63830938488614, 11.9747739833721
39.44848242445575, 29.499692194470796
86.32596845271348, 28.892336540600017
71.60691274445946, 125.381913977498
72.0635315584901, 81.73759024556912
92.0148973303753, 96.27192873456787
38.796790703756045, 152.26718142432446
32.47474460000169, 11.134702522820783
45.91975315342211, 159.53105667249034
36.578492065391124, 74.60936337130126
53.540807121661, 24.441109421444217
20.03490359916341, 188.1071209563934
36.0624070850757, 95.19689444453479
24.24630322867629, 81.32690599464729
25.553290675108542, 147.16175103934543
58.09545788869161, 74.73250780988865
95.37726909630292, 5.188079288002023
99.14912180429882, 136.20665677473139
42.87047930472014, 79.80178178851757
81.01566349974092, 187.47973384842567
73.73936791562883, 132.18964292939572
84.05765640817047, 169.98107033800892
68.07987086479696, 88.686978081537
2.65664690418832, 33.837698318689945
10.150582904316586, 31.78145915289172
81.1682568191051, 157.7591878055698
63.11433177212841, 125.83453106785146
27.80478674802509, 59.47422551942585
161.57417151598992, 3.707927435280478
148.2382284936223, 185.01297837576854
111.28947827019873, 148.14378994490454
197.09377866808882, 129.32273911057922
112.61793091169561, 16.143573639118113
162.44651494578056, 84.26063312363414
189.15850203918853, 191.18898762340922
122.99624321756897, 54.54413495418893
171.6949495345146, 10.157593717548096
154.53599137437251, 161.8829207079283
114.05889869410211, 143.02348605332776
142.2567978381783, 199.5174455220437
131.1646777376821, 10.496528686552509
120.68912622040669, 21.99909806429683
140.52989145992163, 63.43891234964869
135.67267513214375, 45.861131125566715
143.65576245537733, 164.7903193050587
199.64280811717933, 39.93064297511424
188.45111147269367, 85.72099518840766
197.05577223055593, 181.94411714846754
187.0008092203031, 184.34523222172822
121.6884784548265, 140.084004949044
130.3564024798908, 151.74017230318765
145.81102918892196, 51.915328769755774
198.47011077842828, 118.02194579619905
143.21018228740428, 79.88895813428147
155.4776668383644, 61.159402603302325
103.47605577970734, 85.6457912002808
102.81465250731388, 11.571084441914813
197.8976934332945, 193.5169752721916
107.0945902062949, 187.15121088799597
164.51935341172012, 152.28395430224285
173.4837304813861, 163.43885325537656
145.37424359643927, 173.8414181759625
131.3648042316417, 45.03142555239394
156.09884836859825, 78.4310014625586
158.5428700932872, 133.26374466044987
130.65701378557264, 193.13457151035485
143.04186497461973, 153.12200401987727
115.06588560509672, 154.34414004368404
130.1322719731615, 175.38927290039715
148.924949494705, 18.137744828407733
105.73195636681083, 88.93307545422398
132.64104180693545, 179.286268490837
148.40486302458385, 119.11947338479847
185.74785574012648, 148.6016178069526
189.86954381934333, 81.38610291199035
111.7568798371754, 173.52656852727642
171.97347185523432, 111.57149596480846
113.0092163937985, 24.012268435997242
138.3920801843858, 120.14316404010748
147.74722674646713, 49.71984419014046
137.35184008083147, 147.33575546673495
161.04903239984162, 168.34316384089553
178.001244353963, 31.338946329933414
152.5784796977407, 138.55998443053187
197.4993637840561, 135.01992378848652
194.12736892554582, 91.52957808302482
115.92513011322715, 122.96921225631783
199.91340817756594, 111.12784567146075
187.9274819963915, 54.25060129121473
115.19452657040232, 159.34561504384675
110.72817677491811, 163.06885021790617
181.07807441364622, 184.49203003564028
161.79811305954266, 6.980754944988399
104.68340915634884, 172.87965249487593
115.65360815635671, 40.127689290877136
109.2435054021388, 93.94601291803717
154.36169061511384, 11.9747739833721
160.55151757554427, 29.499692194470796
113.67403154728652, 28.892336540600017
128.39308725554054, 125.381913977498
127.9364684415099, 81.73759024556912
107.9851026696247, 96.27192873456787
161.20320929624395, 152.26718142432446
167.52525539999831, 11.134702522820783
154.0802468465779, 159.53105667249034
163.42150793460888, 74.60936337130126
146.459192878339, 24.441109421444217
179.9650964008366, 188.1071209563934
