112
43.39927407301073, 32.87927739020744
27.878211553253486, 59.44045739402532
78.34414055209699, 181.9017500489481
91.40567503302793, 169.11524276520825
25.308859255821126, 39.32973223443656
99.55344252604094, 124.10512919655994
22.187491605084062, 27.941606125118245
62.7715010016024, 93.85040039277008
57.46538307351937, 122.4349696711936
32.28044591254452, 103.45585611770171
86.13215538426337, 193.14116939948372
53.583505859206035, 100.65730007993467
95.16995556144467, 55.78227674514715
12.462052323056373, 54.919271767496866
64.99505680184883, 114.9678118973571
46.84262454985877, 37.7588188058118
9.292482568157045, 144.1648250153895
95.4294270245318, 71.75049630315354
7.18996987735493, 69.06282497159934
63.11570996381729, 192.57339926095693
75.94097998586527, 80.08723180298416
35.90949615619993, 119.12019935022794
27.368992261991576, 44.632977220237755
86.96216967620802, 65.13641882744363
51.94153197505236, 190.536802177657
79.12614130758813, 96.22498929744525
35.133466176165285, 169.50482834615417
50.6686872543455, 43.31582670484539
64.48184161590721, 162.65358930791658
4.5277305394957885, 137.2702973993089
76.22546668337776, 37.80481088675647
38.87198138541326, 69.7647477610938
156.60072592698927, 32.87927739020744
160.5586569475998, 15.190948873265576
175.7233316070009, 116.61358237388922
172.1217884467465, 59.44045739402532
184.2700335159559, 60.17672595505166
123.47645503850461, 108.00987496477732
145.3161447373209, 14.790974021114378
191.13699524691748, 113.41556262159978
150.87530867500573, 3.2266746238072352
121.65585944790301, 181.9017500489481
177.3913202337955, 56.79702878707082
121.39633726302162, 41.45597346112251
108.59432496697207, 169.11524276520825
174.69114074417888, 39.32973223443656
152.36745767695254, 35.02294350851649
173.68728226581703, 80.52022868279917
193.43878959876207, 135.984477032008
100.44655747395906, 124.10512919655994
177.81250839491594, 27.941606125118245
137.22849899839758, 93.85040039277008
142.53461692648062, 122.4349696711936
152.86427047629817, 88.02814418576041
167.7195540874555, 103.45585611770171
113.86784461573663, 193.14116939948372
146.41649414079396, 100.65730007993467
156.9557854720341, 8.585186419022484
104.83004443855533, 55.78227674514715
187.53794767694362, 54.919271767496866
163.6994610821036, 4.285586166319688
143.2237298383835, 98.91415898508787
172.06525080397026, 150.03900456349407
140.53910877561532, 104.39778909726314
180.12770258469175, 159.538613013053
114.45399041085588, 25.471807085505226
159.78735282021577, 161.14398081165297
135.00494319815118, 114.9678118973571
143.66031010885575, 199.9078646604101
153.15737545014122, 37.7588188058118
190.35427561109972, 33.065167732994304
183.31131328769692, 94.82096234683716
198.48020940237708, 173.96828396428748
118.9918709343257, 83.21402414991708
100.98536013060276, 155.8314266486285
190.70751743184294, 144.1648250153895
145.04117336069248, 67.35216423477117
150.89634010228554, 186.22775673711124
127.23560904180749, 34.37467051855283
111.15062308158352, 124.63559301007005
119.33432408264116, 54.18633347158979
174.37119100864305, 157.47773869557676
104.5705729754682, 71.75049630315354
139.5564680899805, 61.91205834747442
192.81003012264506, 69.06282497159934
136.8842900361827, 192.57339926095693
174.55777479287235, 109.65402483500004
143.03567200522733, 57.317138234185514
124.05902001413473, 80.08723180298416
164.09050384380006, 119.12019935022794
172.63100773800844, 44.632977220237755
113.03783032379198, 65.13641882744363
177.22534193027678, 196.69779642639867
181.50896384539428, 83.62056408446136
117.69678373171772, 63.390946312534254
180.67482470919384, 89.119409592516
120.1282308155205, 103.04414024812894
195.3122888072631, 3.930912588097435
148.05846802494764, 190.536802177657
193.27510476154708, 191.34773199715562
169.0310983906048, 2.5902434418122455
135.96942469963835, 147.6912326184607
120.87385869241187, 96.22498929744525
160.56530365433133, 120.94663995452389
119.03794637905698, 124.89796422623711
164.86653382383471, 169.50482834615417
139.75966066899736, 176.62093839745737
149.3313127456545, 43.31582670484539
135.51815838409277, 162.65358930791658
195.4722694605042, 137.2702973993089
123.77453331662224, 37.80481088675647
161.12801861458675, 69.7647477610938
