160
84.63123269104459, 198.14944907165554
62.95326526978964, 158.3393732782188
75.6672464887764, 156.31408634863837
93.40517846112962, 130.13911036561186
17.81524239301272, 165.30037898722344
51.828439938673334, 46.93052015662453
85.72587549008449, 140.41592039229363
64.71735359735179, 1.5209864943038998
69.28631034270988, 71.55941364927996
95.14971546854478, 198.78884661065328
84.55514505778233, 163.1592949715228
80.75024628454256, 32.51680347387595
58.41133766780712, 191.25917536120502
45.7687060408821, 15.352682951494966
8.858988475320718, 157.4315041314535
0.31950008489564086, 36.87205705830448
42.71601042080384, 26.298883921876094
49.620972101264535, 194.92104554349282
79.37801190175126, 134.20144182401341
26.936158073375495, 127.34962986961777
2.6452915795934673, 131.93256780609616
33.76608904772487, 131.55263738202711
41.38371017606146, 16.99788970761631
35.075625539718644, 12.337233011953174
90.6368149555352, 111.21788461101339
71.74393518846844, 169.39162624840725
62.859648321480144, 183.25648737024824
59.72195401668918, 73.22639254365468
56.05324734205198, 102.45306299446115
93.73328844403338, 186.26312250214474
46.6395056376426, 31.075301647450203
85.09664614818253, 18.233317060466202
88.0379750578254, 16.33557892886199
12.15424366513409, 12.661844628128804
23.84684365050428, 76.72569352521619
20.760718849593307, 75.03931880175368
42.5330308788528, 68.27026688041407
67.82699923050495, 181.82511537341856
71.85404386768035, 140.45410740284757
22.324987505294715, 105.05699672454102
94.20854427592771, 193.0146275283324
88.55404129182925, 168.82117927716573
81.58586852057333, 10.882796169606014
89.59106056333746, 160.74136931105656
42.96716469919153, 111.49397754713668
70.24462067939629, 158.41906325703425
86.6563931355548, 6.198789034692576
26.419821253003185, 4.907245513754743
53.168309853240636, 66.18931618784711
97.140106806861, 121.0464949274805
39.1817264433569, 27.731921422650263
54.397173393795384, 161.07703045329043
4.775063125566681, 46.8928734415746
72.54403383161169, 131.44167509393498
47.50515831644443, 27.481974992918335
17.17645905074209, 53.07053074369756
99.97374330773016, 111.51801441650981
67.80408387592271, 89.56989728794171
31.512221818678178, 127.26156655789649
94.52416321657037, 3.5310227403736905
66.09089040510358, 166.24100297322803
74.16197067173665, 105.24074736603275
90.42382598422232, 43.83106976965261
42.76262635522266, 162.75001383340552
62.30446378864241, 37.98527996022698
29.553506147439013, 107.44235937368256
74.50211799615248, 99.88648162208077
59.69129370276044, 159.30417640954343
8.346450972700604, 28.976989475611692
53.360791675228356, 134.85204157640226
75.23926519220106, 70.0352081579292
81.94471579881032, 152.83560222651488
52.44452549716272, 9.712628100624542
87.62151269127001, 155.11962390996675
91.68155776246405, 117.46212622872505
25.26958596860196, 95.65891144779037
82.03202513351033, 104.76354589313968
11.21527160076512, 100.22775322789559
79.50478501030493, 114.16345008206062
16.604536449008002, 55.59271051474399
115.36876730895541, 198.14944907165554
137.04673473021035, 158.3393732782188
124.3327535112236, 156.31408634863837
106.59482153887038, 130.13911036561186
182.1847576069873, 165.30037898722344
148.17156006132666, 46.93052015662453
114.27412450991551, 140.41592039229363
135.2826464026482, 1.5209864943038998
130.7136896572901, 71.55941364927996
104.85028453145522, 198.78884661065328
115.44485494221767, 163.1592949715228
119.24975371545744, 32.51680347387595
141.58866233219288, 191.25917536120502
154.2312939591179, 15.352682951494966
191.14101152467927, 157.4315041314535
199.68049991510435, 36.87205705830448
157.28398957919615, 26.298883921876094
150.37902789873547, 194.92104554349282
120.62198809824874, 134.20144182401341
173.0638419266245, 127.34962986961777
197.35470842040652, 131.93256780609616
166.23391095227512, 131.55263738202711
158.61628982393853, 16.99788970761631
164.92437446028134, 12.337233011953174
109.3631850444648, 111.21788461101339
128.25606481153156, 169.39162624840725
137.14035167851986, 183.25648737024824
140.27804598331082, 73.22639254365468
143.94675265794802, 102.45306299446115
106.26671155596662, 186.26312250214474
153.3604943623574, 31.075301647450203
114.90335385181747, 18.233317060466202
111.9620249421746, 16.33557892886199
187.8457563348659, 12.661844628128804
176.15315634949573, 76.72569352521619
179.2392811504067, 75.03931880175368
157.4669691211472, 68.27026688041407
132.17300076949505, 181.82511537341856
128.14595613231967, 140.45410740284757
177.6750124947053, 105.05699672454102
105.79145572407229, 193.0146275283324
111.44595870817075, 168.82117927716573
118.41413147942667, 10.882796169606014
110.40893943666254, 160.74136931105656
157.03283530080847, 111.49397754713668
129.7553793206037, 158.41906325703425
113.3436068644452, 6.198789034692576
173.5801787469968, 4.907245513754743
146.83169014675937, 66.18931618784711
102.859893193139, 121.0464949274805
160.8182735566431, 27.731921422650263
145.60282660620462, 161.07703045329043
195.22493687443333, 46.8928734415746
127.45596616838831, 131.44167509393498
152.49484168355556, 27.481974992918335
182.8235409492579, 53.07053074369756
100.02625669226984, 111.51801441650981
132.19591612407729, 89.56989728794171
168.48777818132183, 127.26156655789649
105.47583678342963, 3.5310227403736905
133.90910959489642, 166.24100297322803
125.83802932826335, 105.24074736603275
109.57617401577768, 43.83106976965261
157.23737364477734, 162.75001383340552
137.6955362113576, 37.98527996022698
170.446493852561, 107.44235937368256
125.49788200384752, 99.88648162208077
140.30870629723955, 159.30417640954343
191.6535490272994, 28.976989475611692
146.63920832477163, 134.85204157640226
124.76073480779894, 70.0352081579292
118.05528420118968, 152.83560222651488
147.55547450283728, 9.712628100624542
112.37848730872999, 155.11962390996675
108.31844223753595, 117.46212622872505
174.73041403139803, 95.65891144779037
117.96797486648967, 104.76354589313968
188.7847283992349, 100.22775322789559
120.49521498969507, 114.16345008206062
183.395463550992, 55.59271051474399
