208
83.99616870587728, 196.52860158891312
60.14014033321351, 36.73730240772708
96.74635490874941, 116.59402975947961
37.97957244681817, 21.1619270498703
38.20864948290132, 181.1864327580796
54.19870016324422, 0.5857236284025458
31.801275177356104, 125.59393581184214
34.52855322669115, 99.75869363558306
6.604295203958854, 168.23600927064902
12.51500369256341, 139.1864020970228
58.09220327361329, 155.34065218096802
54.10279661020756, 127.87780078805635
29.00954553583055, 163.02479811636735
4.145255438800621, 27.26708484626368
50.03663595924726, 191.13104987647574
47.06545103659921, 148.85122362136778
0.9803770559969838, 55.75890265092656
8.234711059719647, 99.61721261299613
27.246983830518666, 58.6733332431097
16.434107220402293, 103.10884686856656
10.121221232219856, 149.84460770856276
24.759527291821705, 59.58679949031443
94.56859541376404, 107.24667015155376
41.95596714914856, 77.59000238688631
64.41283035662644, 56.30654005186286
32.331949476475096, 59.77351848931314
22.427232987878643, 69.91968050253735
61.3505335283901, 48.002125926653584
58.579660549411116, 148.74298487911756
6.747760613459497, 87.28090524192913
29.02336933163753, 123.00058013220905
67.05346790573581, 29.98613144329203
68.06839234152403, 142.4198361316761
83.79680656497719, 154.24838220064512
83.24170739518632, 133.8254578744238
54.19641804553699, 41.74424119327609
44.75591001681143, 190.40024349310775
48.28730690155517, 114.86726283451918
72.96558307619718, 108.6168465816551
13.57667869923802, 180.34480372882763
3.6541887434227815, 118.23475905613503
55.302636482393964, 168.96428040284405
38.02986222108265, 81.69950320531368
93.96253291919258, 114.83451768007127
65.12484166377067, 186.5575833152652
57.868475753464665, 29.69509249810198
85.4482580637051, 168.71677326664997
94.90516908490969, 7.942411196355992
41.80179578788356, 101.54548487471686
47.807101468271064, 163.55502255483495
22.756302230759417, 135.09276394398137
57.81439142713866, 118.088442706367
12.319375696440638, 99.43336377871104
6.3116760026219465, 160.1932852622099
29.670960374103316, 29.438721705505124
94.16693436305897, 82.06358249301573
71.72696296495798, 24.527048213636917
54.7646569049988, 33.41493212879239
39.94521452933083, 83.65352302262335
99.41316459956224, 90.26755662736686
33.28857954023903, 0.9246251863291866
33.096568466898255, 106.47662827766821
19.051616382936064, 29.615479928842703
24.45676366023544, 14.914285220699576
32.858953774330914, 32.59851021339601
47.81103792356725, 188.9495769686928
70.97633652600994, 155.1059703294207
78.4214246178601, 190.81443741718599
42.113091776375356, 135.89550183671238
10.005581989703538, 181.95331987336937
83.10101704805403, 92.37534244877656
8.846043875589327, 117.20686114441976
36.0634323380154, 96.216592364557
31.88673195029893, 141.5723153341422
30.55963004580051, 53.11886490957494
87.67896623497042, 160.56498990939141
25.325648725655114, 154.13073021399956
59.884676241782294, 91.53439528710732
33.95908098179306, 120.78650116450429
49.90826284450366, 28.30768100178469
27.06455307096767, 125.39889330792549
95.16020101844285, 16.42132079368683
56.71838326743321, 95.36488376843488
55.42231040308454, 134.2703847934384
60.72851683250027, 139.63754736753472
82.53334651930768, 161.26696047046983
87.90475349078463, 74.69702871998747
90.27983264150299, 85.24056704533382
28.089687097137485, 175.05671302087805
20.388654353881243, 70.6070157404955
21.69311810971868, 100.05025944793142
80.92240473827894, 52.178227760208216
16.62206542256096, 17.261836191438107
6.110061199282091, 180.05476666300365
29.25435562135209, 155.96821000110145
50.01213794856193, 125.84680049747242
4.173444075562394, 2.8039869393284844
10.863257917155323, 142.14617122147675
94.09499751028767, 140.02599313327252
69.38291342690015, 50.60342207316681
43.462263149142785, 196.97987628236234
27.08596484210075, 110.19202401399359
79.38965178466705, 0.20433552363035012
54.25887244953444, 88.34681822390706
82.50770521475539, 123.90445086980273
59.535662622235904, 137.2480056420761
36.99753368926498, 172.59363014373645
72.7807892816504, 166.52075205998372
62.87887434656794, 157.85475051557506
2.8390437698652904, 74.17747337079051
44.79184031620708, 96.53463074741295
2.5907411969088745, 40.68774067131491
95.93267415668352, 47.13737536394127
86.50502337568541, 25.161215639904057
4.548772092200748, 6.102677371065046
14.096462707667111, 5.374462121150159
0.575152441458604, 153.98304332872155
97.78203566693129, 151.61201536838186
52.07385736692521, 152.9451520528453
99.22681897324075, 133.72005328058972
88.33554444993564, 104.15977659171445
54.18951526419382, 71.17642538238998
76.04510056844053, 66.48949227389576
47.34489437965171, 77.71869707630572
97.52589952083686, 43.43573158813345
65.40153762926622, 121.8951477396935
65.70134034554293, 132.03997723058242
87.40623762495629, 164.85155690038042
116.00383129412272, 196.52860158891312
139.8598596667865, 36.73730240772708
103.25364509125059, 116.59402975947961
162.02042755318183, 21.1619270498703
161.7913505170987, 181.1864327580796
145.8012998367558, 0.5857236284025458
168.1987248226439, 125.59393581184214
165.47144677330886, 99.75869363558306
193.39570479604114, 168.23600927064902
187.4849963074366, 139.1864020970228
141.90779672638672, 155.34065218096802
145.89720338979242, 127.87780078805635
170.99045446416946, 163.02479811636735
195.85474456119937, 27.26708484626368
149.96336404075274, 191.13104987647574
152.9345489634008, 148.85122362136778
199.019622944003, 55.75890265092656
191.76528894028036, 99.61721261299613
172.75301616948133, 58.6733332431097
183.5658927795977, 103.10884686856656
189.87877876778015, 149.84460770856276
175.2404727081783, 59.58679949031443
105.43140458623596, 107.24667015155376
158.04403285085144, 77.59000238688631
135.58716964337356, 56.30654005186286
167.6680505235249, 59.77351848931314
177.57276701212135, 69.91968050253735
138.6494664716099, 48.002125926653584
141.42033945058887, 148.74298487911756
193.2522393865405, 87.28090524192913
170.97663066836247, 123.00058013220905
132.94653209426417, 29.98613144329203
131.93160765847597, 142.4198361316761
116.20319343502281, 154.24838220064512
116.75829260481368, 133.8254578744238
145.80358195446303, 41.74424119327609
155.2440899831886, 190.40024349310775
151.71269309844484, 114.86726283451918
127.03441692380282, 108.6168465816551
186.42332130076198, 180.34480372882763
196.3458112565772, 118.23475905613503
144.69736351760605, 168.96428040284405
161.97013777891735, 81.69950320531368
106.03746708080742, 114.83451768007127
134.87515833622933, 186.5575833152652
142.13152424653532, 29.69509249810198
114.5517419362949, 168.71677326664997
105.09483091509031, 7.942411196355992
158.19820421211642, 101.54548487471686
152.19289853172893, 163.55502255483495
177.24369776924058, 135.09276394398137
142.18560857286133, 118.088442706367
187.68062430355937, 99.43336377871104
193.68832399737806, 160.1932852622099
170.32903962589668, 29.438721705505124
105.83306563694103, 82.06358249301573
128.27303703504202, 24.527048213636917
145.2353430950012, 33.41493212879239
160.05478547066917, 83.65352302262335
100.58683540043776, 90.26755662736686
166.71142045976097, 0.9246251863291866
166.90343153310175, 106.47662827766821
180.94838361706394, 29.615479928842703
175.54323633976458, 14.914285220699576
167.14104622566907, 32.59851021339601
152.18896207643274, 188.9495769686928
129.02366347399004, 155.1059703294207
121.5785753821399, 190.81443741718599
157.88690822362463, 135.89550183671238
189.99441801029647, 181.95331987336937
116.89898295194597, 92.37534244877656
191.15395612441068, 117.20686114441976
163.9365676619846, 96.216592364557
168.11326804970108, 141.5723153341422
169.4403699541995, 53.11886490957494
112.32103376502958, 160.56498990939141
174.67435127434487, 154.13073021399956
140.1153237582177, 91.53439528710732
166.04091901820695, 120.78650116450429
150.09173715549633, 28.30768100178469
