160
31.64256723934554, 150.49653135128102
46.51198749998456, 47.59130580841546
13.601106751640302, 72.56884801771342
84.48680925084544, 87.05829466926538
51.61266436675809, 136.88687501767913
35.11064355508846, 195.5428387333923
98.61379942426272, 77.71752161330477
74.29745226057177, 45.4049574279904
52.46025552432734, 58.17572976573759
12.702934578918878, 185.3977927892879
79.30540308769092, 173.65431808457544
66.14854985057498, 52.24641022585463
54.69488366131119, 30.31488765681043
69.2434208679805, 150.66451851522928
92.31126522776032, 86.75021769213312
44.2183657108378, 86.52313558735882
28.23252119767175, 177.67196453273002
48.345412088442274, 86.36181978744861
98.691710637914, 90.33063520937274
1.3778802814190385, 67.60192859515388
30.829819662998005, 126.45862410840621
88.5572541414424, 62.5865613012307
17.45243701656427, 65.62752578797651
40.20011694361607, 11.341430675134196
3.355517547691078, 101.68070002200534
36.752909329775974, 125.16966234038367
69.62492755320257, 121.08330706460328
9.50777208244692, 187.30604702034424
60.924934745675024, 128.56442293593358
5.150377804067489, 71.15960494928589
57.52220532607253, 167.96919598628048
80.71083495562627, 171.71058329917088
3.2767877851370573, 111.66089843320603
20.385506196995152, 135.49820710194632
65.56601459753469, 23.411427021173413
37.37769078386034, 47.73748661328908
78.34242078072407, 156.11302288426486
28.355291537803883, 127.29629562598377
27.561771966890703, 173.18327824570156
41.68049181074344, 192.78101151043984
18.050033893077853, 108.32670381127647
80.71398375774515, 96.77169794050698
85.0301820773529, 195.54710123101384
24.136091067011233, 109.53301365882355
1.0303015723916453, 44.29555397689606
92.31588611884244, 14.046749888692183
48.668861509870055, 88.91923260863359
95.50194011880795, 4.71062783676588
46.70985779637954, 183.34835049241786
54.018495759169944, 80.94226863628832
82.83889207415992, 138.6697315887536
47.964861318715656, 12.515639063377993
98.80712760336091, 34.5420559306761
17.376662756001405, 106.059150119981
95.54459015462284, 83.42585141763928
1.4238004139571214, 168.6214246143982
5.138142061675699, 133.24317278601796
85.36159543481332, 90.4903205587042
1.4970597054872248, 19.588636316003004
5.87709341897108, 6.904178343770795
98.8688249023324, 172.94466420890961
64.26324168765446, 36.303690786918665
77.67589047959045, 150.7775955819076
16.447865716455382, 111.33456096500925
45.91260163531861, 117.25545403044568
96.05626529248205, 39.612014044899354
88.68760936162631, 178.16701146067317
43.44509621777066, 191.2029584238174
91.79353232231236, 92.49588711562127
74.62639371993694, 79.0480817233898
62.96568913152781, 68.23022111765754
57.91609474229812, 159.26804314773818
92.0119016145054, 22.574618429778113
28.667852208555832, 63.82176709541989
4.004445579192284, 119.06735165073515
93.15630560242185, 160.154650958632
85.16999673733164, 10.146966636725352
20.74579164042828, 108.3185311104792
42.92741458032631, 43.15122101888515
4.608557391200696, 53.556159739796726
151.9637735738804, 72.03232381237636
153.48801250001543, 47.59130580841546
186.39889324835968, 72.56884801771342
115.51319074915456, 87.05829466926538
194.57367326919388, 121.57399878026045
164.88935644491153, 195.5428387333923
111.61850916898841, 144.99210903151913
124.3501551043653, 85.24891691981091
147.53974447567265, 58.17572976573759
187.29706542108113, 185.3977927892879
120.69459691230908, 173.65431808457544
138.27522403768512, 37.75692418581862
145.3051163386888, 30.31488765681043
130.7565791320195, 150.66451851522928
107.68873477223968, 86.75021769213312
155.78163428916218, 86.52313558735882
160.60095721840597, 108.39018565043406
151.6545879115577, 86.36181978744861
101.308289362086, 90.33063520937274
153.7699046838639, 135.77542955074884
163.59621577460007, 143.8371911957693
111.4427458585576, 62.5865613012307
182.54756298343574, 65.62752578797651
128.77543655963615, 4.389410863066123
196.64448245230892, 101.68070002200534
163.24709067022403, 125.16966234038367
112.87238608296488, 75.30070144394614
190.49222791755307, 187.30604702034424
182.30884257869087, 172.9936977221255
183.79167380381705, 117.19458507204345
142.47779467392746, 167.96919598628048
119.28916504437373, 171.71058329917088
194.1353508137186, 56.37754425122472
179.61449380300485, 135.49820710194632
162.66312700444053, 23.663653092631055
149.75503052781085, 116.58649162390866
121.65757921927593, 156.11302288426486
171.64470846219612, 127.29629562598377
172.43822803310928, 173.18327824570156
105.38043309752223, 153.88087562799853
124.39333248391648, 183.413067220192
157.48837084051132, 17.74885567400768
137.9771075936066, 148.28141752905415
175.86390893298878, 109.53301365882355
198.96969842760836, 44.29555397689606
184.25500599432445, 21.91949742902468
165.52476398822154, 10.134626645540944
175.23498312631634, 18.668371922309902
153.29014220362046, 183.34835049241786
174.90090936287726, 29.10373979173302
117.16110792584008, 138.6697315887536
151.33953658521486, 31.415846445713246
101.19287239663909, 34.5420559306761
182.6233372439986, 106.059150119981
104.45540984537716, 83.42585141763928
198.5761995860429, 168.6214246143982
194.8618579383243, 133.24317278601796
188.3465277498369, 41.72380154302222
198.50294029451277, 19.588636316003004
194.12290658102893, 6.904178343770795
152.73459887038382, 127.08080465825905
135.73675831234556, 36.303690786918665
122.32410952040955, 150.7775955819076
110.39653586968605, 174.4557047432981
188.32084974447025, 114.297033397487
103.94373470751795, 39.612014044899354
111.31239063837369, 178.16701146067317
156.55490378222933, 191.2029584238174
108.20646767768764, 92.49588711562127
133.87617135019156, 130.7545361899881
137.03431086847218, 68.23022111765754
142.08390525770187, 159.26804314773818
168.55712139660966, 35.60396563531627
171.33214779144416, 63.82176709541989
195.9955544208077, 119.06735165073515
106.84369439757815, 160.154650958632
104.71912838691648, 49.7202067048316
106.82061079716865, 53.963053637820366
157.0725854196737, 43.15122101888515
195.3914426087993, 53.556159739796726
