192
37.11426572084606, 0.7423678215931373
2.7805590746367237, 45.022805220095094
96.28523161835341, 193.4028983649785
62.20968260311306, 100.70624754229782
52.016677107282845, 0.9727946864783661
56.89342359595503, 119.45187532524743
57.13307937788956, 131.01365723008152
64.81271789752802, 133.23771706562553
50.1563034886146, 44.010396107154016
58.51732645842429, 149.95317775057967
27.2768083081508, 62.696846709852316
49.35077798510667, 178.59990001842786
46.219649150403384, 144.76548943572791
36.94658237678711, 111.35039389965378
3.3251118821556735, 9.199745617027922
43.68649034841651, 92.87654026118868
15.760021557801574, 170.08914095134563
68.15868236148829, 35.70103968595581
40.01195871768605, 97.18177999008577
52.865206201775194, 26.360718955303852
23.24825960323004, 178.53479093110678
65.08941915757723, 103.38015385729508
79.80604763963706, 108.50595105735337
39.61639054855023, 107.47582153918678
91.49914285391073, 158.11446221127488
78.8709036577697, 112.16038172308586
34.040868179867054, 57.59973113475289
60.52857255090616, 114.9373989700108
66.05155006245687, 143.55447662126693
2.5935225914088145, 64.74223991710562
78.79903429944426, 159.66040806476659
41.48107876787286, 111.25032773378013
29.823804005179994, 69.71637388932392
35.010509605876706, 19.28519236277144
47.89904489702317, 26.170262115835243
45.02463900662883, 128.78328701238232
34.3357932146523, 198.35662577642134
46.2193437918819, 103.46294111312824
99.63082542083981, 29.584650220881258
8.719323063629025, 134.74882980384243
65.66477824742572, 124.00776825326128
37.3610300498426, 85.39611027716347
11.744487871612485, 46.74533722135536
89.5003144460859, 60.13956696929225
72.85919518678365, 167.20272625178373
96.04361548991959, 11.126891758661529
48.44116651475816, 16.603678788985544
1.573689324067984, 132.66341430517087
32.06428038514289, 72.81488150681807
42.650746525914954, 116.81733101812955
28.049984757923824, 83.9346430447608
12.180941752646001, 122.23244071616624
6.549573621438604, 147.7024060204274
62.895102176284745, 96.59895240688152
85.0281134653234, 149.46068663497346
92.27652114291455, 61.777232667701185
4.550938692657125, 196.97821306315785
11.728109344080991, 86.5344362819249
29.184567642376702, 120.8262087360419
61.69535202002022, 170.54627361102902
42.651299925865494, 126.3907908810142
59.7468861823216, 66.92373357285342
81.22347027399147, 36.159477789648385
26.29609676746615, 184.24352031881085
84.92610471708888, 144.8718173433693
95.24245922528752, 127.7208125092908
42.83998001917393, 97.3900213770501
64.38142076513537, 179.1748122844102
99.81438621321149, 62.18144422084586
57.56814238651099, 43.289921717755696
70.74511705879488, 2.2693613400700974
6.865060387904709, 84.06815254306517
8.890103761464395, 104.61462691313399
20.84018847719618, 55.22138111349893
16.339606674491918, 90.4608730535182
80.85274034071193, 167.27639328524887
34.3455527036862, 26.216278413184323
59.78415803363036, 36.431634530951044
17.11781109279753, 4.555831949215539
75.63468186513558, 33.21355679800883
53.83379944416172, 32.725743091051626
48.29308967981599, 78.29649132548712
10.926700525663657, 165.98701988299644
24.86664576708535, 156.12348654969065
88.15797140335576, 92.92892727238838
74.2133056494716, 156.79268480872682
13.565331592946151, 145.6128391694686
88.21699824266595, 143.2987392027984
78.8925872334332, 145.73803919989888
58.576010524568524, 15.033520971496328
79.05642173611304, 121.51397660391578
12.277209186499583, 192.03216965118673
91.99980938419844, 6.203359911896578
70.16707216811547, 184.28731872936652
95.80092584646289, 51.73209040794937
62.18106498944841, 112.86985394062712
63.051771518752375, 154.7021431656757
60.127170570955414, 64.89814769213984
46.217347428981284, 186.898456445056
31.438119112852725, 168.33163111803242
20.224851017294842, 2.6353252126377846
1.0123860329351864, 104.44445970738789
32.510711144863556, 160.7784767495653
18.756196835361692, 50.53122849703471
33.71697320694393, 87.80110415849359
14.00465472119965, 102.25517640662683
50.46028516545841, 100.97860097487043
7.013715547529675, 81.97228613705944
89.12709039877917, 157.0969258604438
49.70591720788266, 125.49493462744393
82.17231518435167, 94.42430471522141
53.277451623486606, 128.7695218528042
162.88573427915395, 0.7423678215931373
197.21944092536327, 45.022805220095094
142.0117180427428, 167.30761250458266
137.79031739688693, 100.70624754229782
177.5378777705382, 57.78869991419293
117.86482569600824, 61.71637535322871
142.86692062211046, 131.01365723008152
101.20287474229164, 86.98352579852313
105.99349015880782, 84.08072169688691
138.21848095475653, 164.44033577129207
172.7231916918492, 62.696846709852316
150.64922201489333, 178.59990001842786
174.8090218272053, 189.67298623920388
154.5750913059161, 189.22994612991752
196.67488811784432, 9.199745617027922
153.79257806673473, 172.02784179381504
184.23997844219844, 170.08914095134563
131.84131763851173, 35.70103968595581
159.98804128231396, 97.18177999008577
147.1347937982248, 26.360718955303852
124.68031489086341, 123.22723117252086
134.91058084242277, 103.38015385729508
144.71525915750925, 77.6215975922332
180.61886521965172, 170.6803384619149
108.50085714608927, 158.11446221127488
164.35917792836676, 166.21715736684877
165.95913182013294, 57.59973113475289
103.2780641360827, 103.51672355579066
107.96020483980323, 194.52135557411313
197.40647740859117, 64.74223991710562
121.20096570055574, 159.66040806476659
158.51892123212713, 111.25032773378013
187.67981527469553, 140.2891388334193
164.9894903941233, 19.28519236277144
152.10095510297683, 26.170262115835243
154.97536099337117, 128.78328701238232
165.6642067853477, 198.35662577642134
153.7806562081181, 103.46294111312824
141.50403781207396, 56.568389158554865
191.28067693637098, 134.74882980384243
134.33522175257428, 124.00776825326128
127.27698330599466, 131.11262085133205
188.25551212838752, 46.74533722135536
174.12758655228305, 126.80566621175173
183.31405582871514, 153.02548788670208
103.95638451008041, 11.126891758661529
151.55883348524185, 16.603678788985544
198.42631067593203, 132.66341430517087
167.9357196148571, 72.81488150681807
192.12389204345303, 160.99958172816636
140.06452457763032, 66.2168956922385
187.819058247354, 122.23244071616624
199.65826625931217, 189.8491620825895
137.10489782371525, 96.59895240688152
110.66670202424015, 162.69594642468812
107.72347885708545, 61.777232667701185
195.44906130734287, 196.97821306315785
125.06493102096582, 71.52482406660552
170.8154323576233, 120.8262087360419
138.3046479799798, 170.54627361102902
157.3487000741345, 126.3907908810142
115.87470485776318, 91.56793415475322
118.77652972600853, 36.159477789648385
173.70390323253386, 184.24352031881085
166.33743556974707, 135.51017310848025
104.75754077471248, 127.7208125092908
111.4231413785555, 35.01551432222156
135.61857923486463, 179.1748122844102
100.18561378678851, 62.18144422084586
142.431857613489, 43.289921717755696
129.25488294120512, 2.2693613400700974
193.13493961209528, 84.06815254306517
167.95158776200137, 152.81231632560744
150.62059426207577, 19.94144605601864
108.59856048493886, 69.48851299263674
119.14725965928807, 167.27639328524887
165.6544472963138, 26.216278413184323
140.21584196636962, 36.431634530951044
182.88218890720248, 4.555831949215539
159.65817651332958, 45.484547272604225
