160
78.47615412366224, 3.5784876153732714
5.849601857267784, 189.00988883788162
76.51004913604326, 183.32345053579365
85.8608894777216, 84.61466288187756
56.500825318568594, 174.8014645735484
10.847292657267047, 27.791138472511165
78.074513193754, 42.66990206238782
88.45880300649998, 68.78198670346947
71.68682022248419, 171.9594658524835
75.73371190107456, 74.88508599291994
41.293394476224584, 71.61805807533668
9.670915931150638, 155.23702947855156
43.29951119556263, 65.10242705099236
37.1411152769319, 36.96016341655795
23.953272975327994, 69.36366268120157
74.25637354308881, 113.24785316847966
56.53276882135204, 88.85205370523965
20.61079695956686, 5.6407975795376375
76.95847195875484, 176.62892781508413
44.47046663600749, 158.95096676224222
88.41457233320129, 160.9787919110152
18.145813083741103, 176.35339879754278
84.34686639899039, 67.64540134364645
67.67120234083411, 18.791749808315107
93.59931559628404, 125.39641356732325
89.3534085889009, 87.39834832768818
8.06159169598054, 143.54252707942788
1.2775884149342387, 164.92202715985994
60.81385478263114, 153.67481354444047
63.16769201046768, 77.07568294066284
66.36491977105963, 155.5763976098607
75.3800648955029, 94.29650747631561
20.846416222759945, 124.93275846791711
29.27601009150741, 168.3241370703201
46.0457934874656, 191.9367576089878
83.21324468730376, 166.2989815549659
10.820394018305945, 64.36447552432666
99.04041497069707, 188.18700687233638
5.163990827491098, 123.85713234439073
67.9591117864637, 70.46987446753131
4.944083333280652, 105.21355296252105
40.76413906128472, 154.3465847393901
57.19682501363922, 91.65777714174772
93.45821010731615, 134.43325561003158
8.308359047476099, 140.89936038713077
45.06582256210796, 77.44209287823077
47.51477717060331, 2.7653464085342003
72.36182521040459, 157.9910556493413
70.45381377975717, 52.05566849307901
69.54071048752364, 125.17435323885738
29.042864717169806, 65.38234538346727
9.03875580298039, 98.04337513033349
66.55023229469643, 52.75903569717777
90.5381333358496, 188.1148371162971
12.984961849200133, 163.22741370419578
11.574716739702096, 124.83905669163566
15.670984357439933, 22.905783802187308
63.85932440071366, 32.34103061691573
20.45739584392988, 15.95380629538598
25.119576717040346, 150.29780053365678
45.698325088169724, 178.81710566745718
84.18917916286881, 21.07284601603111
2.2305169806663283, 22.109334941090143
65.47670960457556, 10.873156042557655
94.97772518925242, 158.8230159512677
98.71775135074628, 115.78547284414181
94.04198329668944, 168.36324174953296
60.782919965841074, 114.65636987880454
77.18015720610568, 61.99528680623292
38.77257310141504, 152.2587645083362
24.60109760831595, 85.09136591326363
84.02423330391599, 86.89763720528548
98.22017593926145, 47.53845816404252
77.36162384526548, 152.22017052217544
63.85509278125413, 82.31769027028724
55.31422574204229, 109.6188632316177
79.89476983861343, 33.746009639094886
22.6011852216485, 2.432905292056331
54.625229571421634, 40.261131389516216
78.73896797826289, 142.11412185581582
121.52384587633776, 3.5784876153732714
194.15039814273223, 189.00988883788162
104.75925838699851, 141.9634438767106
120.02962298005686, 39.605332411681715
195.11515828381377, 136.56277887795943
162.6557171425956, 48.923908026761254
115.38750283803455, 31.759823207458805
135.16649974473836, 47.58900970201807
181.54379282178704, 178.19671550891968
175.37882675839788, 26.725110088160097
158.7066055237754, 71.61805807533668
181.6543753800593, 187.70880192549788
156.54655631493398, 0.5147952671630041
162.85888472306812, 36.96016341655795
184.03956046239333, 83.11207112133592
118.94794863432733, 98.40413223818301
143.46723117864795, 88.85205370523965
179.38920304043313, 5.6407975795376375
180.147370493569, 196.28003162248655
155.52953336399253, 158.95096676224222
111.58542766679871, 160.9787919110152
181.8541869162589, 176.35339879754278
115.65313360100961, 67.64540134364645
132.3287976591659, 18.791749808315107
172.79524283026316, 78.1556268654737
110.6465914110991, 87.39834832768818
191.93840830401945, 143.54252707942788
198.72241158506577, 164.92202715985994
188.9043801560061, 164.4646416389992
136.83230798953232, 77.07568294066284
143.39882386981725, 170.1519146614371
173.08923171919088, 90.00138310455847
179.15358377724004, 124.93275846791711
148.6922125952565, 172.13352841407982
162.0147427103762, 197.84091282078785
158.75863716524236, 101.84014069540962
189.17960598169407, 64.36447552432666
100.95958502930293, 188.18700687233638
182.24699331204224, 56.06721786196714
154.0433430219572, 71.75169053349325
143.43491740256326, 164.0547668009949
117.72932803476579, 127.70706091298423
104.07467521105717, 108.59366429112089
117.42703831626025, 62.95353746252368
191.6916409525239, 140.89936038713077
154.93417743789203, 77.44209287823077
116.16717682384376, 2.1503941338748556
127.63817478959541, 157.9910556493413
129.54618622024282, 52.05566849307901
192.28454414429723, 191.26903984092482
171.52345347650277, 6.60597472866804
123.03197169538007, 73.27877054873485
133.44976770530357, 52.75903569717777
150.67806031502624, 140.76325959679178
117.72752595760934, 198.21754198194103
188.4252832602979, 124.83905669163566
184.32901564256008, 22.905783802187308
186.42288071382788, 53.81576331265845
174.97485367348312, 16.448883336528873
152.4326550485424, 152.4915476878095
174.32798622254276, 199.03910432043932
109.34986932698627, 1.8572480107155842
190.9379030005899, 14.401633747160947
130.42689820597548, 11.227935417727553
162.30941116229388, 79.59774532123316
101.28224864925372, 115.78547284414181
156.95035947072375, 101.19967320137893
139.21708003415893, 114.65636987880454
122.81984279389432, 61.99528680623292
112.56363143095244, 141.84225975709163
194.34411102065195, 94.98363811387604
157.52139650679723, 26.33436826595299
101.77982406073855, 47.53845816404252
122.63837615473452, 152.22017052217544
122.96029772468624, 59.115367669444275
148.24655532126798, 30.23010688278287
120.10523016138657, 33.746009639094886
177.3988147783515, 2.432905292056331
103.48616037350534, 36.39634062303691
174.19719845429924, 69.50094512446326
