192
7.9486199944961164, 24.413061940857396
44.53296464871864, 152.2877026409707
78.59177049491915, 76.24987616254293
95.82012935212862, 164.48323011696147
53.58044507195097, 194.19689058666052
5.135161288888257, 182.75746428959278
61.9074000774373, 44.70836680829481
65.65722521056155, 24.976242120163604
8.827166784931917, 54.6952380790213
23.50733963590227, 32.79579706362661
23.38419570969826, 152.54509464854686
97.01416839573719, 151.0620573242256
73.89199586827786, 79.43351155346508
67.40771120492177, 181.2464737367114
70.99899414265379, 43.48593966434304
11.376169644688726, 78.40258439187515
49.63996129261591, 194.35446155902036
45.8412025682823, 70.31071126904422
11.829647606003554, 134.08201896297237
40.76381131082938, 123.06121273350016
81.16102338059258, 72.69413812578544
93.79228894996847, 194.88608084501953
12.035488782429908, 147.7980982375507
77.35831129636831, 72.22066203150807
84.24986079739112, 75.0520035713268
38.46284673084983, 21.725801545615454
48.74234980105842, 159.3952608846411
53.05305046273515, 150.61403834731644
62.72157536338965, 28.626452445077987
1.8482942474801756, 169.36266439637458
22.98998605141811, 156.90468986219003
1.5539627398776235, 138.76067746508286
4.555802114042217, 11.79795758397657
57.60216948809095, 111.80897324857263
85.7251683797172, 17.22248633112713
78.27423655274343, 162.76256320971342
42.094988481649544, 113.29574445263137
68.79637144836678, 128.5676760464533
98.87394851732674, 11.724492106956275
76.12849520963499, 151.55106553052897
45.220168573258555, 34.82867866662698
35.71481189867569, 83.63060782160755
32.161352928750155, 16.099564078380425
70.98604089126349, 79.5008251978883
5.889714169697835, 130.4543889817938
66.18512749910984, 67.19975999023121
31.77662868478174, 60.92681208826292
38.22023762096289, 190.503033758886
77.79048328871092, 100.04040700766356
5.943142553627867, 81.8955937589752
55.11355377312953, 20.59275340955573
6.616436984862939, 140.80332785072503
64.53472323187196, 94.14550541589142
44.92974478630751, 187.84571857070824
81.01936656498482, 1.5794748274154946
16.146766538217516, 176.2958433778169
62.2196411889224, 86.05558893161135
61.104054411020506, 149.92742950591364
64.25193269989411, 172.21933587370316
95.46835674558868, 154.49214034924904
64.89957140863815, 16.1317931143655
56.577274343420314, 192.5211419832233
73.52822912110948, 140.26253715411343
93.5843667091213, 111.2920048737893
36.27910344978847, 57.41684038074344
0.031457226079147915, 185.12818103561594
92.88813888480479, 0.6040537561095647
51.01013035359924, 36.01402260783439
38.67002311311206, 8.438134592518942
56.78613628851095, 3.350809685276559
47.86207515902208, 65.58528795082549
98.05972597295678, 174.86576540756712
29.518787957387293, 8.238049175848317
8.900565581855435, 178.25470743986153
50.14562367545508, 173.19413391574165
74.21197541913017, 21.270235827835027
76.08057623152587, 117.83235915213557
60.778616586440236, 164.95442087654254
52.445926353708984, 67.69420529375729
63.77187062614217, 105.72918130042672
92.87198297441577, 182.27674972853472
64.54181609649582, 86.44318224076855
79.15368738811655, 4.811487131524617
24.525969792533797, 103.4900513908752
63.084196738746456, 47.269417901106905
46.97894798362455, 12.750114516463817
79.7113745511537, 161.65809290807763
32.35427755483177, 12.659134478992073
16.439494808332967, 153.63946360183434
16.81609426477039, 161.36052981583987
82.08177065031816, 70.18404004962761
4.090078893894966, 7.634428257343373
57.30743175907692, 177.74278983077357
26.368026555639002, 2.4802999443685803
56.51271690878183, 78.90422885442835
71.23764118117623, 160.2333261175517
80.20672190995442, 31.768795837280095
76.5856378399033, 199.418595040879
45.343173353108924, 20.199421881478298
33.271943599644224, 71.17109276788432
61.046098606599195, 55.24220266181017
27.756572322633875, 16.63367429797202
54.738332104559674, 66.9535416638424
5.206296046865255, 32.80174935459057
73.7560494507826, 53.26802659639354
29.561293302201896, 176.7720809194025
94.05341490351917, 41.02634219504275
85.32948138821526, 0.42162950705453284
87.10837977094728, 12.864933415006563
97.31971072160171, 46.93619204592701
47.54981990549451, 150.55248632715458
64.32589084691087, 82.54626631004281
173.58122619612158, 70.65105429669909
155.46703535128137, 152.2877026409707
122.71224075760541, 79.08533123960886
173.93120935810805, 87.1954136265163
146.41955492804902, 194.19689058666052
194.86483871111173, 182.75746428959278
107.82305897647215, 118.9038901240562
134.34277478943847, 24.976242120163604
191.1728332150681, 54.6952380790213
176.49266036409773, 32.79579706362661
120.80810786041484, 181.80303660612356
102.98583160426281, 151.0620573242256
126.10800413172214, 79.43351155346508
132.59228879507822, 181.2464737367114
129.00100585734623, 43.48593966434304
188.62383035531127, 78.40258439187515
145.65437817701888, 199.27341011259176
147.64340970052416, 23.6400166718723
193.49454595386763, 121.09078310617024
124.65167646278582, 193.42548932690187
118.83897661940742, 72.69413812578544
106.20771105003153, 194.88608084501953
165.763564223723, 150.8533963726258
130.95627912263615, 18.9518274090422
115.75013920260888, 75.0520035713268
161.53715326915017, 21.725801545615454
193.175266576926, 125.72258399173009
146.94694953726486, 150.61403834731644
119.66899926065561, 99.01020454831821
198.15170575251983, 169.36266439637458
177.0100139485819, 156.90468986219003
198.44603726012238, 138.76067746508286
195.44419788595778, 11.79795758397657
194.55880321368804, 145.66655164576284
152.06066336975658, 35.69876688519342
191.23962524599582, 170.05453195313441
157.90501151835045, 113.29574445263137
136.22424794944584, 58.19929449558503
101.12605148267326, 11.724492106956275
123.87150479036501, 151.55106553052897
154.77983142674145, 34.82867866662698
164.2851881013243, 83.63060782160755
167.83864707124985, 16.099564078380425
115.18077155946594, 21.327492533251192
194.11028583030216, 130.4543889817938
110.86297760436261, 22.731175088281574
127.62520820202494, 123.48181591392702
192.8235244392234, 185.955771005665
122.20951671128908, 100.04040700766356
194.05685744637213, 81.8955937589752
144.88644622687048, 20.59275340955573
193.38356301513707, 140.80332785072503
135.46527676812804, 94.14550541589142
105.08121148719425, 109.16037452304903
131.448630967225, 2.5015998222274183
183.85323346178248, 176.2958433778169
137.7803588110776, 86.05558893161135
117.42639632863087, 199.49848396006186
172.54846544493648, 129.79329864891955
104.53164325441132, 154.49214034924904
135.10042859136183, 16.1317931143655
143.4227256565797, 192.5211419832233
167.4050322236631, 181.19554406744618
152.9268363832742, 76.41980548137187
163.72089655021153, 57.41684038074344
149.63899339126826, 128.52869847899234
161.15612539572373, 56.048383461160945
148.98986964640076, 36.01402260783439
161.32997688688795, 8.438134592518942
199.50348879861642, 52.361146740267905
151.67219075813534, 6.113360700024084
101.94027402704322, 174.86576540756712
170.4812120426127, 8.238049175848317
191.09943441814457, 178.25470743986153
149.85437632454492, 173.19413391574165
125.78802458086983, 21.270235827835027
123.91942376847413, 117.83235915213557
178.0390658542857, 192.64291775129075
147.55407364629102, 67.69420529375729
136.22812937385783, 105.72918130042672
