160
88.54464513975702, 86.93806984986934
5.2981265427861075, 65.09632058875272
93.42391065885055, 1.2837031764396878
87.52443848745962, 174.4098401499561
78.93785887777, 133.80067017084582
13.631878048961877, 145.6697126245319
1.0825259378584806, 96.37977389733877
61.18860655207896, 80.3346736665301
84.47103217554772, 123.66670137093485
62.80956378692518, 159.38249024099355
88.7378381065138, 108.25123632179883
23.24848386314725, 29.0099630852485
55.942844203211536, 102.0747238018469
62.806515189658576, 6.409555423698365
98.04543503347325, 174.24342368881852
86.01831919787621, 133.3450875054293
26.872922894696348, 94.99362194889132
96.7709573565773, 71.79256740463413
56.955430588587696, 35.74207084816263
40.57590796910748, 75.93789945638088
36.180794744623626, 24.361098822679892
20.814090949801933, 119.89054670592247
2.1201966356242274, 189.48764484105718
95.96530953813978, 50.36051611442096
19.919742254787664, 110.53756980681702
95.59247257875289, 5.046987548662374
55.972109435080355, 126.19866667781503
43.99035861467419, 198.0946237730036
64.659098158995, 95.73052307484613
33.005111404571, 54.58758670816086
50.49856114770264, 80.98568352206605
4.36573915540257, 76.53967856971586
64.18029539681801, 70.03067242585337
76.06094350169514, 72.49100350567872
60.905321640412936, 25.200065210180323
29.043297306039506, 8.141546977804559
22.36557478904746, 34.32966007310898
30.331216027979046, 49.46380442498448
42.00107445251153, 187.55628863263658
82.04994375048247, 16.07508563122899
60.804683084825896, 2.518097084694082
77.71164311988055, 134.90914435113984
48.0636420802406, 185.36811654391116
17.9359510467888, 171.33974317961244
43.34723806001601, 8.292536913455685
46.761976677565585, 50.30424224822092
72.9011799718604, 103.58077762015267
90.30038294185393, 151.3958208056509
1.6476872144628674, 51.05081138836971
97.94602580382501, 199.55346265774114
78.61435448328596, 88.83287162436709
52.40000184822835, 192.57731074596347
80.04645765714801, 40.03960861850096
58.803801742887785, 143.26351223899158
68.19626303646797, 133.95712004236717
61.79203573133458, 172.50173109659696
11.275137222749631, 162.85498181645448
77.49627697695962, 4.431692835179635
4.850099374270922, 196.8662456218856
45.904144572370306, 46.78365251690746
75.79880290913809, 86.81745358400403
70.68644695937235, 42.815938667507815
49.49661269023928, 56.029845397888934
67.8972069506782, 98.02323407391083
72.27016178038538, 34.25245710790079
39.13775140425244, 179.0037187429227
61.50866234045016, 93.14142048560834
81.50465631432333, 7.761534415222537
58.968011627012885, 40.02466449283082
17.608679121669326, 44.97332857248961
87.09957087569643, 187.6774674830875
40.2953002217894, 80.21737246987274
49.33043956701207, 37.90998049259409
76.42018021702454, 183.79463684314658
77.83620875514794, 153.41688096113432
63.798234351782455, 31.26974637989528
30.36765433873717, 196.1067224436806
78.67502648477782, 143.18630411290658
38.32448144217479, 187.7449736882639
32.03983833066131, 95.13575433898104
111.45535486024298, 86.93806984986934
194.70187345721388, 65.09632058875272
106.57608934114945, 1.2837031764396878
112.47556151254038, 174.4098401499561
121.06214112223, 133.80067017084582
186.36812195103812, 145.6697126245319
198.9174740621415, 96.37977389733877
138.81139344792103, 80.3346736665301
115.52896782445228, 123.66670137093485
137.1904362130748, 159.38249024099355
111.2621618934862, 108.25123632179883
176.75151613685276, 29.0099630852485
144.05715579678846, 102.0747238018469
137.19348481034143, 6.409555423698365
101.95456496652675, 174.24342368881852
113.98168080212379, 133.3450875054293
173.12707710530364, 94.99362194889132
103.2290426434227, 71.79256740463413
143.0445694114123, 35.74207084816263
159.42409203089252, 75.93789945638088
163.81920525537637, 24.361098822679892
179.18590905019806, 119.89054670592247
197.87980336437576, 189.48764484105718
104.03469046186022, 50.36051611442096
180.08025774521235, 110.53756980681702
104.40752742124711, 5.046987548662374
144.02789056491963, 126.19866667781503
156.0096413853258, 198.0946237730036
135.340901841005, 95.73052307484613
166.99488859542902, 54.58758670816086
149.50143885229735, 80.98568352206605
195.63426084459743, 76.53967856971586
135.819704603182, 70.03067242585337
123.93905649830486, 72.49100350567872
139.09467835958708, 25.200065210180323
170.9567026939605, 8.141546977804559
177.63442521095254, 34.32966007310898
169.66878397202095, 49.46380442498448
157.99892554748845, 187.55628863263658
117.95005624951753, 16.07508563122899
139.1953169151741, 2.518097084694082
122.28835688011945, 134.90914435113984
151.93635791975942, 185.36811654391116
182.0640489532112, 171.33974317961244
156.65276193998398, 8.292536913455685
153.2380233224344, 50.30424224822092
127.0988200281396, 103.58077762015267
109.69961705814607, 151.3958208056509
198.35231278553712, 51.05081138836971
102.05397419617499, 199.55346265774114
121.38564551671404, 88.83287162436709
147.59999815177164, 192.57731074596347
119.95354234285199, 40.03960861850096
141.1961982571122, 143.26351223899158
131.80373696353203, 133.95712004236717
138.20796426866542, 172.50173109659696
188.72486277725037, 162.85498181645448
122.50372302304038, 4.431692835179635
195.1499006257291, 196.8662456218856
154.0958554276297, 46.78365251690746
124.20119709086191, 86.81745358400403
129.31355304062765, 42.815938667507815
150.5033873097607, 56.029845397888934
132.1027930493218, 98.02323407391083
127.72983821961462, 34.25245710790079
160.86224859574756, 179.0037187429227
138.49133765954986, 93.14142048560834
118.49534368567667, 7.761534415222537
141.03198837298712, 40.02466449283082
182.39132087833067, 44.97332857248961
112.90042912430357, 187.6774674830875
159.7046997782106, 80.21737246987274
150.66956043298794, 37.90998049259409
123.57981978297546, 183.79463684314658
122.16379124485206, 153.41688096113432
136.20176564821753, 31.26974637989528
169.63234566126283, 196.1067224436806
121.32497351522218, 143.18630411290658
161.6755185578252, 187.7449736882639
167.96016166933867, 95.13575433898104
