160
81.60263524514949, 142.46582804037195
27.6118402792615, 48.816441797675104
5.035865064601264, 55.330790028231156
18.718069313655107, 91.36719327921796
89.10512193913306, 19.445861932173614
90.90586848515868, 65.68552378287902
63.674420322609684, 44.18859163355815
10.700224474552956, 107.21550528303847
46.654707142286924, 139.07932145892775
92.10876002773051, 37.029878207487
69.80837222758264, 79.54642141844248
8.94355918242562, 126.50887477029976
21.160274578032357, 173.3591573287236
53.63130045248782, 170.5764241014596
16.20003595572934, 13.698849575227158
0.9387048747011795, 60.19433843127666
20.214647767640493, 32.756671391697644
61.32108898629877, 46.23124214500463
43.41222161040583, 57.18054323487074
39.506818980440094, 5.759457339871932
52.007545025247225, 97.29977335700661
88.46616072433928, 180.8821697981583
13.026578789772824, 27.17192909272692
12.934388829482856, 149.98831814187875
33.68283625699261, 27.363538387353636
54.467209427769184, 62.36909025011159
30.745126193776695, 79.93302723858491
48.27017278785907, 9.714443140095174
99.09933830137732, 135.70930565365217
31.226324202719724, 174.11335345447344
23.107650745953446, 55.78868870491398
4.559810834009237, 162.7070507841212
42.63172105355264, 136.08068688933037
0.1795484752353249, 198.1618674326691
98.9471157506228, 65.9894257440235
90.33045036175467, 188.65698803701164
48.05939317024712, 147.17266227443915
43.16319358661117, 150.2551099680126
48.39247194373178, 198.25300655968516
45.44373153464429, 195.28681123955275
36.662800500562234, 186.62852071990568
26.56332258777422, 27.769995223213062
40.790087175821064, 71.01486681034245
40.020729211385486, 95.48088941709662
42.57975592487734, 102.03471395780245
71.87009481963932, 76.25454826434546
99.31957599850905, 96.05594352464841
24.06351494350455, 5.658562124304023
18.50826002935343, 23.232871911468102
99.51445514272905, 73.92987285907718
35.94115991936484, 175.90471580214037
62.24271643678243, 71.64718797706074
67.96292323073084, 7.245856917754323
25.97406313746817, 13.278136561905773
58.95243147336014, 98.60751024636404
43.58055949141407, 3.286962343536959
22.514417329093817, 166.37060657939205
95.59848834062281, 116.91967030444128
63.38654413219705, 57.199319768188175
20.503337853260394, 109.63777445485941
89.0358948812362, 108.51295094866961
96.32683493059766, 76.4306235053836
12.617771015669843, 190.29469660860096
51.05466615420442, 194.04544435148264
89.78497348262631, 134.4740131598736
97.3471867040907, 133.947286053495
79.14901046524918, 55.387318777704884
64.03513389259781, 78.17200001044979
44.30291243893723, 191.2508723532618
35.70783736582691, 60.58746820914502
55.398547766913076, 18.365242499250133
58.97749188571994, 111.12600217004763
80.7278504460412, 124.4270923725577
87.48126437298829, 99.67025424443806
62.82529995909664, 166.5391909211646
37.94340818532349, 109.88609895808364
94.26585475828372, 179.99632245547835
50.711915515686556, 127.44887905533359
96.03912568711905, 18.609602967819526
53.99724828052577, 53.792346464749684
118.39736475485051, 142.46582804037195
172.38815972073849, 48.816441797675104
194.96413493539873, 55.330790028231156
181.28193068634488, 91.36719327921796
110.89487806086694, 19.445861932173614
109.09413151484132, 65.68552378287902
136.32557967739032, 44.18859163355815
189.29977552544705, 107.21550528303847
153.34529285771308, 139.07932145892775
107.89123997226949, 37.029878207487
130.19162777241735, 79.54642141844248
191.05644081757438, 126.50887477029976
178.83972542196764, 173.3591573287236
146.36869954751216, 170.5764241014596
183.79996404427067, 13.698849575227158
199.0612951252988, 60.19433843127666
179.78535223235951, 32.756671391697644
138.67891101370122, 46.23124214500463
156.58777838959418, 57.18054323487074
160.4931810195599, 5.759457339871932
147.99245497475277, 97.29977335700661
111.53383927566072, 180.8821697981583
186.97342121022717, 27.17192909272692
187.06561117051714, 149.98831814187875
166.3171637430074, 27.363538387353636
145.53279057223082, 62.36909025011159
169.25487380622332, 79.93302723858491
151.72982721214095, 9.714443140095174
100.90066169862268, 135.70930565365217
168.77367579728028, 174.11335345447344
176.89234925404656, 55.78868870491398
195.44018916599077, 162.7070507841212
157.36827894644736, 136.08068688933037
199.82045152476468, 198.1618674326691
101.0528842493772, 65.9894257440235
109.66954963824533, 188.65698803701164
151.94060682975288, 147.17266227443915
156.83680641338884, 150.2551099680126
151.60752805626822, 198.25300655968516
154.5562684653557, 195.28681123955275
163.33719949943776, 186.62852071990568
173.43667741222578, 27.769995223213062
159.20991282417893, 71.01486681034245
159.9792707886145, 95.48088941709662
157.42024407512267, 102.03471395780245
128.12990518036068, 76.25454826434546
100.68042400149095, 96.05594352464841
175.93648505649546, 5.658562124304023
181.49173997064656, 23.232871911468102
100.48554485727095, 73.92987285907718
164.05884008063515, 175.90471580214037
137.75728356321758, 71.64718797706074
132.03707676926916, 7.245856917754323
174.02593686253184, 13.278136561905773
141.04756852663985, 98.60751024636404
156.41944050858592, 3.286962343536959
177.48558267090618, 166.37060657939205
104.40151165937719, 116.91967030444128
136.61345586780294, 57.199319768188175
179.4966621467396, 109.63777445485941
110.9641051187638, 108.51295094866961
103.67316506940234, 76.4306235053836
187.38222898433017, 190.29469660860096
148.94533384579557, 194.04544435148264
110.21502651737369, 134.4740131598736
102.6528132959093, 133.947286053495
120.85098953475082, 55.387318777704884
135.9648661074022, 78.17200001044979
155.69708756106277, 191.2508723532618
164.29216263417308, 60.58746820914502
144.60145223308692, 18.365242499250133
141.02250811428007, 111.12600217004763
119.2721495539588, 124.4270923725577
112.51873562701171, 99.67025424443806
137.17470004090336, 166.5391909211646
162.0565918146765, 109.88609895808364
105.73414524171628, 179.99632245547835
149.28808448431346, 127.44887905533359
103.96087431288095, 18.609602967819526
146.00275171947425, 53.792346464749684
