144
80.80764233173512, 46.269999785648984
50.92345318979189, 193.0731839993601
12.21651847962033, 148.06000794878963
50.103498306232886, 110.08113280712924
47.115891580084515, 146.96232252967465
59.59213049540716, 94.88482685176203
10.330292904928973, 97.88902090966323
68.2592459761593, 142.074661535166
77.35660596914029, 164.74500637392936
8.684275836213985, 20.843994024521017
83.01677005501456, 159.66633287175554
26.006486049919086, 15.682074219006182
13.160643677546169, 140.76922641618472
61.866574373484305, 73.56426138334626
85.67126907878352, 117.9379098388027
64.85359263043188, 178.20277746311532
19.932983075077935, 126.89963265633611
71.47668910675958, 94.85931168069315
73.70841132408246, 178.90087755551588
79.26169685372881, 35.94825652521158
16.613464406630452, 165.9603027385694
23.00105175630165, 69.47400022328453
97.3755812743885, 191.37804757648672
69.98524448813825, 189.52041715533423
70.39941280735358, 57.38890756655239
38.46555430222097, 149.15632250680022
90.18444531435244, 64.76375367036162
26.157060345491846, 183.16313285491037
51.804648896671026, 109.51763187743109
47.87243181579072, 89.97865010588441
84.52380538248094, 30.704745510425212
82.61084892014628, 98.12599391750521
22.99103331048982, 160.39473767680954
83.69479476798118, 39.01736210369479
5.534678919656577, 132.1025107533297
22.763754190613806, 139.98570255959726
48.77228299587253, 104.59273029021358
52.36023820733243, 123.62220345440993
39.620975467248165, 70.5614883444249
87.28581451470185, 17.430830066907266
34.773801596401036, 8.31334635209231
26.492525770362274, 135.9181992043947
87.07869201894742, 135.9913571129584
43.827673410470005, 9.245535663564318
38.284561321549525, 113.00513019319148
50.67944054260282, 131.48966238012684
93.40717187096207, 115.60689554719966
77.12289151129289, 174.87165873203324
38.35705921973809, 17.54152661207675
80.5035047756308, 169.79477488587915
60.43548774752306, 100.12193075132403
67.68755747421072, 3.5466945839254915
85.21491186837794, 5.8282296122218025
95.96195290547955, 22.092344952628217
0.3516103908563384, 45.24841235593333
4.030644614645118, 109.99014534346863
62.49664098863988, 11.220180233689181
35.339808084149595, 152.78114581817061
21.758314215060214, 8.32160841023175
19.67049471409077, 33.281508344540065
53.93485921791179, 17.638013204665583
62.756002093158905, 76.14613815382711
69.71493048124825, 156.05254626754507
76.05511879001155, 147.0867300661805
119.19235766826488, 46.269999785648984
149.0765468102081, 193.0731839993601
187.78348152037967, 148.06000794878963
149.8965016937671, 110.08113280712924
152.8841084199155, 146.96232252967465
140.40786950459284, 94.88482685176203
189.66970709507103, 97.88902090966323
147.26082835202925, 116.48965998024174
131.74075402384068, 142.074661535166
122.64339403085971, 164.74500637392936
155.1175321718266, 28.757621404799806
154.16651107936352, 136.3760455011225
191.315724163786, 20.843994024521017
177.48215696115201, 155.64504625113474
116.98322994498544, 159.66633287175554
173.9935139500809, 15.682074219006182
186.83935632245382, 140.76922641618472
131.16493592942552, 97.32185378021822
138.1334256265157, 73.56426138334626
184.99461602825755, 9.966857977497101
114.32873092121648, 117.9379098388027
135.14640736956812, 178.20277746311532
180.06701692492206, 126.89963265633611
128.52331089324042, 94.85931168069315
126.29158867591754, 178.90087755551588
120.73830314627119, 35.94825652521158
183.38653559336956, 165.9603027385694
176.99894824369835, 69.47400022328453
102.6244187256115, 191.37804757648672
130.01475551186175, 189.52041715533423
129.6005871926464, 57.38890756655239
161.53444569777903, 149.15632250680022
109.81555468564756, 64.76375367036162
173.84293965450814, 183.16313285491037
142.27009405695048, 122.03392836114895
148.19535110332896, 109.51763187743109
109.87357230216895, 83.97735487604328
152.12756818420928, 89.97865010588441
115.47619461751906, 30.704745510425212
117.38915107985372, 98.12599391750521
177.00896668951017, 160.39473767680954
116.30520523201882, 39.01736210369479
194.46532108034341, 132.1025107533297
177.2362458093862, 139.98570255959726
125.71685678624003, 37.11442332331634
178.3114172432733, 57.63800575359952
151.22771700412747, 104.59273029021358
147.63976179266757, 123.62220345440993
160.37902453275183, 70.5614883444249
112.71418548529815, 17.430830066907266
165.22619840359897, 8.31334635209231
132.5440386420026, 115.17099624195293
110.18920318815132, 16.48324571845896
173.50747422963772, 135.9181992043947
112.92130798105258, 135.9913571129584
156.17232658953, 9.245535663564318
133.20592082928914, 41.14394687724045
161.71543867845048, 113.00513019319148
149.32055945739717, 131.48966238012684
106.59282812903793, 115.60689554719966
122.87710848870711, 174.87165873203324
161.6429407802619, 17.54152661207675
119.4964952243692, 169.79477488587915
139.56451225247693, 100.12193075132403
174.29570658722565, 23.33522761609219
132.31244252578927, 3.5466945839254915
152.4080413548304, 188.81120801439604
114.78508813162206, 5.8282296122218025
121.94422694546554, 94.5930994769169
104.03804709452045, 22.092344952628217
199.64838960914366, 45.24841235593333
195.96935538535487, 109.99014534346863
137.50335901136012, 11.220180233689181
164.66019191585042, 152.78114581817061
178.2416857849398, 8.32160841023175
180.32950528590922, 33.281508344540065
146.0651407820882, 17.638013204665583
137.2439979068411, 76.14613815382711
130.28506951875175, 156.05254626754507
123.94488120998845, 147.0867300661805
