160
5.310881356301822, 116.58272577917333
45.49619876493829, 192.4486136210398
99.34434550613017, 110.05406269395262
79.44685282981061, 103.04708907281427
49.23113282264825, 58.46501735981291
39.386285018991465, 109.80420454892754
95.00904214237347, 35.92632137224081
93.01076319362089, 156.0605632414593
91.05709626350935, 117.67278780582524
68.8614779224597, 185.7743630449775
21.381248150302333, 100.01772479974392
27.59322125680681, 93.82158141280846
59.219490023645704, 110.00014906892174
73.40470228370795, 164.32767018557033
58.03926000759927, 153.4440950354107
79.66772729863345, 108.8098836061447
97.37697259699573, 184.85001656048516
75.74010322877727, 99.02439776209387
13.773764066383443, 46.80272184866319
52.2788513845013, 3.7929602264488382
29.274484290608616, 36.127691666191765
22.729125114077288, 29.312257344699155
77.5548390807548, 116.5534069173869
35.89543646823472, 103.65316072956243
13.384495478429292, 68.73819001055523
30.42098961733596, 123.32808569610245
29.414039198832263, 76.23801416592548
93.37623959575878, 29.179904675315594
43.46933486519915, 164.67158056431558
0.12214109836499176, 78.18222713895291
15.238669953471796, 162.15385447295526
28.80778303451008, 170.34231144278908
72.56664206982967, 109.04474744733159
62.50024414631577, 13.178731193615278
38.3508349435441, 65.41909030271216
6.2538504364263, 86.12522382691769
7.930823512092133, 111.55001905776875
46.76877554058765, 54.02323886344333
46.228856721029196, 73.61560555676432
76.05141980660234, 6.540778135801406
13.824625030752259, 8.365956665710828
35.39058208817123, 194.47542713071442
4.69272556756991, 123.92369498200269
77.06360763937327, 43.894537836818984
62.10030533008537, 107.6639069501758
70.9980881693198, 131.38920954895454
46.11920692394591, 117.5124295947852
64.99473891786921, 77.85296987137782
41.46250923053339, 145.34860037797813
67.11634653045435, 40.585337519106844
38.963050982157434, 67.90535597581047
23.197670058818087, 163.42570988490263
40.61184138235997, 78.65673881968914
32.15331747004535, 15.764449635598554
55.026872251620986, 34.171715879721674
59.20678185654196, 97.1069739616748
60.246387387049026, 175.73978133422065
53.50643509219412, 143.68580280826754
82.10280322026475, 22.415941615536482
27.108611227198587, 35.1608612825675
88.7846810431474, 187.10400728319763
3.900911102825211, 155.67699154255544
60.63503731427774, 145.1762503993747
12.393314141292478, 54.03109559022931
97.43957470604859, 4.014752955295409
50.85269533970942, 188.22396329029408
54.54945358015926, 145.5753607452776
76.34234412694241, 192.99103473425953
71.41365269468568, 43.08446565793216
41.477928405939004, 110.68619681489574
58.86498627545428, 44.49909138066863
64.12325600104145, 114.59162830187068
38.444824936141856, 82.97158702425283
84.6787133484878, 185.2396706744367
90.24215207706787, 106.19743860691833
57.879637861318635, 71.13080726353994
79.44005917354404, 190.71995469714273
48.3694038469984, 84.1740405447935
86.03181114152686, 170.18367142633844
85.64237891757591, 81.02604943871458
194.68911864369818, 116.58272577917333
154.5038012350617, 192.4486136210398
100.65565449386983, 110.05406269395262
120.55314717018939, 103.04708907281427
150.76886717735175, 58.46501735981291
160.61371498100854, 109.80420454892754
104.99095785762653, 35.92632137224081
106.98923680637911, 156.0605632414593
108.94290373649065, 117.67278780582524
131.1385220775403, 185.7743630449775
178.61875184969767, 100.01772479974392
172.4067787431932, 93.82158141280846
140.7805099763543, 110.00014906892174
126.59529771629205, 164.32767018557033
141.96073999240073, 153.4440950354107
120.33227270136655, 108.8098836061447
102.62302740300427, 184.85001656048516
124.25989677122273, 99.02439776209387
186.22623593361655, 46.80272184866319
147.7211486154987, 3.7929602264488382
170.72551570939137, 36.127691666191765
177.27087488592272, 29.312257344699155
122.4451609192452, 116.5534069173869
164.10456353176528, 103.65316072956243
186.6155045215707, 68.73819001055523
169.57901038266405, 123.32808569610245
170.58596080116774, 76.23801416592548
106.62376040424122, 29.179904675315594
156.53066513480084, 164.67158056431558
199.87785890163502, 78.18222713895291
184.7613300465282, 162.15385447295526
171.19221696548993, 170.34231144278908
127.43335793017033, 109.04474744733159
137.49975585368423, 13.178731193615278
161.6491650564559, 65.41909030271216
193.7461495635737, 86.12522382691769
192.06917648790787, 111.55001905776875
153.23122445941235, 54.02323886344333
153.7711432789708, 73.61560555676432
123.94858019339766, 6.540778135801406
186.17537496924774, 8.365956665710828
164.60941791182876, 194.47542713071442
195.3072744324301, 123.92369498200269
122.93639236062673, 43.894537836818984
137.89969466991462, 107.6639069501758
129.0019118306802, 131.38920954895454
153.8807930760541, 117.5124295947852
135.0052610821308, 77.85296987137782
158.53749076946661, 145.34860037797813
132.88365346954566, 40.585337519106844
161.03694901784257, 67.90535597581047
176.8023299411819, 163.42570988490263
159.38815861764004, 78.65673881968914
167.84668252995465, 15.764449635598554
144.973127748379, 34.171715879721674
140.79321814345803, 97.1069739616748
139.75361261295097, 175.73978133422065
146.49356490780588, 143.68580280826754
117.89719677973525, 22.415941615536482
172.8913887728014, 35.1608612825675
111.2153189568526, 187.10400728319763
196.0990888971748, 155.67699154255544
139.36496268572228, 145.1762503993747
187.60668585870752, 54.03109559022931
102.56042529395141, 4.014752955295409
149.1473046602906, 188.22396329029408
145.45054641984075, 145.5753607452776
123.65765587305759, 192.99103473425953
128.58634730531432, 43.08446565793216
158.522071594061, 110.68619681489574
141.13501372454573, 44.49909138066863
135.87674399895855, 114.59162830187068
161.55517506385814, 82.97158702425283
115.3212866515122, 185.2396706744367
109.75784792293213, 106.19743860691833
142.12036213868137, 71.13080726353994
120.55994082645596, 190.71995469714273
151.6305961530016, 84.1740405447935
113.96818885847314, 170.18367142633844
114.35762108242409, 81.02604943871458
