160
81.24709852061567, 17.282627524853698
21.591189313838, 168.76019735189084
92.87435967140803, 132.2160902882564
88.26243648641339, 72.98066515634991
90.40508093168434, 44.00296018060282
5.768001271298871, 96.60563757668552
78.53264246346086, 173.06353496060535
22.377765618428114, 116.59386544665796
73.5890160457337, 108.18214771302641
67.66418541659361, 95.43828171503259
45.36531581205128, 97.37798754268283
65.21622798614465, 122.8048281932726
45.666496911474354, 164.70221190627657
34.191465701138206, 187.75265005843934
32.63675350604398, 120.32301599221265
67.6936557215921, 39.07218039246061
73.69467044192774, 43.505192065977106
14.474748592452254, 80.21601986232743
61.03098941442043, 134.1662149374045
16.774770227440925, 123.69304290757347
89.87898355781985, 199.64957328567408
39.22431299745773, 161.31426486272957
28.965317778828428, 183.3906292905761
26.275335267995445, 188.09864344638592
69.72437221559554, 149.9124819757177
61.05870527788032, 147.12657809459552
65.17734145324727, 153.63900967050677
17.889373119568916, 41.809918835528826
44.726878616545434, 111.75803260344126
51.644847594240986, 120.07001874779792
59.70295113871997, 176.29000514551004
92.55845423131127, 189.800365575532
65.8813043050341, 65.3983412000037
8.458980854377273, 27.7596554335004
50.50158599816977, 51.2894386906934
44.45017811201769, 105.11811481768446
74.38476670305165, 175.32564900993145
21.5920958043781, 183.51696821840574
20.403616944241264, 29.623700343710347
97.56958508490138, 108.4122186639438
67.00824264124161, 136.32231102690622
70.77822520317855, 41.729131472330224
69.2156970501212, 31.12036006597819
56.21321140055908, 68.44917099672142
61.881064246344735, 118.42330688232232
34.27973796956399, 41.983736498823234
48.38032678759445, 66.31158905329364
3.8412900082286967, 68.748139538011
32.548536213495396, 79.41129744924652
99.88496481575399, 161.68055198981338
32.61981779828764, 124.73535519601423
78.74397661932079, 124.17937047531638
48.30537664507498, 123.1242984293441
2.562735671916215, 56.72585949582934
47.99270200279379, 86.05017205625795
51.74724147281436, 68.51234122113078
13.042204133001235, 111.4541900608315
35.9126954662028, 131.2506800827422
29.918654056519983, 160.47117000950078
30.919666765463877, 19.605848235222048
50.73754753702715, 25.764876795143635
36.144256795211845, 5.847992719334215
26.240252969513755, 21.678594132820535
57.78115179660455, 64.45645570877339
52.92430899092896, 161.85820451976647
83.71412130112672, 14.882522382876969
72.76029628135089, 95.32271251154862
71.87277137571412, 183.93877874869594
81.40573649015951, 104.73417771742878
61.759170564635866, 77.20614984196305
99.85929629415953, 187.7163657689706
22.349473714291996, 155.30411990380654
34.37810892895946, 168.45179415238923
51.40457726522924, 60.276528279511325
52.33232660549841, 22.607056687333568
84.46110170246101, 66.51622486331979
0.7861543825750985, 44.91098903195423
82.56885284941534, 168.1356891618346
65.6697134847402, 91.2756282794995
19.33198568228474, 100.04635579479122
188.18301584881146, 27.52320201583196
112.28594172465266, 169.18337703928336
145.8730213150973, 91.33413884875165
125.70731650281225, 30.064098551120445
128.08966778780024, 80.11023156666472
148.99489886095495, 47.06444329292625
109.9656364810449, 193.076211245061
107.81976932708928, 170.95710715383896
132.82345619910714, 57.33823220643999
118.28046813863507, 127.8020479238165
107.62926506852895, 166.09556035143876
104.80199009560626, 150.65252294391325
103.37979824962306, 178.85119174160425
161.37315626926105, 148.31488658649107
110.57345427139047, 48.10820279374741
187.41155943138622, 3.671659134657035
151.04164772116965, 23.083556701726458
184.1973874418695, 52.55654642107706
105.87634533610431, 172.3804714722495
109.59668309070571, 177.37814392750795
185.8139913057831, 187.27895022162983
158.3607018714201, 188.19408099149592
166.04025480336804, 145.78000248155598
195.25983403529133, 185.54126309834018
150.73443227234495, 93.19214584967139
188.27517476163064, 151.23625547607546
175.44717914389923, 193.27415492472218
192.49391240836076, 19.853960171013817
143.9488016769055, 34.19322309728419
166.41716375496506, 174.49689023798547
111.60350549795574, 186.28838070339316
175.16066143300247, 130.47480405651177
182.35740067937937, 56.72224418117806
124.48139512607496, 35.61613827672518
133.17258650911617, 55.340245475451596
159.9349677855466, 158.07394486384692
169.7380339374414, 112.23587254043534
184.3293340630475, 175.66209653050333
138.18658891985268, 51.97005899389222
142.82968276871406, 109.1525731246691
140.03250001183295, 145.37418107226136
175.67133294898085, 67.07199402308174
109.27725457735397, 10.35797075392233
142.40195099626212, 131.80866707930562
188.57967911853655, 39.02666177276841
145.4591398355476, 62.07254232986386
126.38197974201637, 93.61495377787953
180.513038412439, 137.2974601701638
190.17408809815976, 111.09364455833297
122.61635545328622, 140.1765796382102
138.7422893049469, 190.27928237848778
144.64242429029545, 157.85177725608017
169.90730414085095, 190.80126180973792
127.70288678998568, 17.405437543635415
132.33361600623044, 88.6578710478046
161.44963395623188, 71.18494351323217
159.72304701270343, 119.31258195451105
198.17729201539467, 129.44720637098087
155.63405220705434, 122.41638372400662
189.99080010418587, 19.708021191774485
142.7486045439781, 46.95410859982978
186.9788120283494, 62.56436170533932
191.46931724673718, 90.09305780174304
109.32114906127467, 80.31255330043025
178.4949722029206, 144.05291145615402
121.90558890457007, 13.395023535038986
145.02843964352556, 43.99600823963175
184.22042478141205, 151.98277822068448
164.62094729789135, 104.51342565138238
147.09689033800421, 30.98133261616658
135.51121417952623, 164.83819990951054
136.18487670031513, 160.49529893928693
191.74010421852316, 180.21706106223948
147.4188416933836, 134.46551679424928
137.2220661860577, 89.81590175586523
138.4660347096749, 8.058098495105126
169.54090185434455, 7.753867910525725
138.93711338435452, 101.78638529397372
151.1211710781808, 130.45812458881207
124.45724651208015, 50.72791095703193
