192
90.70527863470957, 159.4805096973659
58.39696915151311, 146.50572683346718
75.03143928052675, 0.6100245753053679
54.48828405913376, 47.63405031294934
60.79858391313859, 85.71421205476162
52.62844630583675, 64.67260782682547
25.769735245125602, 104.12729875599022
58.1728838597425, 155.50746302213813
17.39603424331927, 101.84802735318384
3.8388166698138604, 82.8715035298482
72.5784087336795, 164.25113453028655
38.466339887900425, 51.710408135862366
30.3375226060554, 141.38390015387105
73.91888438203577, 48.87347799030584
30.939317877856887, 38.05929892919424
69.17225369494888, 6.740553253736414
92.76647203211708, 24.154903546070837
13.768348043374045, 66.15605107708265
30.668375151871086, 31.365160078794418
63.81224194469618, 64.08789994868643
10.261847727333983, 90.97037264865592
90.15366191060099, 5.857433942798829
75.6284368889307, 55.82579031625543
51.89529475856156, 38.42941788531553
9.851919806062925, 7.674541988968575
11.247304870285602, 198.31968123860895
96.64508688717264, 70.07274676810904
45.41526283445645, 75.83472538494516
68.13792329115414, 198.20954210855243
91.65650562861973, 26.16571694075469
65.77777526079278, 94.5560896563773
56.725335613672236, 180.47318854941778
3.3615300382034863, 173.20340865200515
80.85214208264574, 1.2526304526532694
60.96504329024868, 38.39763910042642
32.65061584712714, 35.00188729556886
90.37415209641038, 58.831346019479746
71.57028454027777, 167.07846058073247
52.578980475786544, 22.692979039604168
61.53641823811935, 19.745543321449375
76.5574048069117, 102.18648074129189
3.182019065682562, 67.21248159331552
21.964156203761842, 148.96176709926615
3.7018079236877943, 186.91652878556636
69.26458177859521, 187.4932892651489
1.5839856644619066, 90.97410918294568
12.690721321945386, 36.44134292443191
7.3116293336119575, 117.3561400592642
21.457348975741063, 161.14437509800348
51.69670930395694, 144.32800876368424
73.63394517534616, 165.62921658857493
60.386938267649604, 69.64658464956706
54.54209318750674, 164.94049027086925
72.70778710913561, 190.98518413302605
53.127092068109896, 1.2470236776756627
60.38237678884638, 8.124737498114287
68.42337972995874, 127.67897290186015
99.65640244037468, 75.7343981975239
3.1540299652209502, 62.694949821787425
95.49988967062963, 119.3518410315048
3.2638598757310344, 199.80496241149902
12.607994059572302, 64.36061630458398
6.122244526756349, 51.80677355571308
30.898495606588373, 116.89589612759124
37.6166167958352, 164.03432473903413
95.16743358974075, 110.13098290253187
16.98375125594157, 109.5861528488802
35.44658980349781, 183.67578871613307
48.409883976974555, 160.61692672506751
6.5455739607306445, 161.43945999692514
77.72719782556095, 5.75549680200016
59.90716679147927, 162.53810881148115
7.947421780614339, 137.6764454420422
3.2553797656747596, 42.37113920363289
39.88593162225995, 111.88292977221678
96.3044808927224, 142.8247333442475
93.48082988173951, 167.79395087606474
32.58080511213771, 136.12349384848014
78.82966099725202, 40.6855722138217
3.128561300580468, 20.134204636590148
36.30307800077755, 73.58698352785595
99.83871414104465, 119.32636481576013
29.03381044147616, 51.78671453050552
74.06401358429628, 147.4826962876155
97.4304002902974, 147.00706847526973
44.65220814869981, 177.32409635379122
81.47842414110855, 37.82530296039053
38.996426474747814, 120.00580602307143
67.4683775754831, 103.8393552901822
27.616774004333276, 24.001228392808137
90.68807426019632, 49.36666594070114
85.05845324142324, 187.2631646151667
47.82098426508394, 32.30535655001414
51.66265518879023, 152.67981895527615
77.30786042796346, 43.532760044551
63.88842852250048, 146.34438030099432
50.710425341802726, 13.303736044344582
23.773817070855696, 137.2209101589917
33.692851256141424, 25.867079348742152
7.598823179401471, 185.42373554790615
1.6116143657377013, 114.80148638796386
37.85021909086809, 111.73926041151823
16.933766772676663, 4.046265993178033
94.27600468360427, 180.82952072665435
7.029085987765226, 74.9408408574034
78.94166624639799, 184.2960867837498
17.668022498841417, 184.544691670248
29.07403028129183, 94.15579529179728
34.914471566060875, 3.4542521914391555
27.637167022205755, 12.99283954506687
8.727356253059181, 111.46526811821704
47.28326133947167, 183.93131282280345
109.29472136529043, 159.4805096973659
141.6030308484869, 146.50572683346718
124.96856071947325, 0.6100245753053679
145.51171594086622, 47.63405031294934
139.2014160868614, 85.71421205476162
147.37155369416325, 64.67260782682547
174.23026475487438, 104.12729875599022
141.8271161402575, 155.50746302213813
182.60396575668074, 101.84802735318384
196.16118333018613, 82.8715035298482
127.4215912663205, 164.25113453028655
161.53366011209957, 51.710408135862366
169.66247739394458, 141.38390015387105
126.08111561796423, 48.87347799030584
169.0606821221431, 38.05929892919424
130.8277463050511, 6.740553253736414
107.23352796788292, 24.154903546070837
186.23165195662597, 66.15605107708265
169.3316248481289, 31.365160078794418
136.18775805530382, 64.08789994868643
189.738152272666, 90.97037264865592
109.84633808939901, 5.857433942798829
124.3715631110693, 55.82579031625543
148.10470524143844, 38.42941788531553
190.14808019393706, 7.674541988968575
188.7526951297144, 198.31968123860895
103.35491311282736, 70.07274676810904
154.58473716554354, 75.83472538494516
131.86207670884585, 198.20954210855243
108.34349437138027, 26.16571694075469
134.2222247392072, 94.5560896563773
143.27466438632777, 180.47318854941778
196.63846996179652, 173.20340865200515
119.14785791735426, 1.2526304526532694
139.03495670975133, 38.39763910042642
167.34938415287286, 35.00188729556886
109.62584790358962, 58.831346019479746
128.42971545972222, 167.07846058073247
147.42101952421345, 22.692979039604168
138.46358176188065, 19.745543321449375
123.4425951930883, 102.18648074129189
196.81798093431743, 67.21248159331552
178.03584379623817, 148.96176709926615
196.2981920763122, 186.91652878556636
130.73541822140479, 187.4932892651489
198.41601433553808, 90.97410918294568
187.30927867805462, 36.44134292443191
192.68837066638804, 117.3561400592642
178.54265102425893, 161.14437509800348
148.30329069604306, 144.32800876368424
126.36605482465384, 165.62921658857493
139.6130617323504, 69.64658464956706
145.45790681249326, 164.94049027086925
127.29221289086439, 190.98518413302605
146.8729079318901, 1.2470236776756627
139.6176232111536, 8.124737498114287
131.57662027004125, 127.67897290186015
100.34359755962532, 75.7343981975239
196.84597003477904, 62.694949821787425
104.50011032937037, 119.3518410315048
196.73614012426896, 199.80496241149902
187.3920059404277, 64.36061630458398
193.87775547324364, 51.80677355571308
169.10150439341163, 116.89589612759124
162.3833832041648, 164.03432473903413
104.83256641025925, 110.13098290253187
183.01624874405843, 109.5861528488802
164.5534101965022, 183.67578871613307
151.59011602302544, 160.61692672506751
193.45442603926935, 161.43945999692514
122.27280217443905, 5.75549680200016
140.09283320852074, 162.53810881148115
192.05257821938565, 137.6764454420422
196.74462023432525, 42.37113920363289
160.11406837774004, 111.88292977221678
103.6955191072776, 142.8247333442475
106.51917011826049, 167.79395087606474
167.4191948878623, 136.12349384848014
121.17033900274798, 40.6855722138217
196.87143869941954, 20.134204636590148
