160
82.18403384896885, 136.70816159135072
62.87949917642269, 51.13449877330789
33.79744902486826, 81.17714159621656
50.047026474694945, 44.74573921663718
48.27664412893616, 52.58720166795605
60.24547352277067, 185.00786425981354
54.95883708547102, 102.05764583331438
61.41138469518987, 5.714960384994949
98.98550366178256, 1.4823311372717356
76.17606769523387, 179.31428459664988
43.69290747999119, 174.58205985054127
98.57079582415189, 135.66796559372608
13.985598802977673, 72.04987983296036
4.291533807202352, 144.83352054364346
60.9291413780379, 54.12449943345738
80.69866054175421, 59.999693062861574
61.12478076677862, 18.019390224614497
86.31721950777573, 7.657259619861456
87.13771415072962, 123.54922024882111
71.17671298067684, 183.33600581484447
43.05585330558197, 39.619167609938245
79.071306972526, 91.7607396096717
35.91707051121638, 159.90780201609303
33.185345095450145, 141.29399102702425
6.422133377244233, 129.83488470376733
29.247657307309204, 111.93439247625459
20.71355663740625, 193.4114298694232
13.870091491544546, 36.29509388496493
80.31248191112519, 131.78172082919636
66.68303709621868, 32.30228225778777
19.043076669859317, 150.17163400837094
60.07738282228018, 143.22836854852935
32.42075521577775, 33.357020807750516
95.59826299387926, 18.17136027048656
37.05477502726996, 44.56207796174866
19.020026869289776, 182.81639997997715
26.734009570491512, 181.66077831795346
80.87141134494445, 88.00706422111588
97.35526424360431, 33.57109357175645
87.34171143889776, 190.88692183451272
97.05601452836198, 133.4747196755442
97.77514882736767, 23.536383243629516
67.20908190562632, 186.34307798223807
6.528590274157864, 77.45446352879901
42.63411252201347, 133.07884336964756
14.256895562795002, 115.8733662615617
50.9003617396425, 4.705948695610718
57.701805834777545, 71.38504468295778
51.7623657781151, 82.30177413404425
16.571001087627344, 156.48440955406164
45.690752286340775, 151.41773078436893
23.567565197624795, 20.965190243131193
54.91242921264275, 140.25549038704418
32.60617777637302, 42.71646108412432
67.32398762303094, 8.328977984214315
61.652946385496755, 66.42328253698028
87.22657207242038, 20.450565381633012
1.84934757555677, 21.55126111041692
92.29930218975622, 117.30045995409486
8.201329491644405, 179.96668566629603
40.760240440332694, 9.266598361684974
66.77738769131851, 57.36467910284417
36.93186561734131, 98.61900331960246
64.44503925062699, 74.07029604391988
53.751896724330365, 2.732822513472133
5.999381238857936, 11.623045238294099
31.70041805777748, 30.746040576949607
35.71563894728331, 89.36668205016365
31.17368862086454, 158.84607620980984
8.403270685530495, 157.74889222211996
51.18852870775458, 125.48483226425897
41.291958492067174, 31.43234931951573
55.811103910292026, 119.7439041763354
91.87023392709602, 156.29122599500965
77.43467127573041, 192.0201581193592
56.51753369965493, 145.4372870269172
53.675323824906876, 174.4563228778919
40.5274447450104, 92.05005357643712
97.23520057804174, 178.56585547454569
51.517235188308305, 93.59636932916722
117.81596615103115, 136.70816159135072
137.12050082357732, 51.13449877330789
166.20255097513174, 81.17714159621656
149.95297352530505, 44.74573921663718
151.72335587106383, 52.58720166795605
175.94403198158986, 137.00568440340487
198.8807116864204, 55.78052287950055
138.58861530481013, 5.714960384994949
129.74950316552992, 34.02186203481548
123.82393230476613, 179.31428459664988
156.3070925200088, 174.58205985054127
101.42920417584811, 135.66796559372608
186.01440119702232, 72.04987983296036
195.70846619279766, 144.83352054364346
132.17119542063102, 47.77581074688306
165.48489798225793, 29.426167328070285
138.87521923322137, 18.019390224614497
113.68278049222427, 7.657259619861456
112.86228584927038, 123.54922024882111
115.96423797377234, 161.9372209038866
156.94414669441804, 39.619167609938245
120.928693027474, 91.7607396096717
178.121900342247, 143.3310497199
166.81465490454985, 141.29399102702425
193.57786662275578, 129.83488470376733
170.7523426926908, 111.93439247625459
179.28644336259376, 193.4114298694232
186.12990850845546, 36.29509388496493
119.68751808887481, 131.78172082919636
133.3169629037813, 32.30228225778777
180.95692333014068, 150.17163400837094
139.92261717771981, 143.22836854852935
167.57924478422225, 33.357020807750516
104.40173700612074, 18.17136027048656
154.66958363473728, 88.08933723750198
180.97997313071022, 182.81639997997715
173.2659904295085, 181.66077831795346
119.12858865505555, 88.00706422111588
102.64473575639569, 33.57109357175645
150.63741618845233, 118.2308019075424
102.94398547163802, 133.4747196755442
161.1157704684337, 27.097675119205377
132.7909180943737, 186.34307798223807
193.47140972584214, 77.45446352879901
157.36588747798652, 133.07884336964756
185.743104437205, 115.8733662615617
149.0996382603575, 4.705948695610718
142.29819416522247, 71.38504468295778
148.2376342218849, 82.30177413404425
183.42899891237266, 156.48440955406164
196.67770820024634, 179.16093277504748
176.4324348023752, 20.965190243131193
160.4612404062978, 94.87238085503584
157.02421222789854, 88.45903687494526
155.4811007269925, 29.731762134349292
138.34705361450324, 66.42328253698028
112.77342792757962, 20.450565381633012
198.15065242444322, 21.55126111041692
107.70069781024378, 117.30045995409486
191.7986705083556, 179.96668566629603
159.2397595596673, 9.266598361684974
133.2226123086815, 57.36467910284417
163.06813438265868, 98.61900331960246
135.554960749373, 74.07029604391988
146.24810327566962, 2.732822513472133
130.90451205599143, 14.953155863293022
168.29958194222252, 30.746040576949607
164.2843610527167, 89.36668205016365
168.82631137913546, 158.84607620980984
191.5967293144695, 157.74889222211996
148.81147129224541, 125.48483226425897
158.70804150793282, 31.43234931951573
144.18889608970798, 119.7439041763354
108.12976607290398, 156.29122599500965
122.56532872426959, 192.0201581193592
192.28940731148165, 121.55878429791962
146.32467617509312, 174.4563228778919
159.4725552549896, 92.05005357643712
102.76479942195826, 178.56585547454569
148.4827648116917, 93.59636932916722
