160
64.51701535117533, 82.1969425644908
65.19457030462135, 94.50261584913504
90.54222688947382, 128.98539528359808
22.24255672013853, 85.5011167837061
17.46690848074821, 160.31467003139753
91.33887454095671, 167.6567947634266
26.47243261444181, 128.57267489834894
16.23903284334387, 127.56904368730456
7.181028815383128, 122.13296387405754
94.03217380847322, 19.64471063129052
43.658167430575865, 65.39807557830213
27.332806679614883, 138.308658009677
92.91133351804255, 0.6519364501659908
27.88418590314513, 20.88675706380423
61.0780132217641, 30.07773020771305
92.50278942482312, 83.45443322251278
34.182747754402484, 40.104766922003954
91.6299095754306, 10.145227536382496
41.145319336692395, 112.74764276051627
61.538054256582775, 159.5546536704834
4.310229944643562, 48.95444394043762
86.07284887129316, 69.02617699358318
50.510860920496846, 146.04769003959817
71.64674278380477, 127.83880269719823
9.750738473938181, 60.16864712979133
5.087283403398068, 65.09337473364283
6.106670446591755, 141.14755191008598
93.75331864378225, 36.205032045919964
1.3652952454985434, 20.997977343004194
46.13243593365179, 51.38280682157479
70.0675248335986, 88.10443454924557
75.31184054260311, 13.382473623532999
85.27180407569077, 81.93423159090254
77.84976143736155, 122.3678796150327
85.10614057083409, 136.48508938197295
67.96559183413103, 29.639545593593787
87.5309848930159, 7.601458739613465
82.82066061353814, 128.12629057751502
19.971300201977837, 58.94642425240728
0.0903510749072245, 193.86307308532108
63.53385696343364, 173.0018032415107
82.76332297471653, 98.5140767448523
91.6952689369138, 8.275141506011696
46.60099163700791, 56.30969292767689
42.90944042913338, 89.05978149754077
61.330703124548066, 24.884155074138302
69.25242349954436, 68.28802206357867
84.77466586633173, 47.593125287507036
30.20118395917527, 86.93992102465063
57.06946110454398, 164.85283024601935
55.684351992014946, 40.055149126939995
15.707985381438261, 121.5228297048884
77.7409045862872, 97.06357294642504
34.13045110582604, 5.516350745915299
35.8376116934712, 123.29809656491659
23.395766453876277, 106.80034831429792
98.92780600048536, 107.99018612676133
35.67658148545172, 74.23339161712651
44.08233078604793, 54.501188386816146
69.1143905547636, 179.97220693381195
2.290413464192409, 66.38632914699853
77.45020155605079, 132.35234765780768
98.60535369603048, 128.9876491517009
82.65918173464115, 63.39050624922471
18.259124725694086, 81.69852485583232
5.617015315456786, 101.8384827490995
78.47772799949018, 189.66830912816735
4.296249298565491, 184.3688900131493
5.934925251023393, 158.96169553313314
88.30315873276462, 198.04087167121222
41.08903067926543, 70.41189903593228
87.30403477739233, 195.6554394118746
37.84212672998356, 31.21008935400198
23.273093920179356, 89.59367482357341
98.16067230614225, 161.9990881419315
35.31232012511706, 186.3014694722016
8.916567876315739, 72.98348413937907
5.002294692803588, 99.56398765302599
50.00105844878306, 34.02114923021928
66.96955511632844, 82.21101241386148
135.48298464882467, 82.1969425644908
134.80542969537865, 94.50261584913504
109.45777311052618, 128.98539528359808
177.75744327986146, 85.5011167837061
182.5330915192518, 160.31467003139753
108.66112545904329, 167.6567947634266
173.5275673855582, 128.57267489834894
183.76096715665614, 127.56904368730456
192.81897118461688, 122.13296387405754
105.96782619152678, 19.64471063129052
156.34183256942413, 65.39807557830213
172.6671933203851, 138.308658009677
107.08866648195745, 0.6519364501659908
172.11581409685488, 20.88675706380423
138.9219867782359, 30.07773020771305
107.49721057517688, 83.45443322251278
165.8172522455975, 40.104766922003954
108.3700904245694, 10.145227536382496
158.8546806633076, 112.74764276051627
138.46194574341723, 159.5546536704834
195.68977005535643, 48.95444394043762
113.92715112870684, 69.02617699358318
149.48913907950316, 146.04769003959817
128.35325721619523, 127.83880269719823
190.24926152606182, 60.16864712979133
194.91271659660194, 65.09337473364283
193.89332955340825, 141.14755191008598
106.24668135621775, 36.205032045919964
198.63470475450146, 20.997977343004194
153.86756406634822, 51.38280682157479
129.9324751664014, 88.10443454924557
124.68815945739689, 13.382473623532999
114.72819592430923, 81.93423159090254
122.15023856263845, 122.3678796150327
114.89385942916591, 136.48508938197295
132.03440816586897, 29.639545593593787
112.4690151069841, 7.601458739613465
117.17933938646186, 128.12629057751502
180.02869979802216, 58.94642425240728
199.90964892509277, 193.86307308532108
136.46614303656636, 173.0018032415107
117.23667702528347, 98.5140767448523
108.3047310630862, 8.275141506011696
153.3990083629921, 56.30969292767689
157.09055957086662, 89.05978149754077
138.66929687545195, 24.884155074138302
130.74757650045564, 68.28802206357867
115.22533413366827, 47.593125287507036
169.79881604082473, 86.93992102465063
142.930538895456, 164.85283024601935
144.31564800798506, 40.055149126939995
184.29201461856175, 121.5228297048884
122.2590954137128, 97.06357294642504
165.86954889417396, 5.516350745915299
164.16238830652878, 123.29809656491659
176.60423354612374, 106.80034831429792
101.07219399951464, 107.99018612676133
164.32341851454828, 74.23339161712651
155.91766921395208, 54.501188386816146
130.8856094452364, 179.97220693381195
197.7095865358076, 66.38632914699853
122.54979844394921, 132.35234765780768
101.39464630396952, 128.9876491517009
117.34081826535885, 63.39050624922471
181.74087527430592, 81.69852485583232
194.3829846845432, 101.8384827490995
121.52227200050982, 189.66830912816735
195.7037507014345, 184.3688900131493
194.0650747489766, 158.96169553313314
111.69684126723538, 198.04087167121222
158.91096932073458, 70.41189903593228
112.69596522260767, 195.6554394118746
162.15787327001644, 31.21008935400198
176.72690607982065, 89.59367482357341
101.83932769385775, 161.9990881419315
164.68767987488295, 186.3014694722016
191.08343212368425, 72.98348413937907
194.9977053071964, 99.56398765302599
149.99894155121694, 34.02114923021928
133.03044488367158, 82.21101241386148
