160
87.80523836396176, 60.587987538244946
28.23374779508303, 124.16859917208963
93.88638859133309, 166.60853332294084
71.60040281337153, 159.09129926133235
6.092651121339054, 5.086537258957935
76.05836859676486, 141.90645319139813
69.23880990065157, 76.21725099037215
66.6404747142596, 108.32791906432186
15.685993556983647, 170.78113321956755
32.548242192150035, 35.46425481939903
52.95073038748838, 181.21640972594378
32.56155057454648, 180.38294404439
70.28648630548987, 169.79025056641143
39.3457020404481, 3.702534038840355
65.53384469194253, 82.24176679919218
91.46224767735993, 6.359167525456644
88.90371828459227, 100.90208437869678
67.15387848348695, 8.793288374186892
45.54809802885498, 56.997803516639856
88.60012010349863, 136.52018775575766
85.31971776446407, 192.62869102389212
55.531169075644016, 98.38422937625153
59.4197920716335, 18.65429318847891
97.6551318924963, 105.18740733590732
80.12664068517698, 151.570941897
41.43410606670549, 104.1419938001419
33.731179555023125, 96.10345736254942
39.36811963291854, 66.64243302653897
1.6958548154150543, 89.45880036072332
32.31091985693952, 73.25259233544483
64.81921997348283, 136.95480505792526
67.4374915611762, 194.01089356680342
70.78909189525106, 139.46015705607678
73.25129306951455, 132.10801539310822
96.68132601541863, 164.1175197447184
35.48105604292013, 76.97583091265527
66.72595134564064, 56.8562756857724
41.04001661050223, 192.64653724071198
84.83779512442376, 5.38028825483805
18.23490373215615, 6.010276205155485
10.329135142866752, 43.80393316386162
0.4298504980099538, 197.7753578776585
45.53634030374244, 97.87934599243253
36.39014481383853, 153.68018616708557
78.05761946603774, 155.97511552276808
0.9665312846518836, 148.18686545137842
34.159064742931925, 151.18910297703957
27.129102310343754, 166.0350072788708
35.008004793233674, 158.6583417071771
73.53921891684628, 42.14710825887278
51.93143360790899, 160.40450553739723
90.26862659443498, 67.06720089343834
87.46249801812478, 78.70061759540246
1.4682438060877434, 67.19791680524865
6.578859402615067, 7.201837505011177
23.930654431615185, 113.06343781315253
66.13246156915805, 180.9680931525077
25.205923292927658, 132.05800891098224
86.81966971052339, 121.44212712568985
25.627536036658295, 5.623325278969493
49.363227455271875, 147.1489816440711
82.40241119807001, 191.69873728826715
37.90963046478551, 83.54631267295052
10.531962827920472, 29.863348045718062
87.30735271285286, 162.39519116944382
82.79921491408409, 148.2434648463651
73.42029937406896, 99.19271266343203
80.063831399072, 86.89396920570978
87.25627296268021, 96.4417201985649
68.54722277469288, 0.9276557072639635
65.93150755100042, 88.29817401782256
41.78871465236408, 150.4446886084082
52.00230363478175, 195.68161341372198
52.761480322795606, 57.5714617306198
94.72519795820624, 176.0311640857066
43.79921757131697, 148.12458116520156
12.822249260446029, 32.919494827367714
15.861275771259697, 190.26159997606632
18.710269621818256, 153.34942375392185
60.872590224644306, 173.78025339908055
112.19476163603824, 60.587987538244946
171.76625220491698, 124.16859917208963
106.11361140866691, 166.60853332294084
128.39959718662845, 159.09129926133235
193.90734887866094, 5.086537258957935
123.94163140323514, 141.90645319139813
130.76119009934843, 76.21725099037215
133.3595252857404, 108.32791906432186
184.31400644301635, 170.78113321956755
167.45175780784996, 35.46425481939903
147.04926961251164, 181.21640972594378
167.4384494254535, 180.38294404439
129.71351369451014, 169.79025056641143
160.6542979595519, 3.702534038840355
134.46615530805747, 82.24176679919218
108.53775232264007, 6.359167525456644
111.09628171540773, 100.90208437869678
132.84612151651305, 8.793288374186892
154.45190197114502, 56.997803516639856
111.39987989650137, 136.52018775575766
114.68028223553593, 192.62869102389212
144.46883092435598, 98.38422937625153
140.5802079283665, 18.65429318847891
102.3448681075037, 105.18740733590732
119.87335931482302, 151.570941897
158.56589393329452, 104.1419938001419
166.26882044497688, 96.10345736254942
160.63188036708146, 66.64243302653897
198.30414518458494, 89.45880036072332
167.6890801430605, 73.25259233544483
135.18078002651717, 136.95480505792526
132.56250843882378, 194.01089356680342
129.21090810474894, 139.46015705607678
126.74870693048545, 132.10801539310822
103.31867398458137, 164.1175197447184
164.51894395707987, 76.97583091265527
133.27404865435938, 56.8562756857724
158.95998338949778, 192.64653724071198
115.16220487557624, 5.38028825483805
181.76509626784386, 6.010276205155485
189.67086485713324, 43.80393316386162
199.57014950199004, 197.7753578776585
154.46365969625757, 97.87934599243253
163.60985518616147, 153.68018616708557
121.94238053396226, 155.97511552276808
199.0334687153481, 148.18686545137842
165.84093525706808, 151.18910297703957
172.87089768965626, 166.0350072788708
164.99199520676632, 158.6583417071771
126.46078108315372, 42.14710825887278
148.06856639209101, 160.40450553739723
109.73137340556502, 67.06720089343834
112.53750198187522, 78.70061759540246
198.53175619391226, 67.19791680524865
193.42114059738492, 7.201837505011177
176.06934556838482, 113.06343781315253
133.86753843084193, 180.9680931525077
174.79407670707235, 132.05800891098224
113.18033028947661, 121.44212712568985
174.37246396334172, 5.623325278969493
150.63677254472813, 147.1489816440711
117.59758880192999, 191.69873728826715
162.0903695352145, 83.54631267295052
189.46803717207953, 29.863348045718062
112.69264728714714, 162.39519116944382
117.20078508591591, 148.2434648463651
126.57970062593104, 99.19271266343203
119.936168600928, 86.89396920570978
112.74372703731979, 96.4417201985649
131.4527772253071, 0.9276557072639635
134.06849244899956, 88.29817401782256
158.2112853476359, 150.4446886084082
147.99769636521825, 195.68161341372198
147.2385196772044, 57.5714617306198
105.27480204179376, 176.0311640857066
156.20078242868303, 148.12458116520156
187.17775073955397, 32.919494827367714
184.1387242287403, 190.26159997606632
181.28973037818173, 153.34942375392185
139.1274097753557, 173.78025339908055
