160
4.311221765927509, 197.13415690920382
85.99688645786699, 65.35611971271469
65.77070846707981, 161.16364809957767
89.16120582612484, 183.84013001715815
67.40710190128489, 88.84735432837813
54.165844293109174, 15.990252287452389
92.72434978458288, 139.42349808876034
40.42554104855704, 153.94341829907927
59.06191706571472, 197.57932342152813
92.97526384058756, 78.45001316734994
3.6221902522997453, 159.84838840400187
8.40120681777825, 74.63709006504482
86.07860924541177, 24.725173646337524
29.189303866513526, 88.55870386826388
26.855360817611608, 138.9538812520401
36.266464497671876, 24.78181718006151
7.8348860360881805, 0.3655778487154073
4.420545536083265, 69.85323948552016
16.902794224854713, 46.88082558360775
75.25984487698058, 117.5051213412362
87.39688666594006, 29.43658496573019
49.730569057521215, 63.89539836967022
25.88145816001863, 20.55562721304477
78.36645179439911, 141.8394942093278
32.7660392398449, 130.87293209933557
67.76334357513126, 25.42518068911972
50.89126457988448, 27.192712604891113
27.779831562784906, 72.00824618909049
32.50980286126845, 1.700862393665803
54.676964275915495, 113.40621139352889
69.15357808341696, 45.70271366111363
32.68316645659636, 87.46712564140398
91.06147347707991, 160.29237778127157
38.990098397625175, 134.77076842091483
1.8172000623150453, 97.44905708105937
52.466860172384386, 88.49410032849853
26.94992328028496, 197.8970461662816
37.65950275332063, 193.54512866427842
96.81210845844618, 186.60815922839956
30.66652872914827, 140.12896325574133
76.18605734943276, 126.91594044749517
50.24457622030637, 35.81392502816141
52.66368492309449, 71.34440162641562
15.334443507948025, 15.185986558541797
91.75348278463623, 26.71240367920244
83.11906519942022, 114.25484396369714
40.199458175050836, 20.105026569189533
19.129809520646567, 114.96140954581169
79.30509782282267, 71.12126041583554
49.09388191885428, 79.33023236308094
75.40745285392532, 186.77399343847762
8.24636181040802, 112.83033770002066
89.66087898232648, 93.81792289308638
89.44818746393432, 105.8493296970221
25.41030207831032, 184.98467005855795
24.28935128671852, 45.894510147672875
33.72724965432502, 172.34070225419285
51.18933688958103, 188.91226657340235
36.53438941347594, 154.10308084313988
71.36109641171427, 180.40530239932556
24.50216513900503, 153.70522728960364
47.767320381756115, 125.04621084847474
12.94945555022229, 7.811964097619972
34.35701475399261, 170.79513723412384
27.32309044408887, 194.8275647287902
78.65533321723068, 169.48467626966044
62.95289970787906, 119.04344643950512
25.31644025227702, 2.284062129312092
73.0081504872716, 42.201069987571586
38.90580657909296, 144.86417747128206
98.66043171079603, 15.445327391891638
80.6940405355433, 187.93683763972848
53.90938872125001, 54.03383780460888
78.9536530255688, 12.143839272666778
44.13064338604479, 44.750607868331386
57.932584616471395, 104.56775020629112
54.41992700046691, 153.32091088745563
58.946600889231426, 191.32133037162765
52.82391493782727, 80.5460609263252
92.13251540266944, 185.10164240297598
195.6887782340725, 197.13415690920382
157.83761535788645, 89.08721168471484
134.22929153292017, 161.16364809957767
110.83879417387516, 183.84013001715815
132.59289809871512, 88.84735432837813
145.83415570689084, 15.990252287452389
107.27565021541712, 139.42349808876034
159.57445895144298, 153.94341829907927
140.9380829342853, 197.57932342152813
107.02473615941244, 78.45001316734994
119.02616161427373, 99.476292612821
191.59879318222175, 74.63709006504482
174.3789694891444, 40.87636938372911
170.8106961334865, 88.55870386826388
173.1446391823884, 138.9538812520401
155.82261867208516, 58.4945945724908
198.19747054671083, 20.7796460801025
195.57945446391673, 69.85323948552016
183.09720577514528, 46.88082558360775
124.74015512301942, 117.5051213412362
137.96378479993095, 51.712974324400854
150.26943094247878, 63.89539836967022
196.8974119001306, 13.804672937294239
121.63354820560089, 141.8394942093278
167.2339607601551, 130.87293209933557
132.23665642486873, 25.42518068911972
149.10873542011552, 27.192712604891113
148.18322915773518, 17.688166698119588
167.49019713873156, 1.700862393665803
111.66059767589749, 185.7457324905218
130.84642191658304, 45.70271366111363
129.178961604484, 20.967639454682228
108.93852652292009, 160.29237778127157
155.57868151839529, 165.83680140825675
175.86029939969396, 139.81263462304457
147.53313982761563, 88.49410032849853
173.05007671971504, 197.8970461662816
182.00151303472558, 180.10045962468837
103.18789154155382, 186.60815922839956
169.33347127085173, 140.12896325574133
144.415082248971, 148.41999631956025
149.75542377969361, 35.81392502816141
118.88162004290449, 89.43784202838398
184.66555649205196, 15.185986558541797
176.7406371575566, 90.115280385843
149.4314548012326, 193.81556326355147
159.80054182494916, 20.105026569189533
180.87019047935343, 114.96140954581169
120.69490217717733, 71.12126041583554
121.58987119150423, 44.82124716179252
164.193865874236, 130.1062401588105
191.75363818959198, 112.83033770002066
110.33912101767352, 93.81792289308638
110.55181253606568, 105.8493296970221
174.5896979216897, 184.98467005855795
175.71064871328147, 45.894510147672875
117.31907349977682, 193.23008525102273
185.816944843829, 157.74267285071954
197.6322256083387, 144.32620869177413
128.63890358828573, 180.40530239932556
104.43394917278113, 101.04929827702458
153.10454972308992, 162.9640193512438
187.0505444497777, 7.811964097619972
165.64298524600738, 170.79513723412384
172.67690955591112, 194.8275647287902
121.34466678276932, 169.48467626966044
100.3289049969329, 139.87022282815806
174.683559747723, 2.284062129312092
118.9569397015402, 57.99205770265128
191.26006714019192, 64.91038236762843
101.33956828920397, 15.445327391891638
119.3059594644567, 187.93683763972848
196.974366523587, 17.04633542550813
121.0463469744312, 12.143839272666778
163.7974494776725, 8.037608746922743
142.0674153835286, 104.56775020629112
176.25051807408053, 161.18729192449695
148.37881011724227, 197.36157076963693
116.58020290658101, 158.86940968793655
107.86748459733056, 185.10164240297598
