160
79.31342345279754, 120.87941514971237
28.452006296443322, 11.250859441440264
48.59551436963263, 178.19156181364437
18.225887938455365, 34.65875459972392
81.02296279462166, 87.21362703513948
40.67264396650566, 127.7532435393128
21.081766756173153, 71.62926428678418
17.70191917409989, 173.05935443000712
45.1244425261539, 109.5273999447783
30.733998875172233, 110.14312169417036
77.55877690983223, 6.008438977295135
63.84579450520231, 4.431889974135816
49.14691298782805, 72.11106634570659
6.0563806566811484, 114.14741706559086
36.56865640091424, 110.34500708578626
63.65215331287338, 70.8450464398528
29.654158596327395, 67.68961144785773
88.87979248187824, 115.33715154396127
49.34444157794873, 54.37899904732826
6.420301878781787, 174.60374802664958
56.2646776191027, 59.696153418253274
83.13543473116894, 11.499598653318843
68.34243291661625, 148.53648193580563
91.60459288687639, 101.24507019150278
52.62185843908537, 190.41448426220828
30.76943639984423, 82.24245773607362
55.778394113823936, 0.2916013102311821
14.22318342864568, 3.6717644899946222
70.01723056866429, 109.69427025079635
6.901415288065604, 68.97791998224196
70.91704662357704, 135.74200900315773
87.87989242765445, 161.72880270301644
63.49788127062307, 112.118545437926
65.10210590587788, 162.64888737897786
81.50594861106482, 92.25195913231079
24.895408922679373, 176.39900570703492
57.556504145629106, 54.377913517867825
94.02300381167353, 133.1239244982582
68.02041832395275, 94.07611328963378
73.415772736492, 193.43988661742992
76.79454911138066, 61.837761343984184
27.339724553335422, 128.25179421827156
87.45711232275755, 139.47193164754228
21.452234591885176, 165.7236263047792
48.48935432283091, 136.031536005442
84.63012458580523, 120.26279172681012
75.92144712526462, 65.1169310246141
22.073895018688873, 33.10678556609693
55.68951341966487, 11.657031607075762
3.4256322615889068, 72.56554338028461
13.952789164000423, 194.59539826410816
90.42455465722868, 96.83510675763291
6.934056222780775, 47.46586401301846
36.11723052700919, 154.42742506996643
32.68448715915009, 195.40042409911973
67.24361238980553, 177.53617742523292
86.2023032964754, 35.947549027497686
17.475846302000154, 4.799964053209127
36.99522887460276, 121.82552008987606
38.716253175039995, 138.24939397310064
66.13629349014097, 4.815788428207712
96.31494832773289, 47.030098053038635
0.7723251849196755, 140.87358419355394
27.19421061016164, 172.2058750480436
15.300489625162207, 20.352848280845027
73.10861731408843, 72.51156173364357
40.22894611957509, 130.99595163590428
23.269854294729008, 137.71673851153184
63.23755238132469, 41.601330235484866
52.42712531841617, 186.35392556735098
10.88087792720549, 40.14246173422384
65.71964228331481, 82.35246676135633
39.755430577580185, 64.22075678863524
53.31033621509682, 82.71778941535568
74.28638772714, 53.68831030979271
65.85230801830998, 45.27716482764104
42.599918371228576, 48.55788831130785
65.86584004992902, 74.57179034411105
87.31181447185797, 34.60731543467941
29.257235209406552, 105.30958568053225
120.68657654720246, 120.87941514971237
171.54799370355667, 11.250859441440264
151.40448563036736, 178.19156181364437
181.77411206154463, 34.65875459972392
187.58893914373732, 110.48516520460325
159.32735603349434, 127.7532435393128
111.10393900489754, 38.72471146978156
182.29808082590012, 173.05935443000712
154.8755574738461, 109.5273999447783
141.7887289087381, 62.188891172494685
139.26942987151585, 63.075605739096694
136.15420549479768, 4.431889974135816
150.85308701217195, 72.11106634570659
193.94361934331886, 114.14741706559086
138.54305345577552, 101.24435828966863
136.3478466871266, 70.8450464398528
170.3458414036726, 67.68961144785773
111.12020751812176, 115.33715154396127
150.65555842205129, 54.37899904732826
193.5796981212182, 174.60374802664958
143.7353223808973, 59.696153418253274
116.86456526883106, 11.499598653318843
181.13070439343284, 177.72280276091473
108.39540711312361, 101.24507019150278
113.69086071971874, 187.67323137267636
169.23056360015576, 82.24245773607362
144.22160588617606, 0.2916013102311821
185.77681657135432, 3.6717644899946222
111.28208265422255, 150.64745792439007
193.0985847119344, 68.97791998224196
129.08295337642295, 135.74200900315773
112.12010757234555, 161.72880270301644
136.50211872937695, 112.118545437926
134.89789409412214, 162.64888737897786
118.49405138893518, 92.25195913231079
175.10459107732063, 176.39900570703492
142.4434958543709, 54.377913517867825
105.97699618832647, 133.1239244982582
167.4088037877759, 130.1590580907861
126.584227263508, 193.43988661742992
195.09776172768076, 27.339209950599397
172.66027544666457, 128.25179421827156
112.54288767724245, 139.47193164754228
178.54776540811483, 165.7236263047792
151.5106456771691, 136.031536005442
115.36987541419477, 120.26279172681012
124.07855287473538, 65.1169310246141
129.5464097131805, 53.77047076850803
144.31048658033512, 11.657031607075762
196.5743677384111, 72.56554338028461
186.04721083599958, 194.59539826410816
109.57544534277132, 96.83510675763291
161.40824582997007, 29.8945457334856
163.88276947299082, 154.42742506996643
167.31551284084992, 195.40042409911973
132.75638761019445, 177.53617742523292
113.7976967035246, 35.947549027497686
182.52415369799985, 4.799964053209127
163.00477112539724, 121.82552008987606
137.32306442838842, 155.15144555707272
133.863706509859, 4.815788428207712
103.68505167226711, 47.030098053038635
199.22767481508032, 140.87358419355394
172.80578938983837, 172.2058750480436
166.92449320919357, 14.025741508554379
126.89138268591157, 72.51156173364357
119.06898145041124, 77.75388372396665
176.73014570527098, 137.71673851153184
136.7624476186753, 41.601330235484866
147.57287468158384, 186.35392556735098
189.1191220727945, 40.14246173422384
134.2803577166852, 82.35246676135633
177.71751686275604, 142.25112029256871
146.6896637849032, 82.71778941535568
125.71361227286, 53.68831030979271
134.14769198169, 45.27716482764104
157.40008162877143, 48.55788831130785
134.13415995007097, 74.57179034411105
112.68818552814203, 34.60731543467941
170.74276479059344, 105.30958568053225
