192
49.312872320916625, 51.743773725585655
83.53097711319842, 110.9081857429226
54.57332040749184, 24.81571634844959
59.76915390362111, 191.52984445070948
99.53390227374771, 142.76933371939822
89.3773550899496, 1.8381561449912986
61.75407035879083, 67.33406338599319
20.45635918862313, 14.531024291621165
4.751539032438656, 106.30234938296117
58.591943798918656, 63.72100338515827
52.32455145492809, 95.70361698506267
23.513288224592166, 176.15942238739353
51.585306817240486, 163.5561678908673
96.23568237718779, 78.5370046524248
30.573636198785536, 27.700231213097524
90.31968384089348, 131.17123660059087
61.95107513161698, 55.372076590573926
47.29131567788312, 22.299680575501135
98.37436165001988, 17.924936512400347
28.86437610508581, 152.04350045512498
98.05812130425713, 134.182227845359
60.7010928716933, 22.777315238274486
67.22139319135701, 13.279629508657042
3.521213201536799, 53.38821368307136
50.195627981022916, 104.51149860001514
22.92392473283614, 78.25594249923982
91.29032392017983, 7.385632982212931
80.4891421955143, 22.994307711955297
95.00159710118061, 31.811299582113794
1.9162171248493176, 101.86002886006558
25.37982052432509, 12.7941807719679
17.001926545827008, 34.11486787066587
90.90847455874366, 190.17776047990185
71.61154544683384, 37.08367635293077
58.91714871562092, 17.77404717990305
84.84307458441262, 113.98000148396197
8.674025559355425, 75.16130905389424
60.49686464737245, 170.11215253937385
7.032098908892892, 123.35305232443528
87.49996379690724, 129.57547682507345
2.4252439595840003, 78.25956692431828
63.21333571104123, 35.0055621229757
30.949386930294953, 6.0157605292554095
39.35715484135507, 141.51232553991952
11.079279143037269, 90.01676672807531
18.924463707419637, 123.7170806152852
55.903482753128564, 117.66313139585867
88.06908798715473, 125.56641398261208
48.72439190561656, 138.34675443639952
28.59687845620289, 197.13099286050507
46.23194360105343, 170.99339304369775
25.885759988251035, 139.7502549239415
52.44662929525422, 51.45077564624834
66.48236800659781, 38.8881920743287
50.427551327867036, 121.60624920834297
41.71473164811853, 134.10599789663488
3.72465177641631, 144.40422237173817
83.63689664765703, 25.332409461414663
76.90477670660884, 42.45139687091248
62.866870546773924, 46.63513214214421
8.737580639095356, 171.55498041667173
33.40655511015478, 49.94297205643989
58.61515859854326, 161.03074157139588
3.653225490793355, 112.90440643974668
15.927671140757438, 88.57302218617336
40.24074605546102, 14.08136409905163
8.29379309433822, 167.86485304458586
36.37454390985497, 14.465429543654507
66.23560655255784, 102.20490538769522
1.4458195193685963, 193.01343976208167
24.03390588718316, 173.63547937473942
98.8973711305997, 90.70026035552858
43.58107674021537, 72.55994194922366
76.68012632204929, 198.13112551023505
83.89338449425468, 32.32391809938942
70.91671997348797, 147.1233590434324
28.95799829944663, 50.76842016912369
98.88298977889978, 58.651818281203894
85.00993348652807, 88.93369173096546
23.350994453239593, 63.989289812790126
63.25093323867903, 2.4410643877268434
9.412648572219817, 12.424038134947214
67.95089328639075, 23.031862130112547
51.527570678793836, 165.34306970489584
88.9246475699671, 30.10729577146456
15.871236013280644, 167.78094440339763
19.41569528187488, 170.41984474831392
76.001600249047, 157.8707894775453
66.3420585929577, 191.79521740980076
72.4792855273675, 161.27116803909095
51.37118951292682, 105.79473412991634
73.12669049614769, 182.63904135862356
86.27893943976387, 166.54749203698594
70.73941963749643, 185.65877700768138
74.84679707745016, 187.97479336549992
87.69379071965066, 132.99329635373732
91.25541914515183, 103.69140683452468
29.219382384934356, 131.54101424644287
25.171655036896702, 189.06486047113125
16.089013027519727, 150.9296726200501
18.01440818407417, 21.345942769576975
96.41414069012643, 117.90217893088017
46.591774982078405, 76.05247235869203
10.028651055273096, 39.71736385146103
88.39916189642352, 114.95649581011558
74.16090579174546, 156.25150086880976
62.2668478154859, 193.09003826782498
56.47414784467859, 149.5824076321444
93.14297937388208, 59.160881009922164
51.22539583691837, 193.96563582926817
25.051222074333534, 23.768957828177516
94.76066080905731, 154.0248477786425
150.68712767908337, 51.743773725585655
116.46902288680158, 110.9081857429226
145.42667959250815, 24.81571634844959
140.23084609637888, 191.52984445070948
100.46609772625229, 142.76933371939822
110.6226449100504, 1.8381561449912986
138.24592964120916, 67.33406338599319
179.54364081137686, 14.531024291621165
195.24846096756136, 106.30234938296117
141.40805620108134, 63.72100338515827
147.6754485450719, 95.70361698506267
176.48671177540783, 176.15942238739353
148.41469318275952, 163.5561678908673
103.76431762281221, 78.5370046524248
169.42636380121445, 27.700231213097524
109.68031615910652, 131.17123660059087
138.048924868383, 55.372076590573926
152.70868432211688, 22.299680575501135
101.62563834998012, 17.924936512400347
171.1356238949142, 152.04350045512498
101.94187869574287, 134.182227845359
139.2989071283067, 22.777315238274486
132.778606808643, 13.279629508657042
196.4787867984632, 53.38821368307136
149.8043720189771, 104.51149860001514
177.07607526716384, 78.25594249923982
108.70967607982017, 7.385632982212931
119.5108578044857, 22.994307711955297
104.99840289881939, 31.811299582113794
198.0837828751507, 101.86002886006558
174.62017947567492, 12.7941807719679
182.99807345417298, 34.11486787066587
109.09152544125634, 190.17776047990185
128.38845455316616, 37.08367635293077
141.08285128437907, 17.77404717990305
115.15692541558738, 113.98000148396197
191.3259744406446, 75.16130905389424
139.50313535262757, 170.11215253937385
192.9679010911071, 123.35305232443528
112.50003620309276, 129.57547682507345
197.574756040416, 78.25956692431828
136.78666428895878, 35.0055621229757
169.05061306970504, 6.0157605292554095
160.64284515864495, 141.51232553991952
188.92072085696273, 90.01676672807531
181.07553629258035, 123.7170806152852
144.09651724687143, 117.66313139585867
111.93091201284527, 125.56641398261208
151.27560809438344, 138.34675443639952
171.4031215437971, 197.13099286050507
153.76805639894656, 170.99339304369775
174.11424001174896, 139.7502549239415
147.5533707047458, 51.45077564624834
133.51763199340218, 38.8881920743287
149.57244867213296, 121.60624920834297
158.28526835188148, 134.10599789663488
196.27534822358368, 144.40422237173817
116.36310335234297, 25.332409461414663
123.09522329339116, 42.45139687091248
137.13312945322608, 46.63513214214421
191.26241936090463, 171.55498041667173
166.59344488984522, 49.94297205643989
141.38484140145675, 161.03074157139588
196.34677450920665, 112.90440643974668
184.07232885924256, 88.57302218617336
159.75925394453898, 14.08136409905163
191.7062069056618, 167.86485304458586
163.62545609014504, 14.465429543654507
133.76439344744216, 102.20490538769522
198.5541804806314, 193.01343976208167
175.96609411281685, 173.63547937473942
101.1026288694003, 90.70026035552858
156.41892325978463, 72.55994194922366
123.31987367795071, 198.13112551023505
116.10661550574532, 32.32391809938942
129.08328002651203, 147.1233590434324
171.04200170055339, 50.76842016912369
101.11701022110022, 58.651818281203894
114.99006651347193, 88.93369173096546
176.6490055467604, 63.989289812790126
