144
30.88865098157292, 168.11805495677967
89.60862122658972, 83.96194191512814
47.610369666128896, 149.41416123293632
58.94226638332108, 64.95207142927984
5.1861208525243345, 178.2607059699305
48.614342365786825, 51.40019470863282
3.5920032012949354, 17.309013919293182
31.164469871292933, 195.5319324577847
33.16247188663536, 122.30274656725896
14.24244585097595, 33.568357194063395
94.7659839337674, 76.99436619995164
81.23128134689372, 165.57391323781277
47.52817005145149, 3.2445424589629956
22.15323076281984, 84.11808421882576
14.18521449278105, 86.36788119921319
53.61086169273829, 144.1010173163134
8.565396114239165, 14.347414705757021
19.748631258596905, 71.3640155192928
66.47047060413384, 82.85204193563791
69.74325441687188, 54.79752016317108
41.39971017944157, 157.074343551445
6.74987624115686, 122.75181852630756
35.870621071357945, 146.49446790064138
78.19531701739697, 49.990802802629396
62.05009694820248, 69.81281740502534
61.36169488571556, 166.05331662519887
16.809368749636235, 16.336776025461663
57.32460627982133, 42.23815233641908
56.75175787422325, 11.532813942949671
88.21823250259399, 155.94389986851843
97.79665247900797, 28.89547305122808
20.48143721999206, 116.27876288517287
67.28396026578375, 90.710086979094
77.5232141424228, 138.3450714171922
57.80218330746963, 4.837808110039399
22.201421043020087, 51.00486021852535
42.60150532169822, 181.38100746985378
65.96985988756717, 58.671157583333525
19.247245171166615, 3.775353130198167
4.7729101744353075, 14.182679384151964
37.709207644120404, 57.25684804337001
23.078278471347925, 94.39774613917294
37.783796380288116, 72.08915174225305
90.40904180742596, 110.48697643881992
51.27248522096205, 161.50997775708487
81.09127033061905, 179.84651998775666
9.427679020969448, 119.67852586445669
11.136847885662071, 46.50940765013838
28.420752416669735, 65.42319428515961
49.0329345385668, 160.21648911654046
70.16154110925757, 65.31857792763047
41.527511008553844, 144.80494268379522
74.97349276947945, 8.656528276858943
52.90033597469683, 159.74343783974948
7.386740428823579, 177.54507948595122
83.07140813537556, 32.548508182841495
20.221472321239364, 34.71970739248884
50.618362450663426, 73.14262899388851
99.27703739370847, 39.07747472845373
85.05048306519024, 178.75152080192055
36.53973287591222, 142.51076001610386
15.065953101060447, 152.00208201809863
93.48134521891009, 176.93406888400156
89.10563945874149, 131.93553594991957
169.1113490184271, 168.11805495677967
110.39137877341028, 83.96194191512814
152.3896303338711, 149.41416123293632
141.05773361667892, 64.95207142927984
194.81387914747566, 178.2607059699305
151.38565763421317, 51.40019470863282
196.40799679870506, 17.309013919293182
168.83553012870706, 195.5319324577847
178.6848337296458, 149.67975179191194
166.83752811336464, 122.30274656725896
185.75755414902406, 33.568357194063395
105.2340160662326, 76.99436619995164
118.76871865310628, 165.57391323781277
152.4718299485485, 3.2445424589629956
177.84676923718015, 84.11808421882576
185.81478550721894, 86.36788119921319
116.9311315981931, 43.572201933415755
146.3891383072617, 144.1010173163134
191.43460388576082, 14.347414705757021
180.2513687414031, 71.3640155192928
133.52952939586618, 82.85204193563791
130.25674558312812, 54.79752016317108
158.60028982055843, 157.074343551445
193.25012375884313, 122.75181852630756
164.12937892864204, 146.49446790064138
121.80468298260303, 49.990802802629396
137.94990305179752, 69.81281740502534
138.63830511428444, 166.05331662519887
133.92659421517777, 155.13496585185666
183.19063125036377, 16.336776025461663
142.67539372017868, 42.23815233641908
188.95867840755375, 24.796416284602163
143.24824212577676, 11.532813942949671
111.78176749740601, 155.94389986851843
102.20334752099203, 28.89547305122808
179.51856278000793, 116.27876288517287
132.71603973421625, 90.710086979094
131.84840191077316, 158.45942981976768
122.4767858575772, 138.3450714171922
142.19781669253035, 4.837808110039399
193.31562537176436, 175.55899017830492
177.79857895697992, 51.00486021852535
168.25187927312976, 165.54878994508243
116.42960097773887, 81.43252283675389
125.7777703466155, 31.379933822160954
157.39849467830177, 181.38100746985378
134.03014011243283, 58.671157583333525
180.7527548288334, 3.775353130198167
195.2270898255647, 14.182679384151964
162.2907923558796, 57.25684804337001
176.92172152865209, 94.39774613917294
110.81684065639466, 20.50454248334819
162.21620361971188, 72.08915174225305
136.68469516916795, 98.84240078770547
147.88423595282353, 110.5799601251071
109.59095819257404, 110.48697643881992
148.72751477903796, 161.50997775708487
118.90872966938095, 179.84651998775666
190.57232097903056, 119.67852586445669
188.86315211433794, 46.50940765013838
171.57924758333027, 65.42319428515961
150.9670654614332, 160.21648911654046
129.83845889074243, 65.31857792763047
158.47248899144614, 144.80494268379522
125.02650723052055, 8.656528276858943
147.09966402530318, 159.74343783974948
192.61325957117643, 177.54507948595122
116.92859186462444, 32.548508182841495
179.77852767876064, 34.71970739248884
149.38163754933657, 73.14262899388851
100.72296260629153, 39.07747472845373
158.42778565628748, 62.669538311420126
114.94951693480976, 178.75152080192055
133.18418028506704, 120.35404566407284
179.2733706886732, 103.60274113407657
163.46026712408778, 142.51076001610386
184.93404689893956, 152.00208201809863
106.51865478108991, 176.93406888400156
165.3059496098983, 35.67468680678847
110.89436054125851, 131.93553594991957
