240
17.58569213829334, 9.031124395074809
11.543827458202639, 105.1105091628504
98.03403525775124, 125.90752261925995
50.82939663924103, 135.4059991319513
95.08054224168477, 101.4700842840891
33.35741215862554, 71.66446901721899
81.59336267623267, 144.99356421667534
8.884325034747198, 120.35951778342513
52.60822017862339, 172.51409627540917
8.477936928951625, 76.54362722249452
85.08897070570197, 60.848083208495886
84.81398285940129, 15.284576032433762
63.71953109770615, 15.531968226628612
93.91159940927221, 46.06636687617984
16.579778449084692, 129.53887442130775
77.3939816995622, 176.3837825504378
67.3186623320047, 74.21490518683423
90.90459788516729, 32.43757550378283
95.54962132680109, 33.22808867864813
29.15315391464306, 59.38823743628268
15.932654159632353, 161.40907589004522
52.33152421977039, 5.272003367818345
34.0819582607621, 117.69405061099015
72.92106167354324, 133.27251311531262
46.9116241069557, 69.3909126797634
51.415311113997106, 97.56654308028551
7.5899823944021065, 99.10330607369102
96.47469504351774, 196.53743767123964
9.022482178696444, 73.35078815709602
89.80453262441749, 102.24178731292054
10.27761189221943, 135.7073466810911
66.61660924458714, 166.4050662910509
43.51846802089619, 18.09591387410081
55.0206752986119, 190.9274431197863
56.199234111999495, 52.1481210941992
53.274404470307005, 15.253012915475317
75.48413133185484, 88.87220822222905
70.4551749128396, 119.68455241152394
62.63958032458148, 175.124713190026
87.81989475834982, 3.888263784823498
5.596941483222551, 107.39837516426958
37.547016461153746, 56.53783427495749
68.84487945224245, 13.851783867768198
97.10084651674516, 73.64321676879865
99.67906043673239, 84.01718034380758
27.192665082645906, 45.52686770309722
14.869082898311014, 64.06087513355591
27.088889977985243, 199.4302155601438
89.70130053793736, 92.47803040583022
11.48127624587425, 78.8016102235596
6.745094508692406, 136.4656475294896
38.739348155420785, 167.35947076713964
91.29368895302606, 91.66986481527775
50.47054928348881, 157.95546753529194
27.926200143343383, 108.20527005965923
67.73870060551772, 12.384806058335563
31.694196685141673, 132.08211084735757
84.74950624280838, 188.99308381530324
16.47765615823196, 19.44392452634196
57.06031455529187, 48.6796535477118
98.14143427662871, 160.87769495544154
97.23450884978534, 102.89654057321877
43.03832604896123, 76.77321942697546
29.126706419211025, 170.75506803010794
17.178545660961998, 37.761758369439136
33.80205843096788, 129.6991012480632
39.596508171905356, 195.73183107925536
28.315125161125522, 33.05688381289844
7.9646690719127555, 97.29006411225893
77.58809632211143, 25.233073607069013
85.34848807453282, 155.51039587591094
0.626655955584654, 165.226474013156
61.39436251531299, 177.1675003353342
16.779941099085537, 147.31448941367978
73.42200604957597, 122.75128627800072
6.351972757686253, 185.29343718389595
1.3717777413430832, 118.12760606844836
63.71685798766011, 57.81053829204843
56.40742773538153, 144.20898632270575
17.126364929769622, 16.7800431056069
91.87501361054947, 8.124615308634354
57.3524427885728, 27.931825899701735
49.9106498857282, 91.25599038294953
2.534453428298078, 197.25262902789174
9.689284075946247, 106.0547782140479
65.7699168853331, 177.98541745183087
13.3034113494104, 149.91256886436148
4.332050374117302, 181.33678985512574
75.6089914431355, 34.84395115798904
21.709007717411342, 12.691361080310259
57.72950304097891, 126.46202093344479
37.16176701898062, 190.1316244316765
33.93312190574341, 173.89312371569142
40.258747213720746, 137.0516887295436
10.187564955475725, 113.36077821361368
78.18872653323957, 188.7153351315834
66.8295940296201, 8.949460898354555
64.9734411783139, 48.305640354692805
74.25563089243325, 187.91876261648477
6.046318429206132, 75.5349582859568
77.13082036616196, 67.49905576397421
51.65177938937294, 90.26373400045453
59.569501834775096, 141.25473903462827
8.476990953696061, 101.92014834120533
44.85132702542468, 23.327225300260302
78.60565514408641, 120.07083202850689
44.12685990284084, 120.28157237158057
57.58273242472942, 80.34503755902169
8.545978458783255, 175.0962572994015
65.8877626940566, 124.85957921907595
32.93871918172751, 93.13242100304807
93.96069874697845, 146.79436662699743
43.79083746839887, 8.980980959304553
5.173682992702022, 160.5624877898075
14.651812372442585, 191.71006408147136
87.00364713995874, 165.48215811011988
79.40966049803228, 118.21613562523675
77.05811701861566, 151.52083048583577
64.02823286069997, 129.45724439436214
16.108504779915332, 163.35875047985346
77.63296423678025, 173.28464294875724
0.4727877959133542, 59.9765317611771
73.58583052863457, 24.11067572220238
46.78903555624948, 56.74868501347863
31.164760180797856, 141.36405063064458
34.50094345126116, 56.04736913094974
77.51919077000251, 34.0985379848648
20.433690435745767, 30.13879735549152
55.682648732900745, 40.93703597987029
90.07920831643237, 119.57718293505393
14.118371021953436, 141.3411401755283
31.57426658407586, 97.41809559594441
92.22966061599381, 35.18268811289431
79.4162547570489, 94.96126636119433
29.85017824477425, 29.451833966601136
12.544413362194984, 118.06698516287753
66.82224854036829, 28.689736180041912
29.91827015788714, 6.225638420727853
2.970871138827147, 92.61607695538363
33.45514441662073, 160.67156945787505
34.95376725073841, 157.83525713888946
54.57206972711117, 77.86007891205608
9.304681209861055, 65.5370063842674
60.95812545836022, 71.26274036876035
19.068112910115097, 80.24803495935409
19.716859137128694, 93.29449381398705
17.071658916268618, 56.707975117045706
18.002600234154198, 154.50058507739234
5.084679606047782, 43.609623202870985
27.477001299682414, 180.42931486190818
11.615852237767976, 44.8010912825076
81.16863613108238, 87.51123539688994
49.655761327120885, 154.53124793009783
99.94359285681664, 93.6623718326119
14.520537125779365, 32.03261304278213
9.872635715017653, 146.4198296488444
54.19997285283088, 69.76090863867694
52.096972012879974, 161.20853490718778
57.79543042187571, 69.06009348496693
93.29832050327673, 78.93919982131332
182.41430786170667, 9.031124395074809
188.45617254179737, 105.1105091628504
101.96596474224876, 125.90752261925995
149.17060336075897, 135.4059991319513
104.91945775831523, 101.4700842840891
166.64258784137445, 71.66446901721899
118.40663732376733, 144.99356421667534
191.1156749652528, 120.35951778342513
147.39177982137662, 172.51409627540917
191.52206307104836, 76.54362722249452
114.91102929429803, 60.848083208495886
115.18601714059871, 15.284576032433762
136.28046890229385, 15.531968226628612
106.08840059072779, 46.06636687617984
183.4202215509153, 129.53887442130775
122.6060183004378, 176.3837825504378
132.6813376679953, 74.21490518683423
109.09540211483271, 32.43757550378283
104.45037867319891, 33.22808867864813
170.84684608535693, 59.38823743628268
184.06734584036764, 161.40907589004522
147.6684757802296, 5.272003367818345
165.9180417392379, 117.69405061099015
127.07893832645676, 133.27251311531262
153.08837589304432, 69.3909126797634
148.58468888600288, 97.56654308028551
192.4100176055979, 99.10330607369102
103.52530495648226, 196.53743767123964
190.97751782130356, 73.35078815709602
110.19546737558251, 102.24178731292054
189.72238810778057, 135.7073466810911
133.38339075541285, 166.4050662910509
156.4815319791038, 18.09591387410081
144.9793247013881, 190.9274431197863
143.8007658880005, 52.1481210941992
146.725595529693, 15.253012915475317
124.51586866814516, 88.87220822222905
129.5448250871604, 119.68455241152394
137.3604196754185, 175.124713190026
112.18010524165018, 3.888263784823498
194.40305851677743, 107.39837516426958
162.45298353884624, 56.53783427495749
131.15512054775755, 13.851783867768198
102.89915348325484, 73.64321676879865
100.32093956326761, 84.01718034380758
172.8073349173541, 45.52686770309722
185.130917101689, 64.06087513355591
172.91111002201475, 199.4302155601438
110.29869946206264, 92.47803040583022
188.51872375412574, 78.8016102235596
193.2549054913076, 136.4656475294896
161.26065184457923, 167.35947076713964
108.70631104697394, 91.66986481527775
149.52945071651118, 157.95546753529194
172.07379985665662, 108.20527005965923
132.26129939448228, 12.384806058335563
168.30580331485834, 132.08211084735757
115.25049375719162, 188.99308381530324
183.52234384176805, 19.44392452634196
142.93968544470812, 48.6796535477118
101.85856572337129, 160.87769495544154
102.76549115021466, 102.89654057321877
156.96167395103876, 76.77321942697546
170.87329358078898, 170.75506803010794
182.821454339038, 37.761758369439136
166.1979415690321, 129.6991012480632
160.40349182809464, 195.73183107925536
171.68487483887446, 33.05688381289844
192.03533092808723, 97.29006411225893
122.41190367788857, 25.233073607069013
114.65151192546718, 155.51039587591094
199.37334404441535, 165.226474013156
138.605637484687, 177.1675003353342
183.22005890091447, 147.31448941367978
126.57799395042403, 122.75128627800072
193.64802724231376, 185.29343718389595
198.6282222586569, 118.12760606844836
136.28314201233988, 57.81053829204843
143.59257226461847, 144.20898632270575
182.87363507023036, 16.7800431056069
