160
56.06568082364238, 172.67459801199266
93.7646450514541, 46.714369007863986
36.3353336649753, 74.10118369109836
46.606282960111265, 11.08935584699764
98.30916900481216, 128.585378814811
13.285685837229222, 179.49765147008648
20.81356975878227, 102.70229145247407
36.55231901759943, 71.21975377474061
79.05096714497299, 183.11848570663523
15.817618402085731, 114.97536956024264
28.783627895743702, 88.28592814739457
26.690708953560225, 115.7514270997955
85.37386001304304, 92.96455967344738
91.41758357677129, 24.819078500645908
79.18825663219931, 47.911396093671144
38.79307786205717, 167.90878890536044
30.18697176756251, 84.84438054211887
39.55073799980414, 92.98167213877208
40.79831967897859, 74.95410703063583
58.56716833276906, 95.06436271563116
9.91303268617595, 95.23086372250758
87.899762259783, 122.7242018497891
43.18353049426881, 76.60601040952231
86.79237171949292, 115.72349578162408
83.84523699610284, 22.659585434974193
39.4896444977069, 0.3983285422394012
65.7531475304557, 102.59102041597836
58.35085343151039, 81.41382262272023
31.69398082891893, 100.37301012636901
75.80654877282848, 154.93930539787388
93.91948051167157, 125.04521444647798
87.88242731285159, 120.3396414594466
25.956423278076546, 193.49648423401263
63.35269207089035, 144.5504334499657
78.43419003502495, 179.3781255599743
18.456500165154544, 85.5176855030687
83.79534081861533, 47.83968306606192
30.606240179006548, 136.91939613764384
59.97627914377318, 125.23887335180834
43.43137744429796, 122.79946391088048
34.38458123542571, 71.69364234665309
28.790404882622344, 73.74885253622148
89.25738840795448, 84.58895432899509
65.60647695802115, 183.6282869746056
78.01171597679595, 133.02856929760975
53.777332326587576, 194.5514296160225
89.42611016016934, 61.86607235886046
11.654103476778555, 164.88393898848497
61.00193682708244, 25.975064254323964
76.77944393102996, 106.45610831076233
19.10383750383009, 20.663070940038942
12.74629068978549, 197.9411543743307
58.81965686292413, 10.576259899732676
86.92788423732296, 133.94599829191088
53.06350167344356, 8.549430624922238
67.1376755059318, 78.50771217634708
37.093643814153275, 132.61711233067874
5.836126394996322, 185.25773491402646
28.660043984714513, 4.4780878657663115
53.7926512491208, 66.65482310972806
32.146994581291246, 178.0849431930031
26.856296360735765, 150.62132124033326
65.64073805205584, 133.75249314441788
93.23634546875962, 53.2913075965292
27.21494480787556, 158.2840821155894
49.29640783411604, 84.02756968776386
62.39862937880504, 61.71919274493449
99.6344562543505, 27.658093955820682
65.22230712428869, 156.46418031284395
77.50016503091456, 71.93952852481446
3.6490617520498314, 145.64582289652927
41.274962133400294, 129.3204597567487
65.34751067718798, 137.88261419762313
28.043532304952922, 146.43847184403262
38.977657530683466, 149.0594360323615
76.14983718603537, 34.931391723461466
72.88601145144162, 30.62758244465076
50.58166588474633, 110.1373043953602
45.94144254802808, 100.2975153514682
20.239717235881628, 151.03632195376818
143.93431917635763, 172.67459801199266
106.2353549485459, 46.714369007863986
163.6646663350247, 74.10118369109836
153.39371703988874, 11.08935584699764
101.69083099518784, 128.585378814811
186.7143141627708, 179.49765147008648
179.18643024121772, 102.70229145247407
163.44768098240058, 71.21975377474061
120.94903285502701, 183.11848570663523
184.18238159791426, 114.97536956024264
171.2163721042563, 88.28592814739457
173.30929104643977, 115.7514270997955
114.62613998695696, 92.96455967344738
108.58241642322871, 24.819078500645908
120.81174336780069, 47.911396093671144
161.20692213794283, 167.90878890536044
169.8130282324375, 84.84438054211887
160.44926200019586, 92.98167213877208
159.2016803210214, 74.95410703063583
141.43283166723094, 95.06436271563116
190.08696731382406, 95.23086372250758
112.100237740217, 122.7242018497891
156.8164695057312, 76.60601040952231
113.20762828050708, 115.72349578162408
116.15476300389716, 22.659585434974193
160.5103555022931, 0.3983285422394012
134.2468524695443, 102.59102041597836
141.6491465684896, 81.41382262272023
168.30601917108106, 100.37301012636901
124.19345122717152, 154.93930539787388
106.08051948832843, 125.04521444647798
112.11757268714841, 120.3396414594466
174.04357672192344, 193.49648423401263
136.64730792910964, 144.5504334499657
121.56580996497505, 179.3781255599743
181.54349983484545, 85.5176855030687
116.20465918138467, 47.83968306606192
169.39375982099347, 136.91939613764384
140.02372085622682, 125.23887335180834
156.56862255570204, 122.79946391088048
165.6154187645743, 71.69364234665309
171.20959511737766, 73.74885253622148
110.74261159204552, 84.58895432899509
134.39352304197885, 183.6282869746056
121.98828402320405, 133.02856929760975
146.22266767341242, 194.5514296160225
110.57388983983066, 61.86607235886046
188.34589652322146, 164.88393898848497
138.99806317291757, 25.975064254323964
123.22055606897004, 106.45610831076233
180.89616249616992, 20.663070940038942
187.2537093102145, 197.9411543743307
141.18034313707588, 10.576259899732676
113.07211576267704, 133.94599829191088
146.93649832655643, 8.549430624922238
132.86232449406822, 78.50771217634708
162.90635618584673, 132.61711233067874
194.1638736050037, 185.25773491402646
171.33995601528548, 4.4780878657663115
146.2073487508792, 66.65482310972806
167.85300541870876, 178.0849431930031
173.14370363926423, 150.62132124033326
134.35926194794416, 133.75249314441788
106.76365453124038, 53.2913075965292
172.78505519212445, 158.2840821155894
150.70359216588395, 84.02756968776386
137.60137062119497, 61.71919274493449
100.3655437456495, 27.658093955820682
134.7776928757113, 156.46418031284395
122.49983496908544, 71.93952852481446
196.35093824795018, 145.64582289652927
158.7250378665997, 129.3204597567487
134.65248932281202, 137.88261419762313
171.95646769504708, 146.43847184403262
161.02234246931653, 149.0594360323615
123.85016281396463, 34.931391723461466
127.11398854855838, 30.62758244465076
149.41833411525369, 110.1373043953602
154.05855745197192, 100.2975153514682
179.76028276411836, 151.03632195376818
