160
76.84378908248448, 145.30314867098048
13.05119273540869, 36.01158911299323
85.88658034378803, 81.28214049141151
50.460749328660505, 56.56383637686338
79.41330199651307, 22.25239174826723
79.95072270261775, 38.85998023494697
99.08193548192139, 34.38604937843826
16.727720734053854, 91.90701809060332
2.621377701182581, 186.5629314126339
20.28792223375152, 10.578110941371754
46.873608357142885, 58.626191786228496
45.12488997851207, 119.54199102240166
1.4003182623517185, 10.622796324622152
61.35235206325413, 187.22929698467462
89.43679200091997, 198.672030230036
77.03652567197501, 158.1514621266302
59.19565354167708, 84.30857437093566
67.92091403391397, 181.3930817778231
27.6054494937357, 192.61970295269455
77.97963470675579, 116.8772133513585
47.851538688114225, 180.38778988279714
43.685382949069975, 111.16123949825263
21.918651967635373, 188.77037499627804
69.99295399373212, 15.197458820486599
65.0626062498142, 33.26993678267047
57.41593672076286, 109.89715137776153
40.0952362677163, 28.119729867344546
23.16019097090063, 98.77294671435193
88.71810932872158, 7.595641781442564
46.18222356695089, 165.49873966443235
68.40263760967605, 53.939563024932035
5.21160858365951, 128.08785929856006
73.49404648707744, 125.2675465475337
48.617812475819456, 152.2986119701853
51.53934466036652, 156.74142337098877
64.36930282717996, 39.74490435905713
0.7750828525414755, 164.65681077991613
72.23742084907066, 57.265171027777996
35.98366396908216, 84.06845952714043
76.25222284612217, 36.92158355217814
93.09155386959496, 7.309324027012498
27.054155381602552, 47.46526132264184
1.745468349251167, 126.43881555406185
29.504686877778298, 109.71900422270582
23.094827289304032, 140.1373259716393
39.51357757955055, 179.49106718781803
5.310963311481065, 52.4030787204161
84.36483536520835, 123.04321254004516
92.13288805730909, 151.512633381691
25.664985400201324, 31.889647178205614
67.75625159353449, 107.74658427428743
37.93581873709133, 64.33126324707598
40.67686637984186, 77.75547471735744
0.6792994292636578, 131.87866103332135
70.9439040495892, 162.24345672883186
19.21781209928206, 63.26030287977782
34.550164431949185, 17.75225843593129
45.51038901118817, 11.083214433821254
97.7942156700595, 54.72664885789622
57.614969000266946, 127.33154064442212
77.7051660065295, 17.43159851835019
52.726684262204095, 24.511263627757728
20.575680856549162, 52.105059908778806
86.08437875297533, 83.72030264707404
63.69939813315798, 43.77022311047239
13.208709973458866, 47.292080892119095
99.60358484194755, 38.98405376198173
42.5140565521278, 70.98446641202727
65.73185490865926, 88.49239884506676
92.56780849882715, 90.36635254977693
98.35497998551416, 170.93145149166506
96.80547805394136, 183.9456629931297
4.614772218334484, 169.2293476734098
85.7100653174915, 153.92716818939078
49.3979650235911, 85.93099564813886
48.29143689916828, 199.48488531854238
56.02449381448926, 198.06743896886238
86.55824138305721, 125.06193086169041
5.130251760188697, 40.001234313578784
69.73089713863374, 40.958471997982485
123.15621091751552, 145.30314867098048
186.94880726459132, 36.01158911299323
114.11341965621197, 81.28214049141151
149.5392506713395, 56.56383637686338
120.58669800348693, 22.25239174826723
120.04927729738225, 38.85998023494697
100.91806451807861, 34.38604937843826
183.27227926594614, 91.90701809060332
197.37862229881742, 186.5629314126339
179.71207776624848, 10.578110941371754
153.12639164285713, 58.626191786228496
154.87511002148793, 119.54199102240166
198.59968173764827, 10.622796324622152
138.64764793674587, 187.22929698467462
110.56320799908003, 198.672030230036
122.96347432802499, 158.1514621266302
140.80434645832293, 84.30857437093566
132.07908596608604, 181.3930817778231
172.3945505062643, 192.61970295269455
122.02036529324421, 116.8772133513585
152.14846131188577, 180.38778988279714
156.31461705093002, 111.16123949825263
178.08134803236462, 188.77037499627804
130.0070460062679, 15.197458820486599
134.9373937501858, 33.26993678267047
142.58406327923714, 109.89715137776153
159.9047637322837, 28.119729867344546
176.83980902909937, 98.77294671435193
111.28189067127842, 7.595641781442564
153.81777643304912, 165.49873966443235
131.59736239032395, 53.939563024932035
194.7883914163405, 128.08785929856006
126.50595351292256, 125.2675465475337
151.38218752418055, 152.2986119701853
148.4606553396335, 156.74142337098877
135.63069717282002, 39.74490435905713
199.2249171474585, 164.65681077991613
127.76257915092934, 57.265171027777996
164.01633603091784, 84.06845952714043
123.74777715387783, 36.92158355217814
106.90844613040504, 7.309324027012498
172.94584461839744, 47.46526132264184
198.25453165074885, 126.43881555406185
170.49531312222172, 109.71900422270582
176.90517271069598, 140.1373259716393
160.48642242044946, 179.49106718781803
194.68903668851894, 52.4030787204161
115.63516463479165, 123.04321254004516
107.86711194269091, 151.512633381691
174.33501459979868, 31.889647178205614
132.2437484064655, 107.74658427428743
162.06418126290868, 64.33126324707598
159.32313362015813, 77.75547471735744
199.32070057073634, 131.87866103332135
129.0560959504108, 162.24345672883186
180.78218790071793, 63.26030287977782
165.44983556805082, 17.75225843593129
154.48961098881182, 11.083214433821254
102.2057843299405, 54.72664885789622
142.38503099973306, 127.33154064442212
122.2948339934705, 17.43159851835019
147.2733157377959, 24.511263627757728
179.42431914345084, 52.105059908778806
113.91562124702467, 83.72030264707404
136.30060186684202, 43.77022311047239
186.79129002654113, 47.292080892119095
100.39641515805245, 38.98405376198173
157.48594344787222, 70.98446641202727
134.26814509134073, 88.49239884506676
107.43219150117285, 90.36635254977693
101.64502001448584, 170.93145149166506
103.19452194605864, 183.9456629931297
195.38522778166552, 169.2293476734098
114.2899346825085, 153.92716818939078
150.6020349764089, 85.93099564813886
151.70856310083173, 199.48488531854238
143.97550618551074, 198.06743896886238
113.44175861694279, 125.06193086169041
194.86974823981132, 40.001234313578784
130.26910286136626, 40.958471997982485
