192
81.48311878554718, 16.471493417979023
26.519970737921213, 115.02692317367878
96.33654260953368, 92.18244963195879
75.73040671173838, 66.95967802016851
82.95097929393599, 81.70322336669425
63.41362762934551, 57.37772148598141
38.10631976460485, 80.246287080277
50.02989721250388, 10.029481240624635
33.22481325476329, 90.86543633017965
96.78263801215688, 192.6293442479582
55.87323859718776, 5.276530655588907
17.049029103570124, 110.69728019028089
8.662829416966133, 149.99796125717089
22.424238199678527, 154.16249616296847
14.565474331074562, 64.10700193883129
14.344029459486062, 146.34753083363222
54.21178517215264, 72.0421691533181
84.1416762962078, 135.5980701022592
66.42038681478917, 127.2629702555793
26.19929172755222, 143.2457892550014
87.45879944294123, 138.60181541222624
0.2192514010882496, 164.74665977814968
52.95464173012361, 99.43279368325237
41.208383709535035, 99.74837086438788
85.33667078411892, 53.819142796604154
51.237300421899945, 155.46018876095548
88.81794361452485, 143.23955464348782
69.90885045773162, 117.45563639682916
17.460077442061596, 56.72425124727689
30.48214397525385, 94.75315026803185
30.131933966882066, 135.85310555782644
29.732070963212532, 85.12194020078087
32.00011975578087, 103.7924342896525
56.40229567540993, 193.79873390937357
96.42724376960902, 28.77961731652603
37.19198230109723, 81.93421047268839
21.75718976948592, 197.58885020322577
33.66819450225702, 192.52083399816286
30.405052891966264, 170.31286664523282
75.94125037962046, 2.0067511618052647
0.4128051403685218, 0.9046115449846903
91.12859630383352, 48.241971108632974
48.744736184451185, 195.85144181540556
38.09663951238414, 196.2987959570626
90.94262215161822, 21.386934350448065
57.76869100245271, 37.400196281373546
39.29847533085844, 154.00246453269276
80.8696983489211, 117.93627436510923
80.71227792180562, 129.32188365996893
56.63589234205446, 117.17366316854748
4.48250448021934, 119.21284339908134
94.68847953317423, 19.848783895637624
20.596857621105823, 105.68020709478758
61.69593231536837, 128.1077167321588
15.998241019777293, 197.59554798268152
44.01036223800478, 83.87484550702088
24.722122676692504, 189.4379266867543
29.89020642344378, 77.85210511732987
37.294227367256916, 143.98792248599756
50.740115754176735, 147.50966545869662
47.514560087371365, 65.50806984563242
8.383338371108437, 135.06258906412717
34.87286067360416, 151.0907516487286
62.790561859900805, 104.19550040679329
77.5710639154715, 43.01926148281889
72.91966206317372, 80.65149854819143
45.300798658816774, 138.47225708030317
42.789223352913005, 172.6297424409132
61.02193592734485, 120.49458382283665
12.59558922280405, 179.8490173434424
56.34809044607868, 63.146906063330135
87.79288214799999, 1.4913380569990586
6.637826313394801, 38.48525807804817
96.1390292251113, 55.21355302175777
25.04892611365102, 156.64473473400506
12.162255123181854, 45.35845122285207
78.65782175569856, 81.97744232483092
26.12466459833631, 55.96661645547013
87.80960484301265, 28.701390180659292
71.89060587392332, 4.10323199588174
51.8346201616389, 136.4469640503091
74.64549497482592, 124.10225145271035
15.986772560562057, 143.6151417388808
11.9947511510213, 116.25079535419415
85.42602624032948, 49.7002593056382
25.64126311111179, 62.38993389932952
24.15079827969331, 133.90995304915373
48.26114679582189, 182.8199669252657
59.80825877076984, 147.31844663243447
55.562335450772416, 90.74828397754109
18.141597952049338, 60.96560431577902
84.31069487911034, 198.99701268902115
88.13842759785256, 12.699465432676572
21.158656307107215, 0.360342767247146
37.83435090737641, 67.86060673243071
84.80250578299197, 14.562602886774712
32.74208223287709, 35.69382383882236
75.25815732838441, 145.90111178186763
61.12195219518597, 153.43314494243728
76.0108061526621, 32.792869583078655
65.91238263036186, 8.991607885128339
11.334624340161703, 57.17528546194788
80.59883200693689, 11.64983831148929
98.34235326993382, 154.3385930584011
63.43436723585858, 186.07086891131306
46.48242924398753, 67.6563314835841
83.39032235524819, 97.85224426073601
78.96456311934533, 132.30239277911284
22.773373837531253, 148.9832835357783
53.38180076369936, 76.41354070590674
36.47873674161075, 23.951755158038267
55.5636629917823, 137.20821958158243
118.51688121445282, 16.471493417979023
161.8238415461896, 40.656590629443954
103.66345739046632, 92.18244963195879
124.26959328826162, 66.95967802016851
169.69398901726078, 82.98935184895946
136.5863723706545, 57.37772148598141
184.60239985540733, 147.88826155089396
188.2097244731284, 1.1453347830951532
172.6362287152072, 50.750446437069165
103.21736198784312, 192.6293442479582
144.12676140281224, 5.276530655588907
182.95097089642988, 110.69728019028089
191.33717058303387, 149.99796125717089
177.57576180032146, 154.16249616296847
172.204159844386, 28.475810677167136
185.65597054051395, 146.34753083363222
148.63900182341484, 119.78843589614712
115.8583237037922, 135.5980701022592
133.57961318521083, 127.2629702555793
173.80070827244776, 143.2457892550014
168.36277961919114, 72.22005056589207
199.78074859891174, 164.74665977814968
147.04535826987637, 99.43279368325237
158.79161629046496, 99.74837086438788
156.31452561727403, 94.26523651031353
148.76269957810007, 155.46018876095548
111.18205638547515, 143.23955464348782
130.0911495422684, 117.45563639682916
182.5399225579384, 56.72425124727689
169.51785602474615, 94.75315026803185
182.22633519803165, 101.8086507936317
170.26792903678748, 85.12194020078087
101.15792072978343, 132.40021213923598
125.75393297548875, 137.067208126247
103.57275623039098, 28.77961731652603
138.19497039248023, 40.453402110809186
178.24281023051407, 197.58885020322577
123.03108076495715, 185.5533539309679
103.09642797071164, 144.17572565135887
124.05874962037954, 2.0067511618052647
199.58719485963147, 0.9046115449846903
108.87140369616648, 48.241971108632974
110.01947285126253, 159.1474099104444
161.90336048761586, 196.2987959570626
180.26265747083443, 34.05531995381035
142.23130899754727, 37.400196281373546
182.6065713191108, 176.19441771828153
119.1303016510789, 117.93627436510923
170.40230064155998, 87.26885876960986
143.36410765794554, 117.17366316854748
195.51749551978065, 119.21284339908134
105.31152046682577, 19.848783895637624
179.4031423788942, 105.68020709478758
171.6972579007771, 193.23015716080488
184.00175898022272, 197.59554798268152
126.12671185661654, 86.5896669941465
175.2778773233075, 189.4379266867543
170.10979357655623, 77.85210511732987
152.8923497039915, 198.69167383983532
163.3713497229025, 146.56745609501542
195.85359771625065, 104.15914126934278
196.39370218791552, 179.9216989655638
165.12713932639585, 151.0907516487286
117.44146398924272, 26.123598573780328
122.4289360845285, 43.01926148281889
112.58683042952711, 145.36962983707772
105.54569850297436, 108.05642263707686
157.210776647087, 172.6297424409132
138.97806407265514, 120.49458382283665
187.40441077719595, 179.8490173434424
143.6519095539213, 63.146906063330135
112.20711785200001, 1.4913380569990586
193.3621736866052, 38.48525807804817
141.21595736869926, 72.45463883656565
124.10737231611499, 145.85814960269732
187.83774487681814, 45.35845122285207
180.15714000625653, 107.26480804948464
140.37943847096338, 13.85511823849852
112.19039515698735, 28.701390180659292
128.10939412607667, 4.10323199588174
