192
28.92631010404445, 101.8045609499934
72.30025480227036, 107.90687296679087
16.268191584260165, 25.553495333540965
76.09848051696409, 95.40126511995479
69.81789412209912, 24.08776413392512
52.312623328894134, 164.73444558798946
6.704648303515515, 102.15946126950939
25.023930288010696, 105.70593813402135
93.93052768936566, 21.054254690481457
32.13511687214808, 105.3239699332148
40.11970687309299, 166.59908724807826
70.50814554245781, 104.55887398461215
69.02564534270897, 99.63888263849647
12.75776219012953, 190.42756241107182
77.492328025062, 99.67410527063966
39.589166424768166, 174.88487930446456
39.63356008109422, 52.72231954020887
28.05868567442521, 176.7226218026175
64.3683243205557, 69.66644900126899
92.12731516584395, 119.68044849646623
34.521660954878065, 176.72192198613004
17.000326292040132, 159.3813430602726
91.19859841383763, 163.4656359234798
24.905584203533337, 92.38434573306738
77.13840443535682, 49.76374071273628
80.07178223127568, 35.234037319137165
23.011578562490882, 150.5372852774844
18.53666731931692, 115.6370539473877
73.64908687785721, 58.9802692705331
62.826277133489626, 30.947916998845358
2.261107794022532, 193.88072923087302
89.84128905193526, 59.0928514001521
91.01330417387501, 194.08352995771995
60.540537492888326, 160.91067564664382
0.8532478372679009, 4.231806567909824
36.263618481945876, 114.50224876961867
42.65607975833365, 55.04402829025361
32.0130907501335, 79.8562471075613
67.03528531993692, 132.21801620453311
85.17064281217093, 102.04431324733996
52.10899925059985, 199.49115558017752
69.5477213373216, 53.332691489707585
3.3454024178351416, 191.1265333748454
7.370745265397483, 57.995091133211844
14.443609120343943, 73.40933938698194
44.18364494728797, 141.75210211149468
37.49236277766555, 77.51981269938115
11.854018897006158, 20.357533866394494
63.3059632718049, 9.3457396764685
21.87336674817243, 75.22119340259772
47.697711935022, 109.81608927296531
4.2621102300043106, 188.3174869510799
99.20337090333433, 26.91829896388328
77.88233856649904, 84.17064131787532
96.78967012784186, 116.89262474647519
29.594641477369176, 134.60523559523915
36.73360749026533, 88.77664179811961
55.17605757843752, 171.3859388036045
53.176217775775704, 53.93533525079237
57.17728976458587, 132.41462338583054
46.20764382179655, 141.2787653312344
18.30785751000905, 7.265529169820795
88.34185716359309, 147.22320817154173
46.9581266639031, 36.919756071057066
10.236316742542817, 179.05612541640772
46.546436728614374, 46.71741722296538
11.702163984420434, 67.05060875014497
26.407874635681992, 88.30268459496278
80.06921588729824, 74.17511453967779
58.54240736775965, 73.83115975558013
36.643164242818116, 69.54978833147376
53.90151728832566, 10.433281502224347
58.67143364530026, 150.715050818773
65.69940812412221, 50.94791839901658
87.02870245959254, 62.62214729626101
53.90321417410571, 85.33740072099158
75.79553477597742, 98.98020825371711
82.25321319001024, 35.5430868196712
41.375790694775915, 12.905623236666663
36.35751556374629, 188.9876022014592
20.73796470631073, 71.6023242833099
35.92357347236671, 120.03058917273668
7.33197610863553, 98.41213957971134
5.49527283879816, 88.85880706305767
22.607283457669393, 139.00592564762
8.38417996224694, 125.46970622868471
76.98951638080878, 184.66678470421684
60.56931867514722, 54.77311438598376
10.956490182137756, 97.58772527032176
65.70803248654134, 140.72828809766835
30.14610929225966, 68.01043689122817
68.6344065338618, 15.335577774555386
73.0929888129449, 42.156016500805826
61.76059579277905, 142.4344872926561
76.98026232388274, 37.66458382001056
20.806445472570235, 33.40175693001088
23.03702819526412, 40.97686147681563
92.28994654326199, 116.38744740395428
64.28151859959807, 117.78443721962972
76.13292668852273, 3.3272859799195142
96.27035800320726, 56.27758591911949
73.65251366876349, 88.80266726428407
27.984217192972306, 159.49644312982517
61.337418422422786, 62.19066301005509
31.728986871912824, 166.5119314211807
11.346423194902023, 193.03620825345337
58.99237869647595, 87.19594910016583
54.918235646636106, 145.81108373249555
66.48742437204106, 6.155732285788074
72.35479006367578, 28.150939659336395
63.687268004440035, 89.4429968461994
88.95278046825892, 51.27043024483642
171.07368989595554, 101.8045609499934
157.3043451476969, 164.31548025700334
130.583398690737, 89.11761719599546
117.78453215831813, 147.01249166493432
122.50551989232864, 55.88189406962978
147.68737667110588, 164.73444558798946
193.2953516964845, 102.15946126950939
148.708417166619, 139.96852959186953
106.06947231063434, 21.054254690481457
167.86488312785193, 105.3239699332148
159.88029312690702, 166.59908724807826
129.4918544575422, 104.55887398461215
130.97435465729103, 99.63888263849647
187.24223780987046, 190.42756241107182
116.5004920127723, 130.44194351749792
118.61062422876329, 115.96755575817504
109.06513629097142, 26.4606111298191
171.94131432557478, 176.7226218026175
135.6316756794443, 69.66644900126899
168.43725407978317, 156.95125366697846
165.47833904512194, 176.72192198613004
188.84598958693175, 157.5404845783232
157.2049633132888, 128.3750314429669
175.09441579646665, 92.38434573306738
122.86159556464318, 49.76374071273628
119.92821776872432, 35.234037319137165
136.12268618286396, 199.5054435171317
143.75742590846434, 57.46611187802824
126.35091312214279, 58.9802692705331
137.1737228665104, 30.947916998845358
197.73889220597746, 193.88072923087302
110.15871094806474, 59.0928514001521
108.98669582612499, 194.08352995771995
139.45946250711168, 160.91067564664382
199.1467521627321, 4.231806567909824
172.67961886108515, 56.373719772824174
132.61885119153305, 23.900996418023478
167.9869092498665, 79.8562471075613
187.5178352803007, 109.14572805984434
114.82935718782907, 102.04431324733996
174.84230924117145, 190.85490183680062
130.4522786626784, 53.332691489707585
196.65459758216485, 191.1265333748454
192.6292547346025, 57.995091133211844
140.71575886005354, 60.28420237717322
104.17754167450704, 65.84548703085997
162.50763722233444, 77.51981269938115
188.14598110299383, 20.357533866394494
136.6940367281951, 9.3457396764685
178.12663325182757, 75.22119340259772
152.302288064978, 109.81608927296531
141.95339581357686, 169.2403551163404
167.07501589256583, 5.529565160459704
135.2827444770271, 125.3102390816843
103.21032987215814, 116.89262474647519
170.40535852263082, 134.60523559523915
163.26639250973466, 88.77664179811961
123.43388507341467, 143.99916745845974
146.8237822242243, 53.93533525079237
142.82271023541412, 132.41462338583054
180.43827151036515, 125.741075881613
181.69214248999094, 7.265529169820795
111.65814283640691, 147.22320817154173
153.0418733360969, 36.919756071057066
189.7636832574572, 179.05612541640772
156.087597979718, 42.01471328048929
188.29783601557958, 67.05060875014497
173.592125364318, 88.30268459496278
172.1301854603106, 45.3799950986461
195.34341592459802, 19.817780486558267
138.28177270880923, 63.99962365691039
114.04492467207847, 45.22294641206628
141.32856635469975, 150.715050818773
116.16933090325213, 48.3279850892933
112.97129754040746, 62.62214729626101
116.78878231424224, 153.91249422911673
162.23267225033726, 92.34359412622032
117.74678680998976, 35.5430868196712
158.6242093052241, 12.905623236666663
163.6424844362537, 188.9876022014592
