240
1.6497889893512085, 22.894500811332907
77.68824324272946, 59.61138076875865
73.1654003845158, 78.88364215120826
55.83675757481987, 182.66687937730376
74.47279649306662, 111.52006409034843
42.58706116647558, 36.257746628294704
39.01316002661967, 197.64214736906266
12.797720465651762, 16.716690199173968
26.72725768028208, 1.4709809030217569
57.17505847095799, 99.35636758005965
43.76252219166222, 66.58334555755843
17.100242664797594, 196.21455754960522
44.075032234900036, 81.80684838287175
6.953256763475302, 73.20964461993069
73.18582701545357, 180.41469722501594
64.16492568681468, 168.66788587792024
74.41313369169717, 128.3383702829308
85.16797696554482, 135.69167432705765
23.286149819148072, 116.91086256613417
30.961020110018833, 32.56053975827267
0.58186664794041, 42.76689841102166
29.16810527961593, 127.83119639127894
38.95649759923852, 133.6049565865805
33.509999671319676, 162.1757737830666
55.11646259172615, 57.77755950325552
11.188997740943286, 69.5262797072526
23.811876289975764, 162.13833359715136
21.86764662710855, 50.20423778216703
30.62912813260692, 1.2959622374888013
87.21462036433977, 26.298319373682055
90.3502113271507, 179.7575742677422
63.65684802419781, 124.09946119789413
21.882982043248976, 185.58057867955463
87.6436171054841, 38.33637193898023
87.07100909145498, 160.72145301896842
40.648179835255824, 9.595075434714007
49.0126384831415, 154.28860069208653
35.034750479764284, 3.961535524709814
73.46377714190588, 106.12985222386189
73.35954314689599, 100.74282693129533
40.61254552134513, 179.8563304495359
63.61791811356999, 185.21445333969757
75.22103957110883, 165.96391340281266
35.06462829466591, 116.18805884025547
84.4155263950943, 9.841091019360748
54.40035946821445, 149.03427980398178
20.53915972522471, 1.4540075132232877
58.04367593053753, 23.643474050692625
75.57817627677112, 34.616623735785026
23.988798488642015, 197.39708282841315
65.20962225265971, 198.91186670535276
7.206444166571801, 63.59742259837413
92.19877680180308, 153.26544502052394
97.4768970192335, 52.63117925710685
56.54520857916647, 6.3408491091537345
54.380628272612206, 116.03899344870634
64.05205842261437, 32.64585510505542
61.301189878177595, 38.3186705375278
86.68933335281345, 75.00590525639042
35.45194084607714, 136.4411721713996
77.74847138127487, 81.36503275588775
84.20052606218601, 30.145296392709618
58.79300634627377, 51.52693200208014
56.101614440765935, 164.19386139352315
83.93608946021246, 120.35443527098883
37.03427435454268, 171.4872716117697
91.85414727185886, 25.476377384541582
12.041356753825738, 58.211465024898644
36.417786295166565, 169.8308568272523
20.016442736008035, 168.00482251938956
46.923220985721684, 170.59103892032147
40.90886396952769, 145.09869392238878
82.9890518248568, 157.60412569516782
95.9043360923547, 95.41423853489506
86.9372249046331, 199.0503919367261
86.34735231530763, 29.47797736206268
27.5147233456592, 14.95080906471824
13.003972910095419, 146.67151584934098
32.823775406046785, 32.5933077049194
42.536864747468485, 5.238419408037487
69.9133304306188, 91.15819398505496
63.40753566066265, 79.58803057273967
10.419011971863302, 75.69993341184573
28.33895309437713, 169.09597644942497
56.045024205956096, 50.70413594773859
18.861949113675756, 59.24223495662528
80.03312623249708, 180.5762050759561
23.003317124952872, 180.23358695929886
26.288323708253948, 138.78863436305232
24.650651117897826, 29.763787973567734
97.74373966838525, 90.47911334326511
43.994330956700935, 189.80150168345034
24.383210947223922, 11.357802325621602
18.643141427370935, 12.84297438142512
69.49142591348796, 137.04666000046387
50.20534490050663, 126.54296707751358
45.82057793491142, 59.522074095438995
25.249189543951655, 6.109736013491873
1.647476296853967, 28.775172129181172
66.55501589473786, 162.77259251106966
28.047968536981436, 193.86915322744505
19.003045891913175, 156.80281168394413
68.8330588184481, 180.4916733753895
51.5849574786127, 102.32627414388094
59.2352287202125, 195.19336949265193
82.868933506889, 187.39287275647217
34.53622282801623, 109.72493215632939
24.567970879111645, 127.42831788997515
40.93189101275585, 96.40249944977262
97.28640786730935, 113.93355792798847
71.41328896805973, 13.524705137485293
88.34025776803334, 184.42219457768635
0.0017455523945164586, 180.53900929805496
49.22405053011507, 121.3496444528025
8.872301060869358, 19.98221073682076
61.515845883413434, 55.30248174133836
58.486686989288785, 33.458037110225966
98.51708752602534, 98.08523215372023
72.2553393809466, 82.3483543111051
77.07341284001521, 156.86929327393574
14.370995118398767, 178.14874099017183
50.3835888506366, 113.7242251252326
74.23473536475544, 59.980792565499556
27.179457973661037, 108.9606109647163
67.55051314522542, 100.71623123011646
88.47759154641858, 172.27129604805438
75.832926048458, 76.46550560111373
52.35842179454833, 53.71023359576337
92.21578195175718, 20.41836662504799
64.5316991200866, 19.875398973276948
92.74155352472388, 69.11457564053387
22.048958180700428, 73.06398072845532
13.67823985743244, 122.14687350269877
45.99674762929806, 45.457364058285535
73.5110591694991, 187.66217424025524
56.881054558649744, 144.0478879007054
37.16650319648973, 114.12576178146251
46.872461652219364, 123.1967210378685
15.304686453093986, 59.82863890139383
97.15220512848963, 166.90183579282052
39.489447971239386, 28.95293747246257
21.19053475866115, 163.71714657863248
83.33481656484106, 164.36190914484573
9.974155975238741, 126.23956076023701
72.42390717103527, 64.76976662664676
23.42035541129799, 191.85065638322834
50.10896978192865, 51.88547375712638
65.48435186592715, 117.72323905376803
90.88232879186639, 18.07044884366387
71.54128770838248, 101.0537253684747
2.5124248808447547, 199.6319278172877
28.37320343985685, 60.31663568243466
90.53728707451046, 85.62235520375982
0.8593812398787315, 7.580263393762432
25.241676812784995, 51.702039841828416
32.19608332900534, 172.3591897294274
53.723496192556375, 133.17845660571072
69.6594327244972, 97.06133543663886
25.93663666217907, 147.75266914632525
57.713100711946886, 116.84205044234382
198.3502110106488, 22.894500811332907
122.31175675727054, 59.61138076875865
126.8345996154842, 78.88364215120826
144.16324242518013, 182.66687937730376
125.52720350693338, 111.52006409034843
157.41293883352444, 36.257746628294704
160.9868399733803, 197.64214736906266
187.20227953434824, 16.716690199173968
173.2727423197179, 1.4709809030217569
142.824941529042, 99.35636758005965
156.2374778083378, 66.58334555755843
182.8997573352024, 196.21455754960522
155.92496776509995, 81.80684838287175
193.0467432365247, 73.20964461993069
126.81417298454643, 180.41469722501594
135.83507431318532, 168.66788587792024
125.58686630830283, 128.3383702829308
114.83202303445518, 135.69167432705765
176.71385018085192, 116.91086256613417
169.03897988998116, 32.56053975827267
199.41813335205958, 42.76689841102166
170.83189472038407, 127.83119639127894
161.0435024007615, 133.6049565865805
166.4900003286803, 162.1757737830666
144.88353740827387, 57.77755950325552
188.81100225905672, 69.5262797072526
176.18812371002423, 162.13833359715136
178.13235337289146, 50.20423778216703
169.37087186739308, 1.2959622374888013
112.78537963566023, 26.298319373682055
109.6497886728493, 179.7575742677422
136.3431519758022, 124.09946119789413
178.11701795675103, 185.58057867955463
112.3563828945159, 38.33637193898023
112.92899090854502, 160.72145301896842
159.35182016474417, 9.595075434714007
150.9873615168585, 154.28860069208653
164.96524952023572, 3.961535524709814
126.53622285809412, 106.12985222386189
126.64045685310401, 100.74282693129533
159.38745447865486, 179.8563304495359
136.38208188643, 185.21445333969757
124.77896042889117, 165.96391340281266
164.9353717053341, 116.18805884025547
115.5844736049057, 9.841091019360748
145.59964053178555, 149.03427980398178
179.46084027477528, 1.4540075132232877
141.95632406946248, 23.643474050692625
124.42182372322888, 34.616623735785026
176.011201511358, 197.39708282841315
134.7903777473403, 198.91186670535276
192.7935558334282, 63.59742259837413
107.80122319819692, 153.26544502052394
102.5231029807665, 52.63117925710685
143.45479142083354, 6.3408491091537345
145.6193717273878, 116.03899344870634
135.94794157738562, 32.64585510505542
138.69881012182242, 38.3186705375278
113.31066664718655, 75.00590525639042
164.54805915392285, 136.4411721713996
122.25152861872513, 81.36503275588775
115.79947393781399, 30.145296392709618
141.20699365372622, 51.52693200208014
143.89838555923407, 164.19386139352315
116.06391053978754, 120.35443527098883
162.96572564545733, 171.4872716117697
108.14585272814114, 25.476377384541582
187.95864324617426, 58.211465024898644
163.58221370483344, 169.8308568272523
179.98355726399197, 168.00482251938956
153.07677901427832, 170.59103892032147
159.0911360304723, 145.09869392238878
117.0109481751432, 157.60412569516782
104.0956639076453, 95.41423853489506
113.0627750953669, 199.0503919367261
113.65264768469237, 29.47797736206268
172.4852766543408, 14.95080906471824
186.99602708990457, 146.67151584934098
167.1762245939532, 32.5933077049194
157.46313525253152, 5.238419408037487
