160
95.44401877261461, 50.93218115178444
2.907860392763176, 173.34199873435577
92.70908670592635, 88.42915700774935
53.87650270395302, 35.57037485594281
20.132572011909087, 78.96573909819008
20.941149222535426, 117.04111947447926
0.004485607108239975, 134.80821532328576
78.63194968861052, 38.086788633436
96.71822149431746, 24.96401921294995
46.831373951052, 6.7679106891751815
23.759295509644364, 8.381178666262201
53.715685900561105, 130.08578389216274
95.91022536746577, 90.90257581215795
42.69840491283994, 118.94148490257632
94.45047924726767, 42.8983496833387
2.1797106927888166, 0.6338009903011033
28.810330054759568, 67.00448779677015
50.41604513828768, 86.79855454013439
35.49654208030903, 76.71083657565512
45.543838044511006, 103.72781344454371
19.839931442179093, 142.77895849658194
4.511332626771547, 72.53325263892276
20.207844755642768, 157.6556462048189
81.24242004732585, 12.067235183730673
68.25152421324839, 174.59159333809237
27.224721183855415, 78.0676956561627
20.83448082563175, 37.51475873933139
44.307229289378064, 13.725162151495198
17.784656765125217, 151.7862382374127
51.65349411459197, 124.5014297230724
61.835338783462404, 183.46431124324306
50.394104682481334, 19.760867772659452
81.10882905333033, 131.1134781666928
6.828402964748093, 15.339818629803691
12.883455153067679, 9.438518524868034
38.83826888851555, 101.48140479189271
48.53850576020701, 172.60238951377974
18.008978161682187, 69.40776737232656
97.7308303283714, 112.04169985712116
52.50623327862262, 43.44632726032414
63.32282170621174, 47.140700432843396
58.30722038136695, 122.6933360014656
97.7350692476714, 93.02748552038476
99.3505205090785, 109.9295341846309
72.21459395913372, 15.08059506942432
35.326248976200326, 35.420665848550414
83.34080581603094, 122.71483201944304
59.6158599406784, 30.42984650152507
41.56853076158505, 74.85205003666661
57.477419897930005, 97.07174071157418
73.6871302885252, 152.3385913331464
11.477787771005932, 40.787225583507805
51.67690215335469, 120.45392883730597
41.659518006448934, 70.28163665183776
60.17897280038472, 127.20317190224603
20.990310823102465, 127.26489105936739
91.9017297462717, 115.61194668254524
83.46803858539504, 162.9656479869736
78.88997736314214, 34.76310467391106
41.74903503491306, 122.02328586302181
26.990855235269983, 32.845680831125094
83.42581088131652, 53.2865930531218
4.230446059824844, 113.32758719135082
80.847589742032, 149.07852746375684
31.06140830989418, 164.43774056417502
86.10920757237439, 53.39091535774985
47.55215551653989, 90.64759743615436
63.05723765449369, 109.44162251950954
99.72782601223966, 10.268655104498636
36.639476017898374, 4.377559796416786
98.33696769683743, 58.15504455422773
48.74684384029152, 139.48883273229654
61.47494770004538, 0.5488767333572175
26.45622169975087, 16.0911016690223
40.968606344157706, 104.3914385598917
3.867715020202011, 66.50270556098022
29.09905568760608, 59.8748142898172
68.36347746833613, 185.39880266585578
73.57929657988689, 140.3575149453301
45.192480426243456, 196.88882573246812
104.55598122738539, 50.93218115178444
149.48836279028802, 149.21705155885803
107.29091329407365, 88.42915700774935
146.123497296047, 35.57037485594281
168.9257828059287, 127.42960666453082
179.05885077746458, 117.04111947447926
199.99551439289175, 134.80821532328576
121.36805031138948, 38.086788633436
103.28177850568254, 24.96401921294995
168.2542848070718, 24.67240544245184
176.24070449035563, 8.381178666262201
195.89815790896836, 174.86929441554148
104.08977463253423, 90.90257581215795
157.30159508716005, 118.94148490257632
105.54952075273233, 42.8983496833387
197.82028930721117, 0.6338009903011033
171.18966994524044, 67.00448779677015
149.58395486171233, 86.79855454013439
164.50345791969096, 76.71083657565512
154.456161955489, 103.72781344454371
180.16006855782092, 142.77895849658194
195.48866737322845, 72.53325263892276
179.79215524435722, 157.6556462048189
118.75757995267415, 12.067235183730673
131.7484757867516, 174.59159333809237
172.77527881614458, 78.0676956561627
179.16551917436826, 37.51475873933139
189.7329060368576, 81.39736615959067
174.09213177268902, 85.26924752586625
148.34650588540802, 124.5014297230724
138.16466121653758, 183.46431124324306
159.04615954046423, 56.249443526803525
118.89117094666967, 131.1134781666928
193.17159703525192, 15.339818629803691
187.11654484693233, 9.438518524868034
161.16173111148444, 101.48140479189271
151.46149423979298, 172.60238951377974
181.9910218383178, 69.40776737232656
102.2691696716286, 112.04169985712116
134.35621726064832, 120.80180198658823
136.67717829378824, 47.140700432843396
141.69277961863304, 122.6933360014656
102.2649307523286, 93.02748552038476
100.6494794909215, 109.9295341846309
127.78540604086628, 15.08059506942432
164.67375102379967, 35.420665848550414
112.09309993047636, 151.13048462179086
140.3841400593216, 30.42984650152507
158.43146923841493, 74.85205003666661
142.52258010206998, 97.07174071157418
126.3128697114748, 152.3385913331464
188.52221222899408, 40.787225583507805
148.3230978466453, 120.45392883730597
158.34048199355107, 70.28163665183776
137.24392212463422, 166.96292817968504
179.00968917689752, 127.26489105936739
108.0982702537283, 115.61194668254524
116.53196141460496, 162.9656479869736
121.11002263685786, 34.76310467391106
191.7156949596248, 75.0065268187467
133.9401533996275, 18.333153513167844
116.57418911868348, 53.2865930531218
195.76955394017514, 113.32758719135082
119.152410257968, 149.07852746375684
168.93859169010582, 164.43774056417502
184.78219972858392, 27.588142192444497
160.3899875783682, 41.597051816992646
136.9427623455063, 109.44162251950954
100.27217398776034, 10.268655104498636
163.36052398210163, 4.377559796416786
101.66303230316257, 58.15504455422773
151.25315615970848, 139.48883273229654
138.5250522999546, 0.5488767333572175
173.54377830024913, 16.0911016690223
159.0313936558423, 104.3914385598917
184.94559869688695, 37.521649583606816
170.90094431239393, 59.8748142898172
131.63652253166387, 185.39880266585578
105.43037954670179, 156.26441083903052
154.80751957375654, 196.88882573246812
