112
30.112555258244456, 186.2410111431062
39.24105450387708, 88.15107985988296
25.858166388210037, 4.912910915130553
36.7079882975028, 119.14101596742319
71.77038740833194, 36.173540008336126
84.56151305328933, 141.4052831250005
9.567792469889525, 26.42581371867674
36.55688094731223, 49.09535059708134
9.706840510317182, 93.11680657804737
97.3367009388336, 139.50539005801835
3.2898085946648448, 51.541295058791015
56.48245747441628, 182.24544529498178
54.67969953819928, 172.84698784107647
65.53105651319059, 148.8903444949389
39.118774344525875, 50.494786455248544
17.941309100370827, 42.765728903489396
24.530129243976116, 2.879020889976669
79.94560361815265, 94.38940564689744
28.299197625441575, 192.02735633633827
89.59195627309211, 99.72665084577703
25.27975597862887, 121.52943116719221
43.471497895056324, 11.831024712163618
49.941550169117654, 71.92469706289901
56.90138974309501, 82.51025443297091
69.53390042879658, 119.9116647613449
78.93267722152036, 32.42480575281448
5.005188404882777, 106.85713191882549
38.08368671854452, 126.16649819438108
44.26002812189307, 114.37967734182364
38.28044185115511, 34.24381813915889
18.622722688576467, 189.7521966362732
96.92571527222591, 91.98578969403903
169.88744474175553, 186.2410111431062
160.75894549612292, 88.15107985988296
174.14183361178996, 4.912910915130553
157.0969767698298, 64.12608645410782
163.2920117024972, 119.14101596742319
128.22961259166806, 36.173540008336126
172.53710937584668, 136.32504225255755
134.25221641827395, 30.17520100455464
107.10077133479112, 70.36788209495899
117.78047560677672, 41.83607505573465
115.43848694671067, 141.4052831250005
185.6691998208611, 68.75162889339612
190.43220753011047, 26.42581371867674
163.44311905268776, 49.09535059708134
194.94146241650523, 138.5627627907897
190.2931594896828, 93.11680657804737
181.93036600214737, 94.71433770067999
172.38078417687527, 12.366823674854267
107.44174025298821, 135.39267992056747
192.80158053803586, 1.9682084172644387
102.6632990611664, 139.50539005801835
116.27133605687749, 4.4623073255733114
196.71019140533517, 51.541295058791015
143.51754252558374, 182.24544529498178
145.3203004618007, 172.84698784107647
134.4689434868094, 148.8903444949389
174.92792367486544, 95.17069424513083
160.8812256554741, 50.494786455248544
143.95561743869297, 134.1324828175383
192.11907947925727, 11.926085543012155
139.30906862846032, 20.603180690599988
116.36752157831928, 14.10759491776119
132.7518475607803, 15.23254048783722
182.05869089962917, 42.765728903489396
184.705781853052, 30.978871991995604
187.85809878504793, 77.33658012104465
141.56120146741728, 101.77146588065615
131.04374984710876, 198.43961623737954
101.73570545256972, 64.97332907567836
175.46987075602388, 2.879020889976669
153.2273511905189, 28.062616875251535
104.75602826299401, 168.1415666256377
122.44684994343643, 122.87742093901241
120.05439638184735, 94.38940564689744
139.54882244172668, 197.80499879209262
116.72649820820034, 24.741271212823477
171.70080237455844, 192.02735633633827
176.38463468186384, 118.69286719750886
189.72089801492098, 109.04989670563907
125.00765281502784, 69.78422427830063
110.40804372690789, 99.72665084577703
174.72024402137112, 121.52943116719221
121.9570663752122, 59.072150386976084
145.04506786033227, 5.366910112927137
156.52850210494367, 11.831024712163618
188.16587557573118, 99.3368445801828
172.59325193015405, 131.98313067216083
150.05844983088235, 71.92469706289901
145.10163273596834, 52.06353206145285
144.51829280782061, 22.142653328086116
144.60303815401392, 18.6201741250658
143.09861025690498, 82.51025443297091
152.68348542443013, 96.53796113628235
165.36565742625407, 40.64338452522451
186.8262348136286, 135.0843849523416
151.3411823533405, 93.30882093085313
127.8623628137745, 70.84207236964966
130.46609957120342, 119.9116647613449
121.06732277847964, 32.42480575281448
156.72936317068547, 37.293876072613145
194.99481159511723, 106.85713191882549
194.21347268771413, 16.642152779076834
161.91631328145547, 126.16649819438108
155.73997187810693, 114.37967734182364
161.7195581488449, 34.24381813915889
151.97646586828577, 168.72200666342448
167.89504957074695, 71.43216838764835
181.37727731142354, 189.7521966362732
103.07428472777409, 91.98578969403903
125.65528297291102, 20.01950004958628
