208
49.849533363809876, 78.32824253983937
7.3026586177177055, 119.7168529614046
62.93319230791921, 124.94509284876798
93.07895755531644, 60.78209744717278
69.71304766204096, 2.973887965435468
16.03583968307889, 44.94366036619799
55.90211150965689, 12.959975236842624
86.9291977048985, 42.881018701082006
15.144605728874808, 131.68865368960348
57.1166217294681, 142.45459391250918
44.81937684314222, 91.3971833543067
18.90805999798676, 130.3631531940115
61.81269164874577, 189.44654460791327
68.66543074023116, 129.7761656174194
28.76481781640105, 129.84816462944357
61.53847020926259, 28.57297057253802
30.57116252904612, 177.0507489398102
93.1659314513324, 141.25249045805367
62.33519880796277, 67.15922992582391
32.8361731337129, 85.63681363589713
34.746744800389195, 152.90230564423425
68.64513343718706, 142.5079453507246
98.51562166838522, 74.0915199685968
60.27660929266262, 171.7578591587646
21.662068618678944, 169.74964223281103
44.47395149545807, 2.6084465438416693
82.09387089212909, 121.56620691958659
33.93201520634469, 144.80873035248146
27.057122361503417, 55.56328171146174
5.075752291115931, 162.6028241690839
55.10679748992337, 23.335476385728505
13.0486896274993, 105.33645595897872
4.79958689178146, 150.52113965777875
5.241143819869663, 35.65390183923136
78.35265388001012, 57.64799698449127
68.05828302565527, 180.53121925155853
68.2946594079046, 166.63814394570952
8.100613479187672, 44.47267483389084
22.203732755854116, 45.475716992688795
81.22444915909107, 153.84440884425678
75.32787845146204, 105.24058577346335
61.80353592580535, 44.895899878558765
78.14372659921082, 163.09757951143027
14.309296887655098, 49.08533953207011
19.502736395160724, 148.485864271802
24.474662173730344, 75.0382203534665
11.689685226075449, 22.174819717639693
31.334784644043914, 37.37781260758693
68.38988289152545, 60.58391381040038
60.597036028660845, 52.58680050549942
68.37013526609451, 74.0301232459696
28.743438880679797, 108.10666669988973
79.30463776159323, 135.82662985726506
23.770350115734107, 14.013754870743544
93.76334970999744, 129.6885038159354
99.03929045093768, 120.73200433085293
18.13861373141336, 111.56702984010904
65.68925573639818, 12.720267582934138
43.524888338734286, 139.7647703811421
63.71343774576784, 122.50590537023666
91.85955001815813, 70.96509330010224
75.48320507264695, 15.024378225951729
6.107722377956815, 49.952936350342824
92.93309028915711, 79.37244344817663
41.967657603373254, 64.00596972068517
17.142753316190017, 14.433792127451603
51.498541316848545, 168.4750783017826
51.41078161749157, 30.813348025937003
68.57168900195852, 85.3297407836334
16.296711844191464, 130.35241937897905
77.77416485562634, 171.91584101903766
27.19747647500312, 157.48371046937712
43.26891675581946, 195.1410602453242
76.44905021898545, 109.45685588526405
63.33232077828356, 21.771936947335583
98.7285830483565, 6.7321951820233705
15.145482412731992, 86.96987652955528
55.427582148741436, 33.625146689509236
13.052324989168284, 20.690413589497748
68.6957081329704, 81.44087555366508
97.81897451473225, 124.41575291815332
30.588220683142364, 134.0788704196467
25.79651260724427, 13.45653395528359
48.26453534241162, 187.9870613651371
33.49315163431118, 14.614779978089754
80.98755980889271, 88.18124083608501
92.41774286757001, 81.9168543419599
84.98972671640458, 74.8140615193687
82.9342134778896, 38.92025250027022
6.172589827884756, 131.4159003577337
63.667382385651514, 119.92059204132973
69.49387034825763, 108.05546713568592
35.71869256500953, 37.983538807111
52.66297125377144, 136.0721701475844
80.67016727668076, 78.12539070676401
67.07672005002642, 45.135666662821606
38.05681644635267, 8.21124182884092
36.8477128410853, 48.772440821157346
36.50497136590328, 78.29268591304812
58.9193929804429, 76.16826450980041
57.45964298749714, 68.88563132588692
25.561162393466585, 180.44729648263538
39.92779730131526, 13.152884092549133
38.32072421880276, 177.1546755750036
21.76636758078878, 74.51580480641336
39.73575300426898, 176.3340812975574
98.72716749447878, 117.84531275638341
86.05967478348008, 114.45590598946882
14.572112503654944, 61.53305738048491
29.427415201627294, 64.63398366917687
83.23300838431157, 98.89973572157548
86.03666806293828, 123.53262951676918
11.32025157522223, 127.66324708150243
60.872357118320316, 121.65488023636411
1.6061083745134486, 189.21688947423934
45.34401755416747, 44.14687760762883
57.68858703245466, 149.62247472973291
2.5385634004526425, 70.38448353988338
9.583011199548574, 1.3110435748004745
64.52206219209482, 16.744757889466875
78.0235129555008, 176.56283431686865
35.455638513572964, 149.66274542917907
8.974541203310116, 184.62708525065864
8.901545443804526, 125.24892816788619
75.45528079279072, 189.92465678420533
64.5144697192594, 162.59826195316325
31.374945379257348, 72.67239490499232
11.11308739683241, 181.94904642293156
150.15046663619012, 78.32824253983937
192.6973413822823, 119.7168529614046
194.97820179112662, 112.73046911891473
106.92104244468356, 60.78209744717278
106.73544411255676, 14.837961908185493
195.23343843313853, 3.081100663946912
144.0978884903431, 12.959975236842624
113.0708022951015, 42.881018701082006
192.25033375247938, 143.98924612262388
142.8833782705319, 142.45459391250918
155.1806231568578, 91.3971833543067
198.46356167072335, 136.80703289626842
192.01944900294708, 188.70621719668708
155.0692502056765, 82.6602156956233
106.53256199268519, 173.42881614922592
121.14750455369071, 62.52929223201284
132.22939846959457, 158.4815516576627
146.86848043858274, 123.66413469030168
158.55813191265048, 77.72211153464413
167.1638268662871, 85.63681363589713
177.0430950226017, 192.41807161819085
131.35486656281296, 142.5079453507246
175.49402020271864, 42.526935376299924
113.41916974470297, 196.52371383900174
178.33793138132106, 169.74964223281103
155.52604850454193, 2.6084465438416693
117.90612910787091, 121.56620691958659
172.94967340112305, 101.40967749259882
172.94287763849658, 55.56328171146174
194.92424770888408, 162.6028241690839
144.89320251007663, 23.335476385728505
186.9513103725007, 105.33645595897872
195.20041310821853, 150.52113965777875
132.3045155413846, 39.6932505608824
176.4571629239618, 132.74020233570417
180.483695539739, 172.1552629754333
131.7053405920954, 166.63814394570952
125.45601090785527, 4.5683034640952025
171.7924362381387, 23.0724525617537
191.86104307968864, 161.64617596624564
137.4202112089198, 35.67964280563434
131.65272267812884, 89.79165522483609
193.9432374678747, 182.06611740739305
185.6907031123449, 49.08533953207011
102.42221242006511, 197.90504523349512
164.03159196471802, 55.328132981106926
185.2112275951971, 11.94217248370717
168.5616220691961, 19.252132164384616
131.61011710847455, 60.58391381040038
139.40296397133915, 52.58680050549942
131.6298647339055, 74.0301232459696
108.44923815863375, 110.76451501292419
159.96054489772575, 166.14758338719858
176.22964988426588, 14.013754870743544
106.23665029000256, 129.6885038159354
100.96070954906232, 120.73200433085293
177.2814422384437, 61.33553637861739
161.56028424515125, 2.2912794131575653
157.90662735497958, 81.99186029985978
136.28656225423217, 122.50590537023666
177.06843651474367, 78.63429523131612
124.51679492735305, 15.024378225951729
180.1228417226729, 44.10945910012411
123.40649482852757, 31.173898556430068
112.1206552225306, 18.659375740638183
156.17312085224378, 32.991291315443426
122.4194141204743, 186.17280960615284
148.58921838250842, 30.813348025937003
108.33936263594813, 85.71510618736511
116.24457868290801, 166.93856358027844
122.22583514437366, 171.91584101903766
172.47289104968047, 192.82574986911783
154.7200703647241, 128.2921978065643
135.98599486748458, 156.05026945831708
172.1277372417768, 12.083802639824492
101.2714169516435, 6.7321951820233705
184.85451758726802, 86.96987652955528
122.52495541814453, 60.02553011019182
186.94767501083172, 20.690413589497748
138.26944102258977, 123.17083850496017
