128
41.263251693297086, 136.25100752937894
0.5134462814627483, 46.727225296000576
59.76759937516325, 89.71634260766248
69.24735151189415, 112.5109026743027
55.196350094834266, 100.4039818565207
98.01266191020652, 135.63563490337071
37.53473739175912, 83.03459253515186
26.68173519474658, 192.06475938284436
75.59042501578898, 181.67558156635837
63.889810304949044, 175.88306667315788
17.774340658925947, 111.03387787812686
93.4354387461934, 101.57602340838687
29.393461649878084, 162.9586766184741
67.33768616214206, 120.2504585117104
86.81324752943028, 199.45086210275832
74.03512036531517, 140.6914381014955
55.40468274384828, 89.13818658418944
34.02476311440616, 54.44230062747049
34.76641485523674, 160.01015926838394
61.981457575220944, 159.91320582585408
58.35549266820467, 151.4014126565448
18.68586442101775, 98.39318480650768
64.21670121745959, 147.5459723445757
93.15465561836575, 4.189617269042323
95.39514280490954, 186.6956451483556
33.349751911230065, 38.874339479818666
31.23923807285426, 185.82900162721262
10.768584347881793, 73.39365442334125
86.12908540061817, 58.33248126558361
45.90042166424464, 143.61622807949146
72.49371772982086, 0.0607035624341723
88.67812350212454, 84.0925098578908
63.151038831136454, 153.1284938725639
50.03991353862154, 154.04431989689476
34.35386454777173, 161.77956402084632
22.79585679434445, 7.587826398466246
78.815262930462, 39.46955181869711
34.15488698485512, 178.1676359384041
71.0012224897685, 44.639534361623845
9.888188821103782, 97.10922425009134
55.99058581752049, 7.6367615664161725
35.098679911010564, 135.75544679927137
34.64420692822981, 133.15438316674118
3.5561467998362906, 129.72359282827475
51.9124029813581, 162.05248107066674
48.56236497337713, 183.65137050947052
82.25247183359731, 142.84747925615412
94.50541442647652, 79.72156661379599
158.7367483067029, 136.25100752937894
199.48655371853727, 46.727225296000576
112.31639969912656, 186.04560743564716
146.36979236425913, 36.87628807060421
140.23240062483674, 89.71634260766248
130.75264848810585, 112.5109026743027
144.80364990516574, 100.4039818565207
101.98733808979348, 135.63563490337071
115.88479016140612, 42.17174559787138
162.4652626082409, 83.03459253515186
173.31826480525342, 192.06475938284436
124.40957498421102, 181.67558156635837
136.11018969505096, 175.88306667315788
182.22565934107405, 111.03387787812686
106.5645612538066, 101.57602340838687
170.60653835012192, 162.9586766184741
141.38391761645303, 57.113289111435186
132.66231383785794, 120.2504585117104
113.18675247056972, 199.45086210275832
177.12264304626072, 126.61219006492337
153.87851045183754, 10.383794656346357
183.03251876911352, 15.256048317586334
125.96487963468483, 140.6914381014955
144.59531725615173, 89.13818658418944
165.97523688559383, 54.44230062747049
177.57445752356512, 48.759319883480146
165.23358514476325, 160.01015926838394
168.75453163153068, 195.234323421278
138.01854242477907, 159.91320582585408
195.29614022403075, 194.7531088098265
141.64450733179532, 151.4014126565448
151.23885757490524, 29.49614177611839
136.15999972205447, 58.99490736350366
181.31413557898225, 98.39318480650768
135.7832987825404, 147.5459723445757
149.19791901752697, 191.0372852108641
106.84534438163425, 4.189617269042323
104.60485719509046, 186.6956451483556
166.65024808876993, 38.874339479818666
168.76076192714575, 185.82900162721262
189.23141565211822, 73.39365442334125
113.87091459938183, 58.33248126558361
169.68369890286004, 106.07119016198463
105.23874584307103, 0.20466052454382044
154.09957833575535, 143.61622807949146
127.50628227017914, 0.0607035624341723
111.32187649787546, 84.0925098578908
136.84896116886355, 153.1284938725639
174.7826202639717, 138.5824775612725
149.96008646137847, 154.04431989689476
149.5553079895394, 53.71478040536086
165.64613545222826, 161.77956402084632
177.20414320565555, 7.587826398466246
121.184737069538, 39.46955181869711
141.60472433689097, 46.42303842856694
165.84511301514488, 178.1676359384041
174.6911662930523, 188.663735126508
124.0897461059495, 11.901607131450698
115.43840842638241, 34.139810927959324
128.9987775102315, 44.639534361623845
110.30160368011863, 126.50032397757955
190.11181117889623, 97.10922425009134
144.0094141824795, 7.6367615664161725
164.90132008898945, 135.75544679927137
138.317574619869, 133.8815016668164
165.3557930717702, 133.15438316674118
196.44385320016372, 129.72359282827475
148.0875970186419, 162.05248107066674
151.43763502662287, 183.65137050947052
158.30355152579438, 45.797855291211654
149.87061749848925, 37.95392405165061
120.55270968619362, 42.054954396976306
164.30772460161455, 137.7389326877105
172.96375717703478, 146.01392061142303
117.74752816640269, 142.84747925615412
160.03773835048517, 64.18873313355431
137.95023223085371, 127.60681209634876
116.43964888410189, 160.44707576817729
172.27935893135893, 164.5068074799072
105.49458557352348, 79.72156661379599
