208
85.92103043377672, 95.43921931276003
70.83289977970834, 66.15572391648716
69.56558449109488, 153.71752878081114
6.388042993059651, 68.46910951506833
63.51605755861195, 129.73015410213006
74.26259558989118, 138.78456688727445
55.977363579126816, 48.36642572122327
76.18902166118686, 122.41416733528914
97.08479271732887, 132.70277832394382
84.13517178835298, 100.99038919447321
82.4477686823862, 5.803430092804818
39.539205691804, 151.52349856134813
9.761065695799553, 119.40427336265766
2.9122723837732956, 174.6630933928503
51.80654949692423, 58.31811209619791
7.886912363825848, 25.353118262299358
26.096019285597492, 134.91832100237144
68.75455405850698, 15.314591117226616
35.83641478600031, 25.06734732458462
47.52983721042241, 95.04042177841718
48.06939976221454, 177.25074494519947
82.6083640974326, 82.50450392104376
44.24895804724201, 152.773138370407
61.11520432659292, 115.51962977474348
55.870082565381075, 64.3888642515075
40.53853195577063, 148.5376357688076
19.52527329470598, 22.6279816110176
49.02070394800545, 111.65987857257842
21.954495683139662, 85.1237088194416
43.23098186944255, 66.84069430627969
25.240514613037636, 180.52975595260546
5.9125765779147965, 54.90455775566036
24.802897901978394, 189.97703857863843
75.2335015781714, 71.87705049106714
9.18914473865502, 75.57330788813859
59.90499032829118, 80.0236901968422
78.32628470626514, 39.71596124176256
76.8091226954649, 22.709528048880976
16.233114915756342, 83.73440192265782
82.4113665271312, 34.910955891407134
71.8421310550014, 163.94869888860046
16.487349034683398, 73.25838171351768
23.733262376783404, 127.97719000361863
93.78807118887815, 135.40134691481794
4.696069087897492, 176.4488169724205
65.31247455562703, 114.88151376067731
90.92178619906936, 47.23682466039407
58.95590111022495, 14.850452369777067
90.56406150564838, 105.12220804448458
23.106772002395047, 18.483825515920003
82.2370067786941, 0.2654965193962022
87.08814098481673, 83.97342053904376
12.571862159051816, 133.39590736550403
23.07896187126729, 113.8268867555921
89.67893177260196, 18.672631031651466
94.06230364530508, 19.05574963973966
17.34897666246016, 184.41245433988416
65.97463726415866, 111.90698040547437
29.950627800637253, 29.870852973526162
99.50396874838154, 11.02838913150097
68.08518466565464, 12.971252291710744
51.73645750794572, 131.19677822207416
89.91666246176888, 116.21652827194826
13.935499510209537, 120.47581849319577
75.76839280852347, 79.26025863836136
95.21208981083923, 197.55424696661814
42.63563870123765, 81.45634295570436
63.04999159885675, 9.025825584964654
5.081932992366001, 85.4605290640784
14.630282882256152, 74.77964193963842
39.880740678749795, 138.65947130671736
48.876699762560236, 108.99250780009955
92.95810056902758, 1.9611495681012947
66.53547013318034, 21.060701463885543
42.17202979759389, 64.34304874088048
75.03045154939615, 22.384868788393163
9.423659938024398, 7.337889516530338
74.33954333329864, 117.95835486904022
4.980585574020413, 190.55852635573163
79.36064721067686, 157.69482094751294
50.396142801641616, 151.80909751324972
76.47271867710334, 127.42522767672371
45.50137108908743, 39.10880072960581
3.447196775775818, 114.29572012612192
27.135664842929007, 42.6303787916619
64.86016469081424, 75.32987226589685
41.84703220875431, 53.30002312148383
93.21579127381614, 102.40332307954854
76.64019373604224, 135.2352285847703
70.72207730244486, 28.415191357554527
63.22426885259262, 74.9784951719707
42.2685761243808, 1.9250535850241945
0.7133581401495559, 69.15547341806374
70.64555127351329, 9.39264133497355
70.09718838533972, 98.37141208822531
77.49111047790458, 117.6379517793702
22.2402180243078, 155.13008153632472
20.561919952453966, 100.78989047168501
62.73269989193532, 121.81137292788927
11.685317056194599, 106.06918488364046
95.71564258911155, 64.55463159481185
41.41028152054334, 70.20346961918675
0.4195279023019749, 180.18747527464726
30.872202573540086, 90.85658386992195
31.55226437793408, 191.44407537129368
54.430621557984615, 112.31657218701778
71.60294394873672, 107.88583934767327
52.35474183640908, 117.5224202379185
70.62140603058874, 166.35518091082645
17.973837554354187, 44.48112214459559
70.20656321709751, 176.60621572516567
2.3401134338791985, 18.37841550989545
27.948442153857478, 65.99275052765223
24.326967984604998, 175.7170700116485
95.0744552128075, 55.74264137433771
18.24779097567799, 125.12031220579043
15.527310493761725, 2.2183141421335817
30.800166640109705, 24.82110775506039
32.19873705943752, 180.96739963860827
73.23876725351268, 184.14130635702898
52.985818978064984, 140.69399601772358
53.98140235975758, 77.2718453706722
50.25172624946469, 29.9970454525859
91.39801489510123, 3.641826422538652
84.91240831867687, 35.66213342189464
43.27585545825509, 169.79654188636962
80.41713766263842, 50.044687856097944
97.31784086571338, 171.1747379412356
114.07896956622328, 95.43921931276003
129.16710022029167, 66.15572391648716
130.43441550890512, 153.71752878081114
193.61195700694034, 68.46910951506833
136.48394244138805, 129.73015410213006
125.73740441010882, 138.78456688727445
144.0226364208732, 48.36642572122327
123.81097833881314, 122.41416733528914
102.91520728267113, 132.70277832394382
115.86482821164702, 100.99038919447321
117.5522313176138, 5.803430092804818
160.460794308196, 151.52349856134813
190.23893430420046, 119.40427336265766
197.08772761622672, 174.6630933928503
148.19345050307578, 58.31811209619791
192.11308763617416, 25.353118262299358
173.9039807144025, 134.91832100237144
131.24544594149302, 15.314591117226616
164.16358521399968, 25.06734732458462
152.47016278957759, 95.04042177841718
151.93060023778546, 177.25074494519947
117.3916359025674, 82.50450392104376
155.751041952758, 152.773138370407
138.8847956734071, 115.51962977474348
144.12991743461893, 64.3888642515075
159.46146804422938, 148.5376357688076
180.47472670529402, 22.6279816110176
150.97929605199454, 111.65987857257842
178.04550431686033, 85.1237088194416
156.76901813055744, 66.84069430627969
174.75948538696235, 180.52975595260546
194.0874234220852, 54.90455775566036
175.19710209802162, 189.97703857863843
124.7664984218286, 71.87705049106714
190.81085526134498, 75.57330788813859
140.09500967170882, 80.0236901968422
121.67371529373486, 39.71596124176256
123.1908773045351, 22.709528048880976
183.76688508424365, 83.73440192265782
117.5886334728688, 34.910955891407134
128.1578689449986, 163.94869888860046
183.5126509653166, 73.25838171351768
176.26673762321659, 127.97719000361863
106.21192881112185, 135.40134691481794
195.30393091210252, 176.4488169724205
134.68752544437297, 114.88151376067731
109.07821380093064, 47.23682466039407
141.04409888977506, 14.850452369777067
109.43593849435162, 105.12220804448458
176.89322799760495, 18.483825515920003
117.7629932213059, 0.2654965193962022
112.91185901518327, 83.97342053904376
187.42813784094818, 133.39590736550403
176.9210381287327, 113.8268867555921
110.32106822739804, 18.672631031651466
105.93769635469492, 19.05574963973966
182.65102333753984, 184.41245433988416
134.02536273584133, 111.90698040547437
170.04937219936275, 29.870852973526162
100.49603125161846, 11.02838913150097
131.91481533434535, 12.971252291710744
148.26354249205428, 131.19677822207416
110.08333753823112, 116.21652827194826
186.06450048979048, 120.47581849319577
124.23160719147653, 79.26025863836136
104.78791018916077, 197.55424696661814
157.36436129876233, 81.45634295570436
136.95000840114324, 9.025825584964654
194.918067007634, 85.4605290640784
185.36971711774385, 74.77964193963842
160.1192593212502, 138.65947130671736
151.12330023743976, 108.99250780009955
107.04189943097242, 1.9611495681012947
133.46452986681965, 21.060701463885543
157.8279702024061, 64.34304874088048
124.96954845060385, 22.384868788393163
190.5763400619756, 7.337889516530338
125.66045666670136, 117.95835486904022
195.0194144259796, 190.55852635573163
120.63935278932314, 157.69482094751294
