160
97.64581030128838, 125.56979586021518
22.58999353702456, 138.15418083111678
11.431857544193791, 45.605293466783415
68.18133180397525, 75.17065431552435
63.65540058429262, 143.9467639328713
95.67739473428524, 6.494713560082821
8.997583297588696, 165.03061809507133
52.75951999693829, 123.27083756161379
0.5175261482293858, 171.65899497828613
62.48673280498441, 115.18520377017802
91.50617644586706, 40.08460285536255
49.58257201627423, 26.456173889786825
78.22602714937456, 135.9924428530017
8.513813828939798, 48.377939612758915
75.45983686715752, 122.96059323538077
93.6253784924347, 2.721472022907667
28.38170422775894, 76.52264206018964
36.50911837585229, 20.656785982996205
89.41315788114869, 20.21110388549101
33.34713751870289, 44.11401802133086
57.23549492646346, 133.88226463981417
74.59264073056369, 45.750363889674794
68.71606790671527, 127.50324953958771
62.613932329699274, 68.00516539058212
70.34326758979601, 196.13250313950732
33.78529890200607, 68.71634065706064
4.041725809994368, 177.2089657220105
26.279561893049568, 64.8460654005923
1.0992265261932643, 89.35032125925797
27.394157419772114, 103.54039722131934
42.97931053361397, 175.06336829856278
78.61151116151485, 147.3517503660952
9.159501839831364, 71.159995081276
66.79074953137328, 39.15932716618471
35.808374158837275, 175.28960733325553
69.0897928575947, 143.47520950043943
39.511690870772846, 161.4060674397337
82.4170019702662, 66.8136874642724
38.475802256693825, 125.9102654459241
84.32104678765482, 184.48088053047456
40.26183974063348, 39.17689167746412
71.55922715255649, 125.90542268708558
82.15554303038857, 111.90387679488
91.34519772699896, 13.85550735208858
76.23550432183636, 121.21484615303567
53.89154693471889, 112.52060126381276
43.34410364014083, 25.994962325944098
75.48913185477937, 194.5172271017299
20.340864995455345, 163.32324639889134
81.00340218965505, 99.82693828652782
93.88460175753046, 132.73845386997664
5.225566514951607, 7.575279376929345
65.2220518501934, 100.79267005003635
15.579021063020749, 40.86200411056862
44.301458932466154, 131.43814263867495
40.34071835935921, 67.65457907323747
51.83213659582238, 135.8943605827792
54.995818477891945, 8.741033695331746
30.048671508607462, 138.47894933774506
71.34031013054104, 84.11086392830651
43.71158015037911, 178.13604777804503
9.0047062021534, 136.75931819720552
96.20091382896128, 176.67353127207747
60.43421735205814, 111.53273342386495
25.24133200401235, 82.4826608722284
77.475744677883, 6.611244682249273
21.6951882318727, 113.97209729362996
38.1428299286241, 25.05317058051981
55.08747588525712, 80.24110488839162
13.710501986523004, 16.430438159307137
81.84462176742252, 135.9542261736373
48.851235132048274, 72.0081269164353
2.98871999722804, 78.08052443875746
78.80525746061616, 167.01072963007678
96.07218751380832, 167.48306751674912
27.96944134309306, 58.15416049739519
39.06152595631253, 10.510885964187722
79.29481666242847, 195.17302027516655
88.3320667211127, 169.82165694536167
21.59023528713074, 71.43059880491998
141.7329020485438, 192.96053648893857
157.98932811459045, 117.33697384376438
188.5681424558062, 45.605293466783415
109.31034180435749, 85.29885684870335
197.66748875089434, 198.67930122554145
104.32260526571476, 6.494713560082821
191.0024167024113, 165.03061809507133
147.24048000306172, 123.27083756161379
199.4824738517706, 171.65899497828613
137.5132671950156, 115.18520377017802
108.49382355413294, 40.08460285536255
150.41742798372576, 26.456173889786825
121.77397285062544, 135.9924428530017
191.4861861710602, 48.377939612758915
191.6661746826891, 175.6795752282509
106.3746215075653, 2.721472022907667
171.61829577224105, 76.52264206018964
163.4908816241477, 20.656785982996205
110.58684211885131, 20.21110388549101
166.65286248129712, 44.11401802133086
142.76450507353655, 133.88226463981417
132.3986795535555, 92.92171754190434
131.28393209328473, 127.50324953958771
137.38606767030072, 68.00516539058212
129.65673241020397, 196.13250313950732
166.21470109799392, 68.71634065706064
195.95827419000562, 177.2089657220105
176.4864061709781, 54.57924431769796
198.90077347380674, 89.35032125925797
172.6058425802279, 103.54039722131934
157.02068946638605, 175.06336829856278
113.57376976156449, 123.63855671975965
190.84049816016864, 71.159995081276
133.20925046862672, 39.15932716618471
164.19162584116273, 175.28960733325553
130.91020714240528, 143.47520950043943
152.21591914449715, 140.12556799479103
117.5829980297338, 66.8136874642724
161.52419774330616, 125.9102654459241
115.67895321234518, 184.48088053047456
159.7381602593665, 39.17689167746412
128.4407728474435, 125.90542268708558
117.84445696961143, 111.90387679488
108.65480227300104, 13.85550735208858
187.3525860935092, 197.67951087153057
146.1084530652811, 112.52060126381276
113.70678833089855, 5.918552168993085
124.51086814522063, 194.5172271017299
179.65913500454465, 163.32324639889134
181.56130562700042, 168.7893363505171
176.61487274076967, 92.47716339246963
194.7744334850484, 7.575279376929345
168.21540073036948, 150.06682149701953
184.42097893697925, 40.86200411056862
155.69854106753385, 131.43814263867495
159.65928164064078, 67.65457907323747
120.22143887406838, 149.71987031930604
145.00418152210807, 8.741033695331746
169.95132849139253, 138.47894933774506
128.65968986945896, 84.11086392830651
156.28841984962088, 178.13604777804503
190.9952937978466, 136.75931819720552
103.79908617103872, 176.67353127207747
139.56578264794186, 111.53273342386495
174.75866799598765, 82.4826608722284
122.524255322117, 6.611244682249273
178.3048117681273, 113.97209729362996
161.8571700713759, 25.05317058051981
144.9125241147429, 80.24110488839162
186.289498013477, 16.430438159307137
118.15537823257748, 135.9542261736373
151.14876486795174, 72.0081269164353
197.01128000277197, 78.08052443875746
121.19474253938384, 167.01072963007678
103.92781248619168, 167.48306751674912
172.03055865690695, 58.15416049739519
160.93847404368748, 10.510885964187722
120.70518333757153, 195.17302027516655
111.6679332788873, 169.82165694536167
152.64945089512207, 136.2520026096079
