176
98.24102058519978, 185.78186493739946
94.23519168999806, 18.742725822696137
95.66569138479572, 14.226745582212486
39.347575023932976, 113.72230220642712
23.642825555000478, 191.38193427875683
14.394902892064588, 195.7494815089009
45.013584566374234, 56.038441873543675
21.113636139374147, 5.38729772309352
1.656042154669457, 111.64579157954716
79.20999367547137, 71.90429000133514
40.73071824181296, 84.72810589736311
57.245149835155495, 59.366489489946495
26.385681036366115, 130.08538207322215
68.67448230250281, 71.95278943894523
81.39465017354995, 64.47161014759726
54.58576687857922, 116.97861828847095
84.52785871960661, 3.9365786608668962
88.84169785502988, 44.87589021099696
19.33812796855755, 122.32797405976872
31.476071596788803, 167.391371512896
44.152671615227135, 184.94891416345692
55.1246948806002, 170.72653011833228
45.38266661622059, 90.76715319774542
18.052826507557807, 112.08107302314814
57.06753137307653, 113.95838698449407
75.36870331132744, 184.22082123851814
15.571029621059004, 154.09328370188695
98.46862899097587, 198.65827995768137
21.540560662509822, 54.58328161266386
55.422815496688074, 147.4229331613035
1.676508697712098, 24.900045177946105
8.239051616690618, 125.33313100458004
75.18422829929673, 81.66384882366629
76.65045804041112, 4.90734466325462
79.81422529293059, 83.81022439938101
1.5630383220536892, 128.92295160803914
44.512797623125046, 126.01484797467808
49.848228143366185, 75.5242096311548
86.21455155141612, 111.51258552539345
60.330975599780075, 28.209075891902646
11.93984644478464, 141.8043580725398
81.46277633286265, 188.4819249296603
2.9264713759098337, 6.476030403688204
83.98925441756354, 76.34414069862937
21.41447584257562, 71.80178513142201
6.158071790220532, 106.18765988663623
9.778072882071642, 49.04613892898539
73.7716379951864, 44.50469514031396
74.70194251933628, 75.80286557200641
10.734253002276262, 92.64043961692285
33.16630114880701, 156.6111625591508
48.65543216925478, 119.51174899359765
13.770639470388279, 46.86873239216558
80.68061369491625, 150.75341505388542
33.37968983802032, 188.46965891152956
40.27361801495823, 34.319339457626086
30.409167284175776, 56.34858952729287
33.20109549008655, 182.7970556038055
60.69100774606609, 143.2460291120142
66.08097940880452, 132.33456183278403
62.681736055475746, 98.42683508385957
86.01746405254612, 0.756116033439147
99.29176317103418, 140.97538464985436
64.76237253622863, 196.77227887757638
8.288364727477948, 98.24297061623935
42.30670768015443, 37.39864097780967
1.0907997198680408, 7.6780054594700164
32.631711085129304, 44.34391000827763
91.89425354227626, 43.61609514977918
36.01004903384203, 45.88468571151616
7.2242303238383325, 96.10295774732735
46.010720476984076, 186.70189991668477
38.25598795873819, 15.062666193301677
78.18617354071584, 90.33214268557938
28.38796639858512, 173.77260006143632
59.06249613485496, 40.021966235449
5.36947542689089, 152.86126820775434
17.7034396703726, 61.73147891869686
12.709915511700649, 0.7472383738594743
61.82774800083772, 101.86171451054872
35.93856596926068, 81.21550518780147
51.06288863195856, 18.377063855496644
96.88450407722337, 45.19973210090351
35.161829592805006, 158.48194188330498
52.044097236323964, 26.312321096421787
2.1099666235720793, 151.78771977899964
77.1382627521903, 15.636838425453492
81.09208451039662, 145.89185508013435
49.06700261426262, 46.419479233736105
22.3535571717457, 74.91805970603657
30.37176290996485, 170.44149066355058
6.171225206283726, 197.11652319198882
63.40665577063783, 167.10498937518264
54.24263733534431, 160.38172566657224
54.22574682785171, 13.057136977853268
5.205900188928414, 41.21778626937884
101.75897941480022, 185.78186493739946
105.76480831000194, 18.742725822696137
104.33430861520428, 14.226745582212486
160.65242497606704, 113.72230220642712
176.35717444499952, 191.38193427875683
185.60509710793542, 195.7494815089009
191.1017334681691, 32.712491138151066
178.88636386062586, 5.38729772309352
188.41697382432187, 184.2572325954577
120.79000632452863, 71.90429000133514
159.26928175818705, 84.72810589736311
142.7548501648445, 59.366489489946495
173.61431896363388, 130.08538207322215
131.3255176974972, 71.95278943894523
113.83448828992002, 62.99252477362518
145.41423312142078, 116.97861828847095
115.47214128039339, 3.9365786608668962
111.15830214497012, 44.87589021099696
136.09029964685348, 141.53269461002904
168.5239284032112, 167.391371512896
155.84732838477288, 184.94891416345692
144.8753051193998, 170.72653011833228
154.6173333837794, 90.76715319774542
181.9471734924422, 112.08107302314814
142.93246862692348, 113.95838698449407
117.64313629552011, 119.39588257556099
133.21719732052057, 84.958990290061
101.53137100902413, 198.65827995768137
178.45943933749018, 54.58328161266386
144.5771845033119, 147.4229331613035
198.3234913022879, 24.900045177946105
191.76094838330937, 125.33313100458004
124.81577170070327, 81.66384882366629
123.34954195958888, 4.90734466325462
120.18577470706941, 83.81022439938101
198.4369616779463, 128.92295160803914
109.34939666352933, 187.0253022340598
140.71854506766408, 76.79599049484325
113.78544844858388, 111.51258552539345
151.12223693450284, 20.20654429392572
188.06015355521535, 141.8043580725398
118.53722366713735, 188.4819249296603
197.07352862409016, 6.476030403688204
148.7041253914279, 48.85935184971994
178.58552415742437, 71.80178513142201
193.84192820977947, 106.18765988663623
190.22192711792835, 49.04613892898539
126.2283620048136, 44.50469514031396
125.29805748066372, 75.80286557200641
189.26574699772374, 92.64043961692285
166.833698851193, 156.6111625591508
163.63646312467694, 114.62487178759216
186.2293605296117, 46.86873239216558
119.31938630508375, 150.75341505388542
166.6203101619797, 188.46965891152956
159.72638198504177, 34.319339457626086
169.59083271582423, 56.34858952729287
166.79890450991346, 182.7970556038055
139.30899225393392, 143.2460291120142
113.44676327432326, 172.12870728027917
137.31826394452426, 98.42683508385957
113.98253594745388, 0.756116033439147
100.70823682896582, 140.97538464985436
135.2376274637714, 196.77227887757638
191.71163527252205, 98.24297061623935
157.69329231984557, 37.39864097780967
198.90920028013196, 7.6780054594700164
199.41659950289772, 33.366942820813364
108.10574645772374, 43.61609514977918
163.98995096615798, 45.88468571151616
192.77576967616167, 96.10295774732735
153.9892795230159, 186.70189991668477
161.7440120412618, 15.062666193301677
192.33191060272762, 128.51443587463584
187.52734792779023, 163.74249282301457
140.93750386514503, 40.021966235449
194.6305245731091, 152.86126820775434
182.2965603296274, 61.73147891869686
198.1357045611762, 59.937602721595695
138.17225199916228, 101.86171451054872
