176
2.6861178852182093, 145.9951511620337
45.958970040752966, 151.6958141174618
78.74329813147396, 79.35849034161157
88.84866337808859, 179.73020663359605
3.684865447359731, 8.24451935510222
6.302835295654374, 154.38343493498903
23.26755707115601, 54.796286394043456
39.831295562769874, 47.56448957511734
32.92308970543376, 131.484794305397
5.539404747933785, 86.40042970815314
36.9936015191626, 177.3405244074459
96.00594407624271, 47.494565646132614
66.6505865356636, 163.99694700608916
12.122955538788672, 198.96012460910475
29.789752322010255, 61.38559044237857
46.14419448887408, 87.80694101986617
20.165153107694266, 92.80966582644226
21.653075570360116, 133.1684753127623
56.268030252929854, 138.23167875178063
44.08492353756285, 56.67186241072633
14.58806943509687, 121.92275894171446
37.531778837206254, 152.9680946034095
70.94579993594205, 194.39334195202187
65.57339228516712, 149.93611210611434
1.7262695502455405, 115.88674353490424
16.602973690329904, 130.04501829187882
49.436736182285806, 87.5291094685429
75.84608775779247, 180.57491339950587
8.26124947822169, 24.634978476199443
2.5842724135558104, 52.04159365206444
28.714256108735125, 165.1896809672177
83.15575119865774, 43.78513956049297
88.59398840243387, 32.04292232953399
47.72053872724715, 193.50416210240277
70.80266600053733, 142.92943869383902
19.190426830705746, 190.30644644337156
39.85275514865899, 45.022602055000306
48.346545540823094, 145.8902699669415
33.28548071320775, 36.17128212930758
64.78420136409223, 31.769163700695824
8.115670238767848, 126.3639120544138
17.36201166367724, 27.238578735468664
47.9704080723681, 16.004557537841645
92.75360570214582, 162.96075564552808
61.441268200635726, 20.816525761525284
30.03326847850549, 50.362505515241196
45.8170755015858, 14.145560386233008
80.14713699261671, 134.69762301220095
56.162294763222775, 148.91232888187972
96.79537096086054, 4.559247500112029
57.419348500562975, 129.0959695877391
96.90500703622067, 146.47059390683296
69.17152762383424, 141.91496982089745
22.999680821664768, 157.58381824290345
53.1810481185105, 65.16585704609345
20.687248475827424, 17.129811873526158
20.767524633188735, 101.33184038055218
39.20391234324297, 61.33312742914368
23.435658659771132, 61.11395406827699
27.409933181535084, 13.419718852536565
75.19574729156417, 77.95383053014457
7.4920528765291206, 9.91085773567364
4.021329507686067, 134.6105713233892
64.83393317188677, 83.42555213280949
51.92014988579744, 160.68098324659815
23.383454344518427, 118.51216411216407
39.19227743798288, 8.44214358221398
41.56846925308593, 152.33382820233598
74.30804222251611, 127.53768972119003
35.1823744465782, 0.6915676284619421
44.017333957738614, 188.70180481233143
83.06714075087885, 54.48377192665313
31.429302445550633, 75.88506084388294
11.965688761688341, 183.2241173129612
35.262497776773294, 113.01563772972068
33.78543406604963, 163.68371317419087
30.517808772483015, 128.71595948240554
25.96563320322548, 39.542136345500055
44.544575436524894, 157.41846763657665
72.8811827863956, 52.67367166694183
60.90279297693411, 151.70186691007393
47.31823980508215, 50.60331379077021
90.40337523480866, 162.83942786982692
2.0126373825164467, 24.14005522498963
55.415070500327936, 74.10476506938635
53.956046389642054, 153.84486022919788
97.49861017415591, 134.84099190005796
18.068540700333113, 136.5486353455863
80.22705635149514, 24.358699000436257
25.679361195370053, 194.95872523244697
8.0046881226282, 114.58301633722874
57.564066564569046, 69.50078645263989
36.53582125787316, 99.32127387065334
64.76789680714478, 139.7300034157723
73.53029097652967, 192.00614950305624
55.20810172651264, 86.65249752867923
163.35766982481712, 162.56930414484574
154.04102995924703, 151.6958141174618
121.25670186852604, 79.35849034161157
111.15133662191141, 179.73020663359605
196.31513455264027, 8.24451935510222
193.69716470434562, 154.38343493498903
176.732442928844, 54.796286394043456
160.16870443723013, 47.56448957511734
167.07691029456623, 131.484794305397
194.4605952520662, 86.40042970815314
163.0063984808374, 177.3405244074459
103.99405592375729, 47.494565646132614
133.3494134643364, 163.99694700608916
187.87704446121134, 198.96012460910475
170.21024767798974, 61.38559044237857
153.85580551112594, 87.80694101986617
179.83484689230573, 92.80966582644226
148.42498356730238, 83.36578145967263
143.73196974707014, 138.23167875178063
155.91507646243716, 56.67186241072633
117.70585010728765, 64.53790661660837
162.46822116279375, 152.9680946034095
129.05420006405797, 194.39334195202187
134.42660771483287, 149.93611210611434
198.27373044975445, 115.88674353490424
183.39702630967008, 130.04501829187882
177.16607141265945, 78.05902314532051
124.15391224220753, 180.57491339950587
191.73875052177831, 24.634978476199443
197.41572758644418, 52.04159365206444
171.28574389126487, 165.1896809672177
116.84424880134226, 43.78513956049297
111.40601159756613, 32.04292232953399
152.27946127275285, 193.50416210240277
129.19733399946267, 142.92943869383902
114.32138722788845, 196.88832439397697
160.14724485134101, 45.022602055000306
151.6534544591769, 145.8902699669415
166.71451928679227, 36.17128212930758
135.2157986359078, 31.769163700695824
191.88432976123215, 126.3639120544138
172.40013880130496, 58.28518478933671
152.02959192763188, 16.004557537841645
146.69106497169383, 132.2822535930654
138.55873179936427, 20.816525761525284
169.96673152149452, 50.362505515241196
183.9075831539572, 33.021980970097516
119.85286300738329, 134.69762301220095
143.83770523677723, 148.91232888187972
103.20462903913946, 4.559247500112029
142.580651499437, 129.0959695877391
103.09499296377933, 146.47059390683296
130.82847237616576, 141.91496982089745
177.00031917833525, 157.58381824290345
159.37832731578487, 25.847663339288985
179.31275152417257, 17.129811873526158
196.34596967524857, 93.0114473246472
192.36862183063246, 20.607097378297958
176.44071897782806, 58.58677602007882
172.59006681846492, 13.419718852536565
124.80425270843583, 77.95383053014457
192.50794712347087, 9.91085773567364
195.97867049231394, 134.6105713233892
135.16606682811323, 83.42555213280949
128.9889033405682, 151.92951281114816
176.61654565548156, 118.51216411216407
160.80772256201712, 8.44214358221398
158.43153074691406, 152.33382820233598
125.69195777748389, 127.53768972119003
164.8176255534218, 0.6915676284619421
155.98266604226137, 188.70180481233143
116.93285924912115, 54.48377192665313
168.57069755444937, 75.88506084388294
151.53806307201793, 179.23495159964733
164.7375022232267, 113.01563772972068
166.21456593395038, 163.68371317419087
146.66923007007864, 78.56650980911853
174.03436679677452, 39.542136345500055
155.4554245634751, 157.41846763657665
110.28244107237867, 94.25641097783743
