160
22.97343397933177, 95.35335597427172
16.653283103058993, 50.86679983547675
79.45815279634257, 145.19617090388573
21.967112888509522, 54.70374481561677
33.55982481654573, 188.28800259341412
34.18930231780841, 84.03485299470039
66.29348164423158, 105.92212170771474
3.692039818000792, 141.95020353741157
55.09083209324432, 199.32107803035518
4.629750702659408, 93.95742822705624
6.817724636384915, 194.36767034509654
62.2322910534522, 42.43238268928775
45.901825674168286, 166.39923639266735
81.71707982238003, 128.61957378156131
7.081312743670088, 158.17176088439652
1.291893773559416, 36.690200686352206
67.88029311786458, 59.92784405107483
3.8318280123526782, 148.0544297621373
53.00231361279286, 15.833956332105092
19.3695833154514, 0.40044539139261204
81.31686215177218, 131.5995984112039
4.048773583102938, 26.456195982288545
30.68066822122931, 91.26188402965809
14.299210834022535, 97.36823918998915
4.141178246901022, 62.403180101813604
90.4706380391509, 172.68221986468558
49.48151123970258, 40.32869298159611
49.8514861574898, 11.91114705710934
40.42048701449957, 15.366527973677456
43.755808421278196, 5.180454483689734
54.50075390871872, 177.48965384617733
23.632361467843555, 153.22731894089947
16.37272718888233, 123.21956227442996
91.24613844739208, 144.73186005975606
69.27215915325988, 94.45263639288406
24.739919358720087, 122.29080618256862
49.49714193357783, 72.60608836954745
0.033334740588453204, 104.15481826013773
93.65199538098754, 150.9652370656476
58.55791255293017, 104.76875076537601
98.80981688820324, 13.251389818616822
6.662727157644643, 45.257901612275234
79.81440423417584, 52.984345386429624
2.2004891091955026, 33.65618704359448
96.71123295204747, 101.99867726234608
44.108268515341024, 100.94629454154172
13.27150951521755, 85.08257256527591
20.83957405236586, 157.7404274571434
43.566328850593685, 49.886386299262675
81.92430574688359, 166.57932606886774
8.50711962207178, 122.94544867505164
58.46616000660787, 142.44738007595456
75.17588192655555, 140.9860078217309
18.05423027022819, 118.43156883177895
67.95699099787934, 39.208332356054456
99.07246227812516, 143.00913918688752
62.29949687847649, 72.11815001214264
90.45211585538564, 25.847656431011035
25.653887018089307, 154.5902972237306
34.92537254671806, 118.34998173145776
74.52581106684994, 64.17144589805928
26.109970424600025, 75.49617028252977
37.0010936452954, 44.208471638610256
58.87108875004458, 133.68322717252028
30.132808341300223, 104.06149433453824
4.7359618909259, 106.73664598121697
63.34187242385889, 4.983423108563234
18.476397008438326, 46.01894021193156
53.01821562876109, 9.265861024184808
14.384661519875497, 199.4803802577943
68.47969733655495, 56.98083955316407
73.76713203468358, 193.90789639345516
30.301095436893622, 120.36834385640435
25.710234724929393, 161.78854234835416
59.90276344476093, 63.23997214340411
80.35902418159972, 11.944842527647758
91.03747317955917, 35.39514513712048
81.88362743413, 113.76372521951339
27.809011713710298, 57.97929187824715
60.978967832479825, 102.32504871900652
177.02656602066824, 95.35335597427172
183.34671689694102, 50.86679983547675
120.54184720365743, 145.19617090388573
178.03288711149048, 54.70374481561677
166.44017518345427, 188.28800259341412
165.81069768219157, 84.03485299470039
133.70651835576842, 105.92212170771474
196.30796018199922, 141.95020353741157
144.90916790675567, 199.32107803035518
195.3702492973406, 93.95742822705624
193.18227536361508, 194.36767034509654
137.7677089465478, 42.43238268928775
154.0981743258317, 166.39923639266735
118.28292017761997, 128.61957378156131
192.91868725632992, 158.17176088439652
198.70810622644058, 36.690200686352206
132.1197068821354, 59.92784405107483
196.16817198764733, 148.0544297621373
146.99768638720712, 15.833956332105092
180.6304166845486, 0.40044539139261204
118.68313784822782, 131.5995984112039
195.95122641689707, 26.456195982288545
169.31933177877067, 91.26188402965809
185.70078916597745, 97.36823918998915
195.85882175309897, 62.403180101813604
109.5293619608491, 172.68221986468558
150.51848876029743, 40.32869298159611
150.1485138425102, 11.91114705710934
159.57951298550043, 15.366527973677456
156.2441915787218, 5.180454483689734
145.4992460912813, 177.48965384617733
176.36763853215643, 153.22731894089947
183.62727281111768, 123.21956227442996
108.75386155260792, 144.73186005975606
130.72784084674012, 94.45263639288406
175.2600806412799, 122.29080618256862
150.50285806642216, 72.60608836954745
199.96666525941154, 104.15481826013773
106.34800461901246, 150.9652370656476
141.44208744706984, 104.76875076537601
101.19018311179676, 13.251389818616822
193.33727284235536, 45.257901612275234
120.18559576582416, 52.984345386429624
197.7995108908045, 33.65618704359448
103.28876704795253, 101.99867726234608
155.89173148465898, 100.94629454154172
186.72849048478244, 85.08257256527591
179.16042594763414, 157.7404274571434
156.4336711494063, 49.886386299262675
118.07569425311641, 166.57932606886774
191.49288037792823, 122.94544867505164
141.53383999339212, 142.44738007595456
124.82411807344445, 140.9860078217309
181.94576972977183, 118.43156883177895
132.04300900212064, 39.208332356054456
100.92753772187484, 143.00913918688752
137.70050312152352, 72.11815001214264
109.54788414461436, 25.847656431011035
174.3461129819107, 154.5902972237306
165.07462745328195, 118.34998173145776
125.47418893315006, 64.17144589805928
173.89002957539998, 75.49617028252977
162.99890635470462, 44.208471638610256
141.12891124995542, 133.68322717252028
169.86719165869977, 104.06149433453824
195.2640381090741, 106.73664598121697
136.6581275761411, 4.983423108563234
181.5236029915617, 46.01894021193156
146.98178437123892, 9.265861024184808
185.6153384801245, 199.4803802577943
131.52030266344505, 56.98083955316407
126.23286796531642, 193.90789639345516
169.69890456310637, 120.36834385640435
174.2897652750706, 161.78854234835416
140.09723655523908, 63.23997214340411
119.64097581840028, 11.944842527647758
108.96252682044083, 35.39514513712048
118.11637256587, 113.76372521951339
172.1909882862897, 57.97929187824715
139.02103216752016, 102.32504871900652
