160
99.74216919538142, 190.2085743945831
21.584889686186003, 41.03537125370842
1.0228889739545721, 2.160299072744798
2.1813983583475527, 13.483481860747748
38.058261618263515, 3.2228923663340403
26.57182606577232, 164.36452392131744
84.87392598379489, 33.593373241079135
31.520666272783426, 14.484659182291782
48.735166566380705, 144.44260586637233
28.148003631959185, 18.09805622387004
95.29810200205425, 118.86604765382964
85.24355592600531, 47.084751916546885
27.39256794481505, 109.82953798332562
51.212166400513645, 40.20528509697448
21.252184210100143, 63.86150725033497
97.94603785129404, 20.610098182948988
97.40345051876861, 78.12306864056988
79.02908369878652, 95.82925617319809
60.52880682278662, 53.92314420948379
55.339619315969436, 188.35151010236473
22.960215589585097, 149.83578243857914
95.31395717621464, 187.57106454903928
79.42875626570374, 4.446806679622872
86.70732590597507, 117.33366114754924
26.181701599835826, 172.39726786683153
66.29471487415985, 69.34575650065374
79.84630848740412, 51.00207523869658
37.744109789462065, 180.7860320793887
49.94567203935861, 2.9661387807994544
22.183651942591208, 81.34021235260494
2.3228162530757546, 17.56564861487313
23.643600410887366, 52.893297858501654
17.95857987742526, 90.56629074359314
35.8319474655506, 112.68259245727288
98.80412528935283, 185.2090194957023
59.91665973902741, 185.561347826737
86.40001442051268, 134.18382017485365
63.57809761075305, 60.76820978963751
79.1732226194837, 75.02273309689866
96.14882075060733, 68.0684664808682
88.33166197442385, 20.202583539928543
26.270557459645428, 145.34937158467156
3.7072060579597776, 14.052393580373558
71.92574285979909, 15.661647089777354
59.45997008154635, 42.918570552275526
93.01154467522504, 78.6137342610165
90.22548914888989, 6.795379210457897
6.548649796444406, 48.61088847129737
77.88858493132396, 66.34256468337645
39.241096212671735, 190.2319866163629
89.5183314381782, 180.3439092686815
41.20139751628902, 49.133583808098024
29.56244231286701, 1.0710818263490074
77.74706003079312, 35.694421646578725
4.231596203113219, 33.52348129200862
46.4918537809659, 62.70437076544375
98.15167631868741, 69.67125649099619
94.86884126888467, 103.11653030609192
27.841812670087307, 114.92411702708536
52.480647441360325, 118.78780626860821
19.772516954766317, 86.76418302232554
62.8749782191385, 131.88126651754442
78.56245526796256, 1.924885512695984
91.61797089555535, 73.63560478999783
38.98787971796271, 199.67202620286403
66.47277605938984, 23.67014324736223
96.11038841971677, 173.95767171324422
77.31861776672389, 44.07033996059708
16.420981523212173, 104.04917588947968
74.70492166459462, 85.68622764840275
31.002405591071803, 150.52250409923082
89.73137775480326, 128.4160096921734
21.832566286893872, 2.502347539357208
15.371404763572516, 27.341634975695417
17.161338860965714, 117.32163186273945
44.760629464221815, 180.10763571982994
21.074932041428863, 171.21694058313196
68.84064597514843, 181.96647114309818
67.76325816482608, 156.4063355321511
21.018175889618686, 106.65095183755702
100.25783080461858, 190.2085743945831
178.415110313814, 41.03537125370842
198.97711102604543, 2.160299072744798
197.81860164165244, 13.483481860747748
161.94173838173649, 3.2228923663340403
173.4281739342277, 164.36452392131744
115.12607401620511, 33.593373241079135
168.47933372721658, 14.484659182291782
151.2648334336193, 144.44260586637233
171.85199636804083, 18.09805622387004
104.70189799794575, 118.86604765382964
114.75644407399469, 47.084751916546885
172.60743205518494, 109.82953798332562
148.78783359948636, 40.20528509697448
178.74781578989985, 63.86150725033497
102.05396214870596, 20.610098182948988
102.59654948123139, 78.12306864056988
120.97091630121348, 95.82925617319809
139.47119317721337, 53.92314420948379
144.66038068403057, 188.35151010236473
177.0397844104149, 149.83578243857914
104.68604282378536, 187.57106454903928
120.57124373429626, 4.446806679622872
113.29267409402493, 117.33366114754924
173.81829840016417, 172.39726786683153
133.70528512584013, 69.34575650065374
120.15369151259588, 51.00207523869658
162.25589021053793, 180.7860320793887
150.0543279606414, 2.9661387807994544
177.8163480574088, 81.34021235260494
197.67718374692424, 17.56564861487313
176.35639958911264, 52.893297858501654
182.04142012257475, 90.56629074359314
164.1680525344494, 112.68259245727288
101.19587471064717, 185.2090194957023
140.0833402609726, 185.561347826737
113.59998557948732, 134.18382017485365
136.42190238924695, 60.76820978963751
120.8267773805163, 75.02273309689866
103.85117924939267, 68.0684664808682
111.66833802557615, 20.202583539928543
173.72944254035457, 145.34937158467156
196.29279394204022, 14.052393580373558
128.07425714020093, 15.661647089777354
140.54002991845366, 42.918570552275526
106.98845532477496, 78.6137342610165
109.77451085111011, 6.795379210457897
193.4513502035556, 48.61088847129737
122.11141506867604, 66.34256468337645
160.75890378732828, 190.2319866163629
110.4816685618218, 180.3439092686815
158.79860248371097, 49.133583808098024
170.437557687133, 1.0710818263490074
122.25293996920688, 35.694421646578725
195.7684037968868, 33.52348129200862
153.5081462190341, 62.70437076544375
101.84832368131259, 69.67125649099619
105.13115873111533, 103.11653030609192
172.1581873299127, 114.92411702708536
147.51935255863967, 118.78780626860821
180.22748304523367, 86.76418302232554
137.12502178086152, 131.88126651754442
121.43754473203744, 1.924885512695984
108.38202910444465, 73.63560478999783
161.0121202820373, 199.67202620286403
133.52722394061016, 23.67014324736223
103.88961158028323, 173.95767171324422
122.68138223327611, 44.07033996059708
183.57901847678784, 104.04917588947968
125.29507833540538, 85.68622764840275
168.9975944089282, 150.52250409923082
110.26862224519674, 128.4160096921734
178.16743371310613, 2.502347539357208
184.6285952364275, 27.341634975695417
182.8386611390343, 117.32163186273945
155.2393705357782, 180.10763571982994
178.92506795857113, 171.21694058313196
131.15935402485155, 181.96647114309818
132.23674183517392, 156.4063355321511
178.98182411038132, 106.65095183755702
