176
59.33423681868728, 83.21638727390099
33.29716591108256, 125.89989906209658
15.941833165316188, 197.56461892615158
93.40987669310697, 142.1733178578088
83.43783411128085, 86.69027343183153
70.21871231261142, 174.27014609996436
5.696030251454809, 187.4887367756403
38.12566714618061, 12.464028085883694
58.465710924056324, 50.86875312634187
14.565651820043934, 142.16423633479278
75.51478846973934, 129.44430511946808
83.86613269783352, 89.05641107396298
85.55131623477594, 102.56599681608503
97.44815153842453, 43.12162876274479
48.65117238582971, 139.00338923796633
47.7037650651286, 125.65592634601748
29.04421233729826, 136.26091861942174
2.0520055890987043, 173.0774739739994
65.25257088832093, 105.36229949074061
14.12705508935803, 128.6350703642886
39.518887006144524, 37.67066122149312
36.71229838807234, 77.4292947708395
83.28209666155247, 103.9606520760342
49.65747622180016, 105.76656056898113
30.216625121535724, 152.32945961947374
45.515906601938184, 190.67433099168804
14.844830306786605, 22.65187003068805
83.0824938010242, 197.80129512638572
59.67702334225679, 151.00602082903626
52.74766131354477, 82.24809344185802
71.39485863455329, 37.74834020845405
99.29296932003243, 100.53010739448658
98.6094196307523, 143.73738774123575
90.46288213094277, 42.925549171912756
38.27280415199732, 46.87201082913952
94.58046761702694, 10.421428507840957
38.252940290710434, 19.991133253724456
92.14277731757994, 178.64634800842634
79.55775170919735, 134.97684894177277
56.16530015545186, 168.90425324847828
74.71698028297769, 98.6084864202032
15.606640462366606, 127.1771949091618
17.13042208568274, 143.33210455356155
42.65365401190391, 133.99442017560128
77.51794278225039, 135.59762696573296
21.023349686821035, 192.16154733843425
45.12348393286961, 34.79786460457592
3.7786294924736064, 124.76361108425476
38.466358447398385, 4.846704280882563
56.24177850855451, 198.52800369921434
40.82459442190866, 126.87593535430035
5.270694496448081, 169.5267254874279
17.793308099253156, 48.73768671528733
89.18510135397766, 134.1269100148677
43.4585545828523, 176.81636019383197
94.95336183913855, 187.9045996347485
81.48146147752837, 193.05789391744264
80.61729797359337, 169.06145187590346
80.04310068046165, 53.9994504112383
38.85804744913789, 35.5989657241381
87.44689403803879, 133.89160490497122
47.944329521313854, 129.39053475607386
83.91162103806145, 34.25176952310907
76.3573119032762, 14.476561938504728
9.393168703225129, 7.5700304177119815
42.378457712559424, 45.836530131503416
99.99332619749195, 57.16896785724794
73.46232293225955, 173.6556006537735
14.614315672921997, 130.66439596393934
87.055833897734, 173.45902083273398
28.720394202119937, 192.00360922888552
35.044287619631376, 47.28384348537005
51.18162687050096, 175.1384868482558
61.67949511146924, 177.55961002213112
47.149377620242504, 143.88534563520477
32.8335958488168, 64.50987796356758
46.14316769848521, 199.217637212172
23.958388643631366, 34.917296935632194
54.763890940239115, 21.278793122273186
5.654240246828501, 158.5454991982457
32.459650890587845, 98.91848986089798
27.636191248603737, 89.46881400365285
2.1892427811609605, 100.2713889655811
91.6541780387845, 173.34106090565194
8.441538861250509, 131.36958449021466
10.161069970927738, 27.905537807961455
28.617317193326265, 99.64872169036553
11.348276172537075, 54.665371102608894
44.788443781196506, 137.40148222336228
91.64388169200568, 2.2305268390258925
32.65903087264963, 28.421845990430562
47.43103009623781, 30.914846824920982
68.83048641824372, 125.63377294098355
47.891768113251764, 101.30939985412215
90.19249768084427, 197.87586862881653
41.72790767883391, 187.60991383362105
140.6657631813127, 83.21638727390099
166.70283408891743, 125.89989906209658
184.05816683468382, 197.56461892615158
106.59012330689303, 142.1733178578088
116.56216588871915, 86.69027343183153
129.78128768738858, 174.27014609996436
194.3039697485452, 187.4887367756403
161.8743328538194, 12.464028085883694
141.53428907594366, 50.86875312634187
185.43434817995606, 142.16423633479278
124.48521153026066, 129.44430511946808
116.13386730216648, 89.05641107396298
114.44868376522406, 102.56599681608503
102.55184846157547, 43.12162876274479
151.3488276141703, 139.00338923796633
152.2962349348714, 125.65592634601748
170.95578766270174, 136.26091861942174
197.9479944109013, 173.0774739739994
134.74742911167908, 105.36229949074061
185.87294491064196, 128.6350703642886
160.48111299385548, 37.67066122149312
163.28770161192767, 77.4292947708395
116.71790333844753, 103.9606520760342
150.34252377819985, 105.76656056898113
169.7833748784643, 152.32945961947374
154.48409339806182, 190.67433099168804
185.1551696932134, 22.65187003068805
116.9175061989758, 197.80129512638572
140.3229766577432, 151.00602082903626
147.25233868645523, 82.24809344185802
128.6051413654467, 37.74834020845405
100.70703067996757, 100.53010739448658
101.3905803692477, 143.73738774123575
109.53711786905723, 42.925549171912756
161.72719584800268, 46.87201082913952
105.41953238297306, 10.421428507840957
161.74705970928957, 19.991133253724456
107.85722268242006, 178.64634800842634
120.44224829080265, 134.97684894177277
143.83469984454814, 168.90425324847828
125.28301971702231, 98.6084864202032
184.3933595376334, 127.1771949091618
182.86957791431726, 143.33210455356155
157.3463459880961, 133.99442017560128
122.48205721774961, 135.59762696573296
178.97665031317896, 192.16154733843425
154.87651606713038, 34.79786460457592
196.2213705075264, 124.76361108425476
161.5336415526016, 4.846704280882563
143.75822149144548, 198.52800369921434
159.17540557809133, 126.87593535430035
194.72930550355193, 169.5267254874279
182.20669190074685, 48.73768671528733
110.81489864602234, 134.1269100148677
156.5414454171477, 176.81636019383197
105.04663816086145, 187.9045996347485
118.51853852247163, 193.05789391744264
119.38270202640663, 169.06145187590346
119.95689931953835, 53.9994504112383
161.1419525508621, 35.5989657241381
112.55310596196121, 133.89160490497122
152.05567047868615, 129.39053475607386
116.08837896193855, 34.25176952310907
123.6426880967238, 14.476561938504728
190.60683129677489, 7.5700304177119815
157.62154228744058, 45.836530131503416
100.00667380250805, 57.16896785724794
126.53767706774045, 173.6556006537735
185.385684327078, 130.66439596393934
112.944166102266, 173.45902083273398
171.27960579788007, 192.00360922888552
164.95571238036862, 47.28384348537005
148.81837312949904, 175.1384868482558
138.32050488853076, 177.55961002213112
152.8506223797575, 143.88534563520477
167.1664041511832, 64.50987796356758
153.8568323015148, 199.217637212172
176.04161135636863, 34.917296935632194
145.23610905976088, 21.278793122273186
194.3457597531715, 158.5454991982457
