176
38.73866757016224, 100.27687180060592
0.9133815032068449, 54.58751381513123
54.20605836559006, 71.79526077224978
54.31919420864594, 138.00427005681428
37.94829818344871, 53.51874896008593
89.09584223319834, 193.27227489991378
32.85505236218275, 115.23637261165392
93.05210930388488, 10.804399094404804
85.89914982819118, 45.65161329293544
58.09757592056817, 156.57359520471695
59.183139451417034, 199.20654221909766
17.066487970655764, 83.3800645215768
59.58773704114788, 2.946467178340928
43.38108413900631, 79.6395903262761
92.224338313111, 109.24137981350714
94.80789495794902, 176.55610959738868
81.93181892692296, 188.42198211498885
21.922668872453933, 123.50506869668453
51.13297199344123, 27.61962738325503
48.16407054565225, 54.69331256674297
42.904100713612856, 156.58352147835956
27.085622218661342, 106.09281845144227
28.410316448581163, 188.93181934611562
38.661438257087646, 108.81638453543611
57.061008999835806, 85.91211449579512
1.930216008106489, 178.31834489792223
73.6233317025292, 34.44039556933514
27.60548824972068, 70.99175631458239
64.08902117563473, 87.4713017761928
62.1275563867313, 104.50974961456699
21.550507680823383, 25.646874549159303
12.428584630895067, 32.87298955822895
81.5373331813577, 52.497619411213
88.32886870396781, 148.62336986281377
3.6240414008812616, 61.495672701776115
82.0094137030417, 105.59158926234933
76.6473163165351, 138.93713862687784
16.105143889581452, 90.68453164049495
35.93836179769232, 46.109841060715674
42.25344742773134, 113.29211089564053
46.95385855678931, 152.62360564972948
96.01101906927353, 161.02352875162182
29.83937857927639, 176.48697916186174
43.26681869446155, 99.93937399860027
76.89352465366598, 28.36867181869649
36.21280076107407, 1.1508629850477625
8.384283545180459, 72.1920765395963
78.15462524727062, 120.08169350065869
78.21837682909916, 21.190526795280018
67.01432390841705, 120.90107273855419
75.78525681344117, 96.17918220086148
32.70942746033941, 138.1868125793318
0.5780882346480554, 113.10424245388069
33.0131318034472, 41.97026599268576
46.7120596266514, 47.94716197491991
42.46738320703035, 123.40742743837222
78.46185842765802, 182.90429895616188
2.896733875824986, 198.42746216227476
43.72845990207412, 32.37012591417763
7.401384316427495, 93.46886608977198
36.07616662779996, 113.41105710356358
95.15256742296006, 21.834233822549965
46.91190769091072, 108.42868105189336
85.79882180120379, 68.08438188950208
22.705735991701946, 114.51698545364695
18.769604158796373, 188.88659697945948
16.916344585779473, 109.01278642576393
71.80116947393155, 98.515425706135
90.5017832547628, 56.5700190656522
95.02548773243383, 28.41321451610732
16.95890381362365, 148.37156668985898
50.664116389211564, 12.588293749656177
96.55054849675521, 179.1139696803247
3.1246562814224443, 40.633622130800326
21.35963847363307, 61.83449035273523
66.69534881106117, 7.237135044501941
52.772915410516944, 172.27172309991877
38.434756273190175, 67.36219829423223
65.94308390459543, 90.59142773240634
29.154527252888272, 40.585785349607086
30.11902784891234, 172.91308227694614
35.24151789655192, 19.858809505267416
61.58419819126249, 114.82694793067081
27.334219575806205, 50.395827774960566
69.16005445628856, 154.44985398800867
60.95241537455139, 77.67674635360986
87.72898199170065, 157.14273127966248
8.609131503858992, 19.08076212595795
17.033255260871005, 12.15793068131621
17.64266511924332, 1.5881890556662226
68.04081852251798, 141.44316878258917
95.5754429929933, 6.185129646241649
60.64097579538223, 108.87828684299652
69.99825161806407, 199.63835902145982
75.5331178083793, 189.38166656730155
97.61347054982024, 6.393480804149787
161.26133242983775, 100.27687180060592
199.08661849679316, 54.58751381513123
145.79394163440995, 71.79526077224978
145.68080579135406, 138.00427005681428
162.0517018165513, 53.51874896008593
110.90415776680166, 193.27227489991378
167.14494763781727, 115.23637261165392
106.94789069611512, 10.804399094404804
114.10085017180882, 45.65161329293544
141.90242407943182, 156.57359520471695
140.81686054858295, 199.20654221909766
182.93351202934423, 83.3800645215768
140.41226295885212, 2.946467178340928
156.6189158609937, 79.6395903262761
107.775661686889, 109.24137981350714
105.19210504205098, 176.55610959738868
118.06818107307704, 188.42198211498885
178.07733112754607, 123.50506869668453
148.86702800655877, 27.61962738325503
151.83592945434776, 54.69331256674297
157.09589928638715, 156.58352147835956
172.91437778133866, 106.09281845144227
171.58968355141883, 188.93181934611562
161.33856174291236, 108.81638453543611
142.9389910001642, 85.91211449579512
198.0697839918935, 178.31834489792223
126.3766682974708, 34.44039556933514
172.39451175027932, 70.99175631458239
135.91097882436526, 87.4713017761928
137.8724436132687, 104.50974961456699
178.4494923191766, 25.646874549159303
187.57141536910493, 32.87298955822895
118.4626668186423, 52.497619411213
111.67113129603219, 148.62336986281377
196.37595859911875, 61.495672701776115
117.9905862969583, 105.59158926234933
123.3526836834649, 138.93713862687784
183.89485611041854, 90.68453164049495
164.06163820230768, 46.109841060715674
157.74655257226866, 113.29211089564053
153.0461414432107, 152.62360564972948
103.98898093072647, 161.02352875162182
170.1606214207236, 176.48697916186174
156.73318130553844, 99.93937399860027
123.10647534633402, 28.36867181869649
163.78719923892592, 1.1508629850477625
191.61571645481953, 72.1920765395963
121.84537475272938, 120.08169350065869
121.78162317090084, 21.190526795280018
132.98567609158295, 120.90107273855419
124.21474318655883, 96.17918220086148
167.2905725396606, 138.1868125793318
199.42191176535195, 113.10424245388069
166.9868681965528, 41.97026599268576
153.2879403733486, 47.94716197491991
157.53261679296963, 123.40742743837222
121.53814157234198, 182.90429895616188
197.103266124175, 198.42746216227476
156.27154009792588, 32.37012591417763
192.59861568357252, 93.46886608977198
163.92383337220005, 113.41105710356358
104.84743257703994, 21.834233822549965
153.0880923090893, 108.42868105189336
114.20117819879621, 68.08438188950208
177.29426400829806, 114.51698545364695
181.23039584120363, 188.88659697945948
183.08365541422052, 109.01278642576393
128.19883052606843, 98.515425706135
109.4982167452372, 56.5700190656522
104.97451226756617, 28.41321451610732
183.04109618637636, 148.37156668985898
149.33588361078844, 12.588293749656177
103.44945150324479, 179.1139696803247
196.87534371857757, 40.633622130800326
178.64036152636692, 61.83449035273523
133.30465118893883, 7.237135044501941
147.22708458948307, 172.27172309991877
161.56524372680983, 67.36219829423223
134.05691609540457, 90.59142773240634
170.84547274711173, 40.585785349607086
