160
72.40176072992446, 31.3649856031901
80.83843830908076, 199.5336174691009
23.585735207498935, 83.00411770934798
80.0574426771563, 125.63177091544539
93.26921382698822, 141.1505931266342
51.90683415013464, 198.4470388955774
92.78200350169004, 106.73534035164703
82.7582348572881, 20.22361748401227
97.62134414355259, 16.91535137501834
56.7664192192791, 117.02951084564299
96.80196463506222, 169.3815313257832
62.5885393333087, 49.57853801115979
59.681269218731714, 164.74692547551854
68.99460768749847, 79.50119342205673
86.2485501159247, 48.51523764252308
54.126518910696575, 72.44491281139649
57.81016098062713, 82.07215875423584
45.42680632149455, 79.5410579235411
19.629183693673838, 173.4610309168329
65.93118258813706, 57.96606820126276
76.04285779719685, 193.48736883894574
27.74368951637317, 129.56969805709474
77.33137095920756, 96.76929072253697
64.45865302173831, 176.7379408635561
11.068854122065853, 170.09861083000703
18.811440984782834, 184.02450898962078
25.017890627643204, 114.59985508148313
89.62253083865951, 88.34207791626912
32.799309990267375, 18.912430755666165
61.12527388215931, 40.831655512900596
83.2337565229277, 142.53358835784582
98.87103149416335, 94.99330247504025
61.256808494987794, 64.96399150278131
19.29801067944361, 13.120577487964358
12.356090530702735, 86.86838173078071
76.1603939365835, 131.01495206321314
24.5743029015525, 60.560710096807384
9.852386490207854, 83.39030271607312
30.85274977368766, 46.36030634304025
62.483618104666604, 154.02686904255307
40.583160579374706, 36.00039535530249
58.4220138332242, 26.902987345894267
33.24473180707965, 123.71356408504298
62.542907731711864, 30.79276408763143
31.56596326920375, 138.48026708373015
3.6369650875886284, 133.49408567373956
76.05864505796832, 142.35080908794316
90.42609798628153, 175.73220429050977
65.62081117800457, 129.1987619248123
46.439426701829035, 112.14063898866347
76.41805795119474, 178.48230991127815
81.87043038026674, 35.44906854471572
5.7238819043288425, 114.41059390452546
81.70312487700093, 102.43020203213382
18.25530353852901, 60.84022687983741
47.13062615825221, 117.02318499239006
79.76741293150161, 120.97311687862968
79.4674761684533, 34.66797865856779
10.715997213452466, 192.97734987227565
64.87888999952376, 42.87183373948853
75.5967185015136, 102.21138855847519
85.60963256262191, 26.223522433105263
20.887189496571153, 136.95997999165542
97.82793070960227, 83.92439385755677
86.56312486745034, 9.099139849276883
3.5073305532346017, 141.29544880879155
75.93865580735329, 50.90058461543225
79.1413644345708, 158.607591393925
94.90258200918225, 70.87989238485952
60.539253537770904, 45.9083590513841
86.55101712309904, 196.97657748980384
24.028648982307388, 164.36438860815542
69.80640361097521, 82.7327745615043
60.081865957951806, 52.23983939543708
39.65972013299106, 180.78351138981375
7.46424765311707, 175.77789737634401
53.980442095682655, 111.05796120746314
26.225005819501135, 3.851525949869572
64.56917777193141, 34.97896698865765
64.83623312951501, 162.37431989637702
127.59823927007554, 31.3649856031901
119.16156169091924, 199.5336174691009
167.50320636544814, 8.418889693010701
137.51822290485228, 143.94911060027306
121.36550970693276, 192.97255584283403
148.09316584986536, 198.4470388955774
107.21799649830996, 106.73534035164703
117.2417651427119, 20.22361748401227
102.37865585644741, 16.91535137501834
140.38827476600878, 86.95220678546238
103.19803536493778, 169.3815313257832
137.4114606666913, 49.57853801115979
149.05402846719448, 94.50027485311956
131.00539231250153, 79.50119342205673
152.2015501189509, 83.34439421469155
145.87348108930343, 72.44491281139649
190.5575145255968, 26.001025251620558
176.35364768324246, 140.5805377548979
119.04633390557746, 97.37952054356349
134.06881741186294, 57.96606820126276
123.95714220280315, 193.48736883894574
172.25631048362683, 129.56969805709474
127.63260222680105, 79.12811135076123
135.54134697826169, 176.7379408635561
188.93114587793414, 170.09861083000703
181.18855901521715, 184.02450898962078
184.40423259893313, 192.60688545453965
181.372003893996, 48.230764242968526
162.842085691489, 27.549732460258582
138.87472611784068, 40.831655512900596
180.86924249252425, 96.64473246309224
101.12896850583665, 94.99330247504025
135.18851135492832, 108.11508496579062
180.70198932055638, 13.120577487964358
187.64390946929726, 86.86838173078071
192.2663140600067, 150.50503818009352
146.9317666387034, 49.28893131295102
190.14761350979214, 83.39030271607312
169.14725022631234, 46.36030634304025
189.7821656840037, 85.805650804345
143.51394688218522, 16.348533537043952
141.57798616677582, 26.902987345894267
166.75526819292034, 123.71356408504298
137.45709226828814, 30.79276408763143
139.9765563450767, 82.01549583979116
196.36303491241136, 133.49408567373956
123.94135494203168, 142.35080908794316
109.57390201371847, 175.73220429050977
134.37918882199543, 129.1987619248123
153.56057329817097, 112.14063898866347
135.90790211052212, 174.9650581554719
118.12956961973326, 35.44906854471572
194.27611809567117, 114.41059390452546
118.29687512299907, 102.43020203213382
181.744696461471, 60.84022687983741
152.8693738417478, 117.02318499239006
186.26172600411502, 152.68174305462819
180.5449570034699, 7.129849260673726
189.28400278654755, 192.97734987227565
135.12111000047622, 42.87183373948853
110.12026704202353, 28.607814059178025
114.39036743737809, 26.223522433105263
178.10778470064545, 173.9201018355839
102.17206929039773, 83.92439385755677
113.43687513254966, 9.099139849276883
196.43516824669976, 115.1909952282166
130.5001942246936, 56.315302216224424
120.8586355654292, 158.607591393925
148.28365308300926, 131.7515843179027
118.04818380076141, 80.18523926896621
113.44898287690096, 196.97657748980384
103.4854071044064, 174.67101125256718
130.19359638902478, 82.7327745615043
139.9181340420482, 52.23983939543708
160.34027986700895, 180.78351138981375
134.65127332241042, 180.46597778774762
146.01955790431734, 111.05796120746314
173.77499418049888, 3.851525949869572
135.4308222280686, 34.97896698865765
154.82303696338926, 178.23703116361466
