160
93.0982719485274, 98.49796437435594
24.98401185083704, 5.958269103286051
26.462019383479074, 21.578760062234092
20.519857409712962, 110.99554409287022
87.27474482890284, 36.284312766712404
1.9073140714053305, 76.57706433048853
21.19754086165011, 38.50365957051307
69.14408989495787, 2.9594948025816414
62.97113196870271, 102.86867624452552
23.34415209490759, 71.53265705615934
70.72190924371762, 180.278057612426
12.290196168641943, 45.58157474924616
20.569451336015156, 15.346958111218223
62.384068985992556, 115.61195013547123
79.98782831851601, 43.902700147984454
60.63627041628068, 57.689094366676926
88.77146961203286, 66.28524807794469
17.06861060980065, 185.8654337299835
75.83360079483464, 172.5533043796509
72.22230624789727, 101.8203514763659
52.43099554076517, 73.9350999664806
71.89624580318761, 143.0750012830934
9.5145725285672, 117.28408636597685
40.174657466455734, 192.52261791508533
80.20761815022627, 15.661445812092367
33.4638685713175, 5.814299057810546
10.170621011694847, 31.653068143056508
68.05809176937184, 37.06779063384686
2.5382819447629434, 65.28427294246572
50.18271218354769, 125.86571489584763
48.14114512734773, 145.07923099340238
52.75181493652352, 45.76643866043322
1.2900244475901324, 106.73856396836072
3.197737832069081, 190.21159214310518
72.37850379270016, 183.95388568207832
80.13245342665051, 121.35924222505781
46.121126307418635, 152.27283502648314
23.92610317794137, 176.17640720085785
52.95600507231385, 61.468702347433265
61.86077517037122, 66.59737134287703
16.618718511653828, 145.12419423034493
48.192044523830546, 125.80258404650206
86.72063913305753, 3.738572868132839
65.28573104657717, 12.359672127392574
31.87115282744697, 98.54606740651528
61.38784719581699, 143.42480636724477
74.66438670261016, 77.52882338514371
56.56563376389144, 101.05004366990902
39.654612400618916, 79.48344412499166
70.26007746881758, 171.42133627544752
84.66532573654871, 93.69342386740126
60.835887606809344, 41.0216377929407
63.896147606140055, 154.94324428142755
17.57863720370294, 121.43029481872667
71.89328022271191, 114.69691261999053
17.243962785338883, 88.28152822545674
16.932706044149658, 179.89734562119494
23.234959983678138, 91.93783810140704
10.866762478298853, 187.01822441612072
34.01419610809112, 123.62058795705117
48.86113620237881, 20.38911656940583
19.93660942732086, 31.124284945863767
0.7357162447007903, 112.58812992531627
42.43852573357503, 199.79683061227647
24.573266039068532, 128.92331991277425
19.917149102597755, 145.0068634607385
43.95543924094901, 22.113200037243065
29.042152076668735, 66.02562274818507
93.43323543829808, 39.051398548060924
73.02066321084443, 1.4198916063061784
95.57123033220849, 197.6413486958612
60.59917973526565, 150.80171372180692
61.539577706385096, 71.07951124392504
0.6100436821186883, 57.8876268411
55.968636117921434, 80.00276722713026
62.78289501788063, 132.89174722125975
69.30759119825078, 68.94173552731357
25.351657397193527, 149.46667160874034
56.28874656207542, 173.80811439237226
19.414253248795575, 52.998878214913624
106.9017280514726, 98.49796437435594
175.01598814916295, 5.958269103286051
173.53798061652094, 21.578760062234092
179.48014259028704, 110.99554409287022
112.72525517109716, 36.284312766712404
198.09268592859468, 76.57706433048853
178.8024591383499, 38.50365957051307
130.85591010504214, 2.9594948025816414
137.0288680312973, 102.86867624452552
176.6558479050924, 71.53265705615934
129.27809075628238, 180.278057612426
187.70980383135804, 45.58157474924616
179.43054866398484, 15.346958111218223
137.61593101400746, 115.61195013547123
120.01217168148399, 43.902700147984454
139.3637295837193, 57.689094366676926
111.22853038796714, 66.28524807794469
182.93138939019934, 185.8654337299835
124.16639920516536, 172.5533043796509
127.77769375210273, 101.8203514763659
147.56900445923483, 73.9350999664806
128.1037541968124, 143.0750012830934
190.48542747143279, 117.28408636597685
159.82534253354427, 192.52261791508533
119.79238184977373, 15.661445812092367
166.5361314286825, 5.814299057810546
189.82937898830517, 31.653068143056508
131.94190823062814, 37.06779063384686
197.46171805523704, 65.28427294246572
149.8172878164523, 125.86571489584763
151.85885487265227, 145.07923099340238
147.24818506347648, 45.76643866043322
198.70997555240987, 106.73856396836072
196.8022621679309, 190.21159214310518
127.62149620729984, 183.95388568207832
119.86754657334949, 121.35924222505781
153.87887369258135, 152.27283502648314
176.07389682205863, 176.17640720085785
147.04399492768616, 61.468702347433265
138.13922482962877, 66.59737134287703
183.38128148834616, 145.12419423034493
151.80795547616947, 125.80258404650206
113.27936086694247, 3.738572868132839
134.71426895342285, 12.359672127392574
168.12884717255304, 98.54606740651528
138.612152804183, 143.42480636724477
125.33561329738984, 77.52882338514371
143.43436623610856, 101.05004366990902
160.34538759938107, 79.48344412499166
129.7399225311824, 171.42133627544752
115.33467426345129, 93.69342386740126
139.16411239319066, 41.0216377929407
136.10385239385994, 154.94324428142755
182.42136279629705, 121.43029481872667
128.1067197772881, 114.69691261999053
182.75603721466112, 88.28152822545674
183.06729395585035, 179.89734562119494
176.76504001632185, 91.93783810140704
189.13323752170115, 187.01822441612072
165.9858038919089, 123.62058795705117
151.13886379762118, 20.38911656940583
180.06339057267914, 31.124284945863767
199.2642837552992, 112.58812992531627
157.56147426642497, 199.79683061227647
175.42673396093147, 128.92331991277425
180.08285089740224, 145.0068634607385
156.044560759051, 22.113200037243065
170.95784792333126, 66.02562274818507
106.56676456170192, 39.051398548060924
126.97933678915557, 1.4198916063061784
104.42876966779151, 197.6413486958612
139.40082026473436, 150.80171372180692
138.4604222936149, 71.07951124392504
199.3899563178813, 57.8876268411
144.03136388207855, 80.00276722713026
137.21710498211937, 132.89174722125975
130.69240880174922, 68.94173552731357
174.64834260280648, 149.46667160874034
143.7112534379246, 173.80811439237226
180.58574675120443, 52.998878214913624
