112
95.47412989391742, 112.32592756833502
60.343510855732674, 189.27363387318715
31.63304412668475, 84.86822354904902
78.95650360036369, 146.47650861011107
73.79556097071385, 198.759869392519
78.65629306972204, 97.4979879978638
85.04957853357115, 63.677371626637445
29.157524893122975, 59.485430579415464
22.287764504652685, 54.77556268772101
94.99563897193354, 48.86625976163863
34.7525576086375, 147.75004158574228
58.40950446090425, 38.39359247903331
73.4942332493651, 9.31273872506171
89.9305764668413, 132.7954288650732
74.39511918353907, 39.89086353926798
21.386525039320492, 152.56209155979255
91.34337095097968, 115.49242252034509
56.5453879950664, 45.85611054807855
69.1792103432638, 17.085226017140442
85.20255978269937, 118.34796881623446
75.18278986616058, 64.7987524842461
24.634559656816812, 107.62548315461635
62.18589544575032, 190.97772074237383
72.99325767946651, 95.04639764676317
9.865278022172564, 74.76578246870496
61.03355721970506, 127.61271224731972
9.538116352221572, 100.79992756991258
47.30087173027505, 16.43733605970892
8.907409247124132, 42.98156482178608
31.58194694145814, 10.080652741797191
1.766397249397167, 181.81449016128047
33.46590621961059, 134.16441310332578
102.354039989684, 10.452894464903562
104.52587010608258, 112.32592756833502
143.71444550985206, 125.0541102006464
164.5596232766105, 25.407128801766056
154.72856490193215, 164.11795212221654
104.15214668927139, 178.37117303941184
101.47608884445657, 52.55783199322561
139.6564891442673, 189.27363387318715
168.36695587331525, 84.86822354904902
121.04349639963631, 146.47650861011107
196.46778176594398, 193.69787944107188
167.77225115576255, 66.09984962477972
121.0383281591963, 102.83708184466033
193.56415834856924, 173.6331646477825
126.20443902928615, 198.759869392519
138.9340898851963, 60.52030293295818
121.34370693027796, 97.4979879978638
161.83763928420066, 104.83937361448132
114.95042146642885, 63.677371626637445
170.84247510687703, 59.485430579415464
186.62347175547924, 81.27407268504527
177.71223549534733, 54.77556268772101
105.00436102806646, 48.86625976163863
192.525018371572, 146.01501859915135
165.24744239136248, 147.75004158574228
141.59049553909574, 38.39359247903331
185.57784000458895, 8.612479086698466
101.60568779274102, 101.50522592996627
178.7825819097421, 96.95724621555344
126.5057667506349, 9.31273872506171
110.0694235331587, 132.7954288650732
173.13105791182073, 28.398898826550557
103.61010533922953, 117.15115501052004
160.29983397773336, 40.73578122867079
125.60488081646093, 39.89086353926798
112.32142462672276, 56.308345636039924
178.6134749606795, 152.56209155979255
108.65662904902032, 115.49242252034509
143.4546120049336, 45.85611054807855
130.8207896567362, 17.085226017140442
163.46211267137986, 94.21259597974014
114.79744021730063, 118.34796881623446
178.59261798688215, 103.0900104885524
166.257595038594, 179.22760287624664
198.02711450252926, 48.75210415801614
182.25029373406795, 193.62102127647088
140.48296315513556, 138.94387558534655
124.81721013383942, 64.7987524842461
103.29686231554494, 99.84893535429195
156.34195704896302, 48.9450005513572
175.3654403431832, 107.62548315461635
149.94230266807946, 68.29821341425645
137.8141045542497, 190.97772074237383
156.96637093016554, 157.58858369894608
163.6286621953626, 12.102770738211754
190.90566195485357, 17.21147445876552
168.76821979129167, 18.164225523365786
144.23596908729368, 181.68277291171503
140.91295076911956, 181.7485086355692
137.40333477074574, 65.2936469578413
127.00674232053349, 95.04639764676317
190.13472197782744, 74.76578246870496
100.31878198452617, 115.10140959638497
138.96644278029493, 127.61271224731972
122.30604273788117, 162.36658195086048
190.46188364777842, 100.79992756991258
184.35449234083922, 173.6553776857054
137.83197453084625, 125.73564412244585
146.23601354579642, 95.8055445318869
109.64342743672711, 11.034856654395497
112.23868713153206, 40.77662857742095
152.69912826972495, 16.43733605970892
177.60181070723047, 149.96822976512757
191.09259075287588, 42.98156482178608
168.41805305854186, 10.080652741797191
198.23360275060284, 181.81449016128047
161.57701199965658, 58.464052646566046
166.5340937803894, 134.16441310332578
150.81827256060205, 42.25990091076073
186.7708306028589, 25.96421944356011
