160
99.99692150207846, 60.07042989657367
55.51334068967307, 121.63946972434981
35.08424757550919, 42.94764239864493
56.66177426631704, 142.77434203155366
66.49677994422697, 190.84883266750103
86.85553863568683, 103.57337169661149
38.17377879021937, 143.76783309200792
89.0911781069175, 15.935684213119483
58.605023012991104, 135.32603593842424
98.65081393557018, 197.5803071685394
21.833426099906326, 34.16865757151663
24.70747873501431, 143.2172155562293
74.75805024743944, 144.1621395422724
61.70717245417424, 43.451476921392555
22.837878543338284, 79.85398939717973
21.890795561589997, 132.88586950034434
68.91858327650272, 127.21491512686387
71.17052999179927, 14.165003686199576
64.48695662709063, 35.74149650293934
26.42495386569155, 176.11412850624845
15.206955916226017, 16.98551061369058
41.28828916941614, 57.51734646309428
28.463480881038983, 104.22910698453234
22.709197219542528, 117.99293147726232
16.82886610551109, 118.67973648251544
41.82461989599864, 18.95445818612467
47.79747461933462, 70.06646180206539
81.95620913592231, 196.11354935473076
62.226988642851694, 6.3725822838978985
44.90529118238343, 17.70735348135707
27.533912252140702, 79.38331355674701
74.76211989905724, 56.27083747935867
99.84548532419457, 41.70953885571653
60.287722335597245, 92.24716863279262
80.67386937661381, 2.830942992858909
39.91699442135902, 60.56080014634426
20.055803225678268, 45.66716561786369
23.658489778283087, 1.408465690808014
11.624094795444876, 194.97011823711483
11.211483297299585, 144.28931040610559
52.20278916595343, 165.26944585991566
59.00020770564242, 25.463817492018052
43.61252267756626, 124.66217674750288
35.580937824617166, 60.75303726728169
57.97552096121225, 82.51132983724419
76.78954857076035, 24.523546126925954
33.644175498925634, 33.63299623368467
15.656305418755124, 67.41979615998682
60.995469610793094, 132.7554270083604
91.57841039642312, 57.15530359797191
34.876885508983506, 185.02746285008666
47.91968911930184, 34.646989362216814
18.76316403194292, 28.158561820389586
23.699646102215624, 109.32268438863626
46.81546590719762, 162.16996869516865
37.57027487776544, 131.03363502486476
34.8224745224893, 62.84466070687458
76.74662397416382, 176.52532949124316
80.68041044483411, 20.87285521053245
85.57744677505741, 63.9498078949084
88.3909478967716, 91.07193418856265
26.225379213494005, 19.60671017483293
60.83191883256665, 108.73364591533088
71.10519143926692, 155.81313845314523
24.600857568017386, 189.926075691058
17.193391615454267, 10.558658009282397
7.842286264998521, 81.92021663601253
20.535519740374696, 25.457519677303274
93.57007151282347, 175.8641128468255
63.1411580127496, 90.90292607598015
93.23745084969629, 117.70081774781096
69.88001885358996, 35.00269655219326
66.78846227240841, 44.090958774826156
94.57805554623963, 64.06806848202775
42.58253729784, 145.2801601619831
43.8357978408958, 8.444901712531276
90.58641556271013, 53.163903702106786
42.14600976032474, 29.81042254146713
12.512260069550972, 191.0026258628493
94.14431463289779, 2.8333805803627765
100.00307849792154, 60.07042989657367
144.48665931032693, 121.63946972434981
196.81675660118853, 16.32375037022804
152.2026868446086, 127.87612394187049
150.31417180386137, 138.0017907284658
168.74860649053338, 89.3470152302245
102.82337845250905, 111.46483014639743
110.9088218930825, 15.935684213119483
156.13991933170604, 147.05685379624734
101.34918606442982, 197.5803071685394
178.16657390009368, 34.16865757151663
195.89650294151545, 161.82965070696963
125.24194975256056, 144.1621395422724
138.29282754582576, 43.451476921392555
177.1621214566617, 79.85398939717973
135.44223915328246, 191.93174329690578
138.4523028050072, 158.0607064151571
141.34469127246328, 43.74943188238425
135.51304337290935, 35.74149650293934
100.49894246775362, 168.04915158480028
184.793044083774, 16.98551061369058
158.71171083058385, 57.51734646309428
171.53651911896102, 104.22910698453234
182.20919583844218, 81.6385939987393
190.7954372857631, 50.88991801959193
115.08596592008601, 8.332055623568335
152.20252538066538, 70.06646180206539
162.65759282368015, 195.231040611544
189.0158567670121, 62.378033909894
143.8854661400714, 26.89817898220046
149.1607950251357, 135.04977261310987
136.22366451276707, 12.903029671968746
134.48249942572954, 9.857590975466547
140.06909429513706, 50.872396269346055
119.32613062338619, 2.830942992858909
160.08300557864098, 60.56080014634426
120.36384600218838, 112.68408200630466
176.3415102217169, 1.408465690808014
126.5393023291039, 143.05276538450087
188.7885167027004, 144.28931040610559
119.17430482449807, 178.85240731318936
156.78053263593608, 88.06539593344169
184.90890089270619, 197.47069726806473
151.73391898248215, 1.2528525438441518
142.02447903878775, 82.51132983724419
123.21045142923965, 24.523546126925954
175.27292762115735, 58.3492896590057
141.01356178777294, 3.150280160259733
142.05383784104137, 175.58653008078252
121.76945607064678, 52.331290320111904
114.66773078110121, 181.36687538300436
152.08031088069816, 34.646989362216814
185.40951874594418, 58.83743708767626
174.21055865903196, 107.06289362726137
196.86563314098424, 140.89740134937912
175.02721631031318, 146.2299803371865
165.1775254775107, 62.84466070687458
123.25337602583618, 176.52532949124316
197.3321672819871, 36.12081821773998
114.42255322494259, 63.9498078949084
128.71528696324197, 69.96058357825805
173.774620786506, 19.60671017483293
163.78767350937503, 171.60460501102796
128.89480856073308, 155.81313845314523
175.39914243198263, 189.926075691058
182.80660838454574, 10.558658009282397
192.15771373500147, 81.92021663601253
179.4644802596253, 25.457519677303274
106.42992848717653, 175.8641128468255
180.02943521759553, 35.80465780838138
181.67095803413343, 148.66168483073258
146.05241910429004, 93.75132115357023
113.83560013893654, 51.39323051414224
166.74675463476825, 9.654475751174818
172.250907031844, 112.71504435812147
106.55660017197597, 72.12867467295546
122.3706221074655, 18.2372317904862
153.96947622196208, 3.6445232284841866
187.48773993044904, 191.0026258628493
105.85568536710221, 2.8333805803627765
