208
38.88890829036919, 51.79996442349753
83.14874966024549, 197.20741627594725
72.08058744866054, 174.27827545268977
63.26741122085071, 57.17240898673006
13.545087109196196, 9.876953409415723
96.9071830448345, 16.584304511533233
96.4084128759145, 171.6438124985239
67.05849457156839, 177.06053577661268
50.68119933694191, 27.49544776743886
15.729291079951334, 124.63170414613074
52.05734873657527, 76.76815068982437
75.34322300376898, 11.874988287743982
50.34859651435536, 149.18927466170223
35.12265812695795, 185.61911155478361
57.84597072774154, 195.0097913395653
60.441684942802375, 137.5904601498008
64.58087793077519, 47.81034733118077
61.56063839118494, 139.78460366701754
14.307689875682206, 154.08887273594004
21.17449621726648, 195.17349242977403
96.43939434197742, 103.79580981845058
99.528342372196, 31.876569552281573
97.81729196071926, 19.72065006709012
19.165537247458996, 189.3347054646077
29.615257886016842, 21.356378813859543
75.85815250519609, 115.80399793735872
49.176634646948045, 6.181361288646503
2.465029364753346, 47.06559351832838
25.087480671067365, 95.77247258601697
60.51309707367919, 173.4703767911278
91.32992216796386, 73.1461361892147
3.9125485792302905, 59.84175610174019
33.072229287873014, 4.817213630455974
48.520189955792226, 26.408782839930247
51.937526577345075, 66.06399441207525
59.9765260636148, 191.1597495890119
42.212707941789496, 129.50148170414434
84.28100510211497, 73.58172216211032
42.78128468339632, 24.574214800075822
5.859751098494792, 63.48107783282071
52.77829801031019, 198.7144668363419
49.19814840497854, 72.99611095053254
42.153727034997054, 167.46628589144152
4.786623811685276, 80.78906013258964
92.11266336850883, 87.1064116929112
88.82285093013503, 132.01316017101536
2.6358767914664294, 108.50752080069464
21.60908459762172, 188.19826397306264
63.79135733903247, 66.05619925671755
3.274268739385444, 11.636254873445772
32.51909178468129, 164.88143470933218
73.06508089833383, 128.90273421263726
35.372443386128396, 188.1922030351891
61.68850908806175, 47.65748527396918
82.71896965673096, 8.475455391589204
99.21727317997612, 43.47000113562851
43.04534839106907, 162.97699799447884
25.440570190394062, 120.08136867610398
3.0727519190717256, 116.09838074965022
29.23000227666045, 24.009976675392597
16.958835888945366, 100.50740356903675
82.48190960331613, 195.59111897865645
99.51259943586844, 112.38463261814209
83.20623040194619, 106.42560745342888
49.859872426339265, 94.04173687946988
42.12953230204599, 82.71788192405884
70.32633881478752, 10.379358787955816
59.060303204804, 18.634621415040996
13.094587839310245, 137.72295386472845
10.984448549544245, 125.36573982741741
48.679056259709895, 67.49960472562447
29.810943201408367, 53.04954423296293
43.99735557852368, 137.502542059847
11.597866953256853, 156.6742594793282
31.787527211143296, 118.71264341268653
44.59454314096725, 41.050456224994235
42.99907980267484, 140.0564146856961
2.6387431996764077, 121.22866971958327
67.74659076412772, 84.7267440289652
59.011426263033094, 97.04213807277932
84.56985819134898, 112.66123561608809
74.56304546672018, 189.7928250845529
82.75330314002872, 199.172014302027
7.381452716014247, 24.357477270688022
61.11664108500564, 70.01391086804657
73.87868323716471, 79.7825117923711
31.92039890786864, 141.83031396264946
64.49050715093817, 15.295921002894008
82.48230451376816, 86.78993140972993
7.742598276198676, 17.261361912119355
15.509030622668474, 165.661413858202
63.77756978620528, 86.61436925032955
33.219002046613234, 144.87292441112493
12.874305944862986, 5.108912596316961
4.855639757557883, 86.66114652688637
38.85837805250861, 23.727603688644706
11.726344733249883, 194.11310862590338
43.5358419093792, 30.153307809834075
96.82128716924814, 3.489694670878163
53.580612292753656, 72.37265991397722
50.457423892800655, 37.287580163954615
58.56743238946881, 142.94952743890317
21.988085512057907, 76.20026185655992
24.57681463144672, 51.44611074865255
54.44717036107687, 164.40887470059454
12.877816746641901, 1.9620254811012483
28.624239258326543, 171.21021983345145
14.466927500110383, 74.37044491102654
29.5585892829321, 150.28366926806808
95.14590657284843, 40.18532637654877
71.29255280383859, 8.632546155927944
47.80243922667834, 112.04348199994953
86.95711014679513, 0.8794969463004509
89.31352031944067, 185.7355077721512
45.67007424979601, 140.28110123584244
78.67266029447762, 134.21336395271206
71.73697427509921, 167.1805785944531
60.56773906269339, 113.71814330343545
95.52409919565729, 191.31698598855058
27.73642402875006, 96.4764690843005
90.05471085191328, 78.61436629691329
51.75610319085595, 150.30774538562065
9.625672675962182, 99.78014828067978
43.03655713545375, 146.13522475716456
45.86266564230939, 147.37718265402265
9.582605357733431, 104.98925259619219
26.44316503953498, 11.587025628032709
89.62352793337801, 73.39162104687686
161.1110917096308, 51.79996442349753
116.85125033975451, 197.20741627594725
127.91941255133946, 174.27827545268977
136.7325887791493, 57.17240898673006
186.4549128908038, 9.876953409415723
103.0928169551655, 16.584304511533233
103.5915871240855, 171.6438124985239
132.9415054284316, 177.06053577661268
149.31880066305808, 27.49544776743886
184.27070892004866, 124.63170414613074
147.94265126342472, 76.76815068982437
124.65677699623102, 11.874988287743982
149.65140348564464, 149.18927466170223
164.87734187304204, 185.61911155478361
142.15402927225847, 195.0097913395653
139.55831505719763, 137.5904601498008
135.4191220692248, 47.81034733118077
138.43936160881506, 139.78460366701754
185.6923101243178, 154.08887273594004
178.8255037827335, 195.17349242977403
103.56060565802258, 103.79580981845058
100.471657627804, 31.876569552281573
102.18270803928074, 19.72065006709012
180.83446275254101, 189.3347054646077
170.38474211398315, 21.356378813859543
124.14184749480391, 115.80399793735872
150.82336535305194, 6.181361288646503
197.53497063524665, 47.06559351832838
174.91251932893263, 95.77247258601697
139.4869029263208, 173.4703767911278
108.67007783203614, 73.1461361892147
196.0874514207697, 59.84175610174019
166.92777071212697, 4.817213630455974
151.47981004420777, 26.408782839930247
148.06247342265493, 66.06399441207525
140.0234739363852, 191.1597495890119
157.7872920582105, 129.50148170414434
115.71899489788503, 73.58172216211032
157.21871531660366, 24.574214800075822
194.1402489015052, 63.48107783282071
147.22170198968982, 198.7144668363419
150.80185159502145, 72.99611095053254
157.84627296500295, 167.46628589144152
195.21337618831473, 80.78906013258964
107.88733663149117, 87.1064116929112
111.17714906986497, 132.01316017101536
197.36412320853358, 108.50752080069464
178.39091540237828, 188.19826397306264
136.20864266096754, 66.05619925671755
196.72573126061457, 11.636254873445772
167.48090821531872, 164.88143470933218
126.93491910166617, 128.90273421263726
164.6275566138716, 188.1922030351891
138.31149091193825, 47.65748527396918
117.28103034326904, 8.475455391589204
100.78272682002388, 43.47000113562851
156.95465160893093, 162.97699799447884
174.55942980960594, 120.08136867610398
196.92724808092828, 116.09838074965022
170.76999772333954, 24.009976675392597
183.04116411105463, 100.50740356903675
117.51809039668387, 195.59111897865645
100.48740056413156, 112.38463261814209
116.79376959805381, 106.42560745342888
150.14012757366072, 94.04173687946988
157.870467697954, 82.71788192405884
129.6736611852125, 10.379358787955816
140.939696795196, 18.634621415040996
186.90541216068976, 137.72295386472845
189.01555145045575, 125.36573982741741
151.3209437402901, 67.49960472562447
170.18905679859162, 53.04954423296293
156.0026444214763, 137.502542059847
188.40213304674316, 156.6742594793282
168.2124727888567, 118.71264341268653
155.40545685903277, 41.050456224994235
157.00092019732517, 140.0564146856961
197.3612568003236, 121.22866971958327
132.25340923587228, 84.7267440289652
140.9885737369669, 97.04213807277932
