240
14.453265320488441, 144.64043897591665
31.65275420901272, 55.38578642053223
99.82345954996609, 72.30945726354379
94.61917756447323, 183.230152227913
6.603090653586747, 114.78078275307878
77.90960804165593, 14.435536256682674
79.04389297991267, 42.14619234286975
93.1521842530608, 189.48825673764998
93.14437975254704, 107.3332797280058
47.01032433036984, 107.14054919409139
35.828063053730105, 63.31834408320296
70.19898219790682, 11.103097348756442
19.33575730138077, 134.14152895304215
37.169954725044114, 73.0566782199547
3.5503197503840056, 198.98256345585267
24.634124484192082, 175.467366856726
0.899348796672669, 137.78098848830123
16.43843428334008, 46.91975630664315
85.11206746135764, 147.55804333419042
16.359586629589074, 146.25009841013997
62.19999248864157, 34.25959150768513
36.62411580386054, 146.61163573624498
11.089988401176818, 22.43814385008792
92.99090745916578, 126.07595752321454
38.674937182817395, 133.14826734993872
62.6776244237689, 71.69215988303937
6.950548680870256, 54.93655223089122
54.00467884890517, 169.86124454804963
82.4916458601632, 102.41162094599537
83.7454608065608, 112.29590849288736
92.9222443906721, 128.6093998759651
5.329634702893628, 46.02826407111206
49.34427298996065, 79.67545929332636
80.98691963145164, 151.2302566404112
25.067632562359705, 121.90288356768978
88.43647014347717, 49.136350650141104
65.07422821486048, 88.26450210680852
30.101855694801134, 186.86369487108539
71.00910239796848, 63.362144857958555
94.26022457202114, 42.1374087244549
8.224949248274342, 71.09869472234917
36.102008643334486, 66.14258580064033
44.93199034505735, 74.14617385470684
38.109240280453946, 37.898361014233416
84.58523772575276, 118.39317789744344
29.681711633141813, 75.13749982076367
77.10968995604038, 183.73833879043895
95.3180467180915, 131.11451794552787
1.2793980528697269, 47.139459548150775
45.12821840748616, 110.24335649201251
71.29881042457463, 34.80258220753692
32.51821118554231, 159.43418635092672
17.164889606548826, 73.62823938006119
99.28027472278326, 102.14190072478529
51.08493772666914, 19.525899147909158
78.94762752369691, 149.47411767291783
92.5406611204736, 130.8269524681998
81.40606191961865, 66.47584292254335
23.455689387566277, 164.11498567788038
5.74830159073592, 161.7396951958368
25.688656666749537, 85.0732953407662
53.171479752490484, 19.283483672107188
63.57013905391301, 107.29818309400669
73.57054546506006, 154.2006640064668
53.18113650807984, 33.207802134523114
4.802234726449903, 114.44503483334202
74.98312101822002, 61.71827673067426
60.39717247270461, 72.94812214517097
55.67383527079084, 69.30657784208339
49.603987972269735, 86.04855929246729
75.04181395894894, 140.56414049840038
36.10571466604398, 188.58427319465383
51.488800880450384, 138.00008884594
90.5604050866501, 95.61545582566691
32.260162053377314, 81.43655747913259
62.26690319252384, 164.55293023561921
98.66823090889335, 29.547032648284233
74.12721266948085, 133.36586693456263
71.1188533199862, 152.7213648762709
78.58336815446887, 93.799431242254
71.25881413905424, 90.35994068298663
80.60962239938145, 142.24581095187557
95.71700598652922, 169.92097810167772
59.0567723010537, 36.415720178634125
15.31132930679011, 182.79145313743146
49.30543067888578, 120.63984153231833
66.60679631917924, 113.72344140821092
82.18729174562736, 135.19541816830292
51.51019006811176, 66.26459008909991
35.05676246441993, 37.57729328127548
99.61946933609447, 110.03163048294704
5.3177392566824295, 122.07726506716072
51.95095078597157, 186.06938508987528
87.10545207861404, 159.89316845659454
89.6915303473465, 18.564068682967893
69.4600828248675, 19.519754470985706
11.417720332636183, 130.5500773039864
95.30714263158787, 45.51424591369948
5.348663004206744, 93.53727948700643
93.33531188982212, 193.26248049553135
89.16845606080653, 65.06998110839068
8.581407199727142, 36.387139585734005
2.3698636951831054, 142.7704646130165
79.99100276622562, 30.589776862779793
33.75256882103596, 100.18209592701332
36.88101758540421, 15.056514989491298
32.07545304797367, 197.76617684758813
69.46441042702419, 92.92430759061645
4.979062959188485, 37.465802493370724
9.607930221212513, 93.81577563049927
51.6443307269587, 9.12941023032312
60.43125123369558, 21.078636976368603
85.11644292745537, 91.99421305990828
48.03939388950976, 153.6390716462584
27.073572165059645, 6.038809220658892
93.431338686514, 8.316294736707984
1.3446117672222813, 51.89027162495863
35.17620968346529, 109.60596277845521
32.56017276843155, 174.07460897110994
20.762329106407584, 127.40582913349454
36.80280660387163, 143.53229251885256
64.36399837935998, 123.66540431266222
46.24533921486458, 63.750103403277336
11.442885781949474, 77.26788175132764
96.05934425743851, 152.43404207565686
73.90316101466131, 38.356744108853725
15.834152104262566, 18.576333689007928
88.45082773044342, 98.38235728074503
77.38066810418715, 65.29212793901797
82.2398750367115, 157.8484810918773
79.06060240215183, 127.34046988068106
4.150662122179149, 142.05018806058
11.583993755654486, 93.89818251297942
92.27590365926092, 23.99896264702086
33.65420530855175, 25.427070628418203
29.65095469315443, 173.14461309087406
35.25450073565101, 173.87187603511276
1.785687339574915, 40.441960238927585
41.373702811812706, 73.98294799593114
85.65466216047196, 46.163173055583265
29.775470803714654, 161.01316056274496
90.45387585986879, 79.87182621982363
43.30655986825246, 136.40866833920572
83.5431013108637, 74.37461111140342
95.17152131751185, 56.90841198360958
10.334896829505603, 102.68419619839545
75.69475564751312, 102.5080814517754
40.38875998143824, 1.5119138167960733
33.33065476553322, 161.66177790138997
90.93154930576158, 55.559859225234206
58.510919973069676, 84.66629838751399
69.34686595332126, 166.3093619108342
24.439890854955348, 27.331866033755237
36.901308720127105, 22.530332512817775
36.16393599536695, 6.40954874667532
18.877029784503875, 91.82892142456652
59.950503242347175, 115.35591267849259
2.6639024744774087, 1.2627939562226187
22.067143091844375, 143.03575586059404
73.35678970732744, 63.1602189753431
169.7771067147659, 148.61818776193584
141.75568739619175, 49.32302385733962
171.23874230701963, 22.721276520635246
141.3285084919954, 197.33710138611747
158.97721254270635, 138.68230194695306
134.90147889128593, 35.60637711070671
121.310871558772, 103.11165451338687
143.1896887687962, 114.31343888577949
182.16479994167372, 45.1891752725168
159.32291482650646, 54.04783784615817
101.62538461482778, 70.698736268312
188.895106651004, 15.577178377239242
179.0508383586114, 166.46601257440585
131.41683550136713, 143.2206083086027
130.75373609445643, 167.90240319570518
183.4034602215108, 168.4295537691674
185.75845026575354, 183.8823002540066
133.19797958096726, 3.4661960763760824
132.95318334298685, 197.61334195623
124.81175716348176, 80.37476111861612
177.2160158395555, 72.61548869684562
196.36320138824183, 79.55414119622002
157.8336022988196, 64.23224103929206
152.42262596750984, 77.54481371614843
179.84769573260175, 151.023257481056
199.57014385253112, 77.63028177131888
162.1762919009661, 84.96067719022182
132.95120424301624, 128.1294469220812
146.88427466521313, 25.543652238529635
173.14809640338956, 91.4556377945674
113.88979848618158, 92.74982156410105
189.3646960788891, 60.928605536606085
151.48290169543077, 140.6619160295062
132.05331313073606, 188.53582335015005
142.8120290084181, 85.17936526324374
112.17636354041282, 89.58957064200726
100.01764185606062, 84.12987905680687
181.89901834375652, 196.71618921187084
109.22495258936682, 24.997421541257747
183.72341946618968, 2.7319667356199506
130.90186234662383, 63.73239826685695
150.11368369957682, 128.31956270011946
175.25442783657832, 97.68637736948457
161.7937126106413, 21.011511503525515
120.24880162545432, 176.57772063469437
187.7259291040529, 73.99490046788371
171.34072399859193, 191.29182169754856
103.39421491592948, 63.87529359361961
171.96418846419184, 110.93059673479033
185.9220068284304, 36.21399401207959
192.8629359839229, 28.701549868866017
184.1679635720959, 189.37594818675635
115.75404896632075, 11.62908691943727
118.87675963292538, 24.903586312708303
107.74362158612927, 67.67268793502512
155.14837589916772, 183.94112416959746
134.67486313294523, 176.21485199896497
163.9070256675367, 128.0927403179059
172.66890911147442, 159.33676388022727
167.29574726015727, 142.9396394130957
131.1304409500102, 114.33662308266722
143.24024561646888, 5.390232099112091
132.91141599365642, 137.31892430937432
126.80045883018116, 197.67151746693872
191.9941847469747, 41.085144251485126
155.42990339983743, 173.38009042408947
199.28493086141594, 22.483914640072978
136.34926045782498, 46.50989287600788
108.80399460305263, 37.37615272818577
152.32562719620404, 17.259711841651626
101.69035457178705, 78.36479941613254
194.30870487728043, 186.53690908546497
170.39707473725966, 159.15760165217537
140.9317818370935, 71.16817333148393
111.30833167936875, 158.23540283321302
186.1707641169139, 144.35225548533748
130.29306734087595, 2.341562431185129
107.07774701945759, 154.48159712510773
124.07273797263822, 136.64479176822607
178.26549279452908, 144.6420419830522
