160
2.7838512700599005, 1.7209807292535073
69.40362727139473, 28.28296533764396
88.88360398565945, 192.85804964650828
94.3377299759511, 47.71339976042985
65.70434673798255, 195.37440753741245
61.096015165165504, 49.68176029565108
99.18765120980272, 158.2663364470561
41.09613645409338, 60.38968910700802
34.28014439686371, 147.72779412751316
90.81136448399235, 42.339710996815285
73.23226910579248, 44.979379936658084
39.87910141238164, 77.78729773119906
87.30529042795922, 180.4183753728372
50.646289316693284, 16.61944832595105
62.53476658286466, 44.34203676547715
10.68114275810903, 4.622713371861709
75.47506439120795, 127.79956036983168
35.039922768765656, 190.5397846418584
21.589177151178163, 109.83313384581106
53.0149140969659, 117.58970415551396
64.95293904989157, 190.94924626971488
7.874863032998469, 183.18183236672576
90.77198514319866, 170.22964760461332
67.30902626193743, 119.40178356807398
54.435116074757914, 90.30800883879598
94.6074900349014, 160.50981820434177
22.121028917025185, 182.0205077999896
94.15921221476147, 185.9124943899286
16.949325761483976, 72.11718027629018
65.95223734062486, 1.8613876838405945
96.98324051372076, 21.325432482498506
92.84537278970735, 159.9701314704573
43.18053089768732, 52.81587021347141
66.46098034886863, 23.270370768519367
70.13132198217595, 140.7237773410759
25.368630749849032, 39.15846886119241
19.28369872472595, 113.92936109196525
24.168848460742353, 81.097639758692
71.48049081868541, 65.88481907923081
64.30646520215399, 25.023863031258145
45.1941035533934, 58.09807392707618
67.30862798754428, 43.999470331918424
63.2422773616057, 120.97075636673756
90.87019144566523, 128.3865355528878
45.622694822730494, 72.6344600020304
67.19865895501987, 31.657530748783746
20.48649561833692, 151.4252538643269
77.60336960975093, 94.86536903260816
98.59909157279235, 142.65932272565715
58.53590083650065, 192.31142385961718
49.67643191341436, 197.29144299886224
54.02905380106935, 197.28232396253935
80.48657865083942, 5.518235681501271
80.47788391821334, 38.87619165534724
81.19281213790754, 99.67238318043353
39.32344573619325, 158.5348433242873
69.64891657765303, 163.40786342560668
47.724606680827975, 94.57388595770915
8.997505488699742, 133.30792026604158
7.138531655773107, 131.36752760242862
61.494100008462674, 102.41944263028198
19.3211451832498, 41.034785385175596
83.41890183465003, 125.75198658824385
64.46179926126311, 124.02332988050784
60.324207620164586, 184.23262603352742
93.02750520230062, 124.08272727869021
97.95894782242391, 177.42927698835908
99.50505682340692, 167.56381524070363
8.365654902692544, 111.69144164381845
79.20244722294825, 129.6961464119861
36.831029826274396, 130.66591904534337
28.193097595916193, 106.72538826434419
42.43445935496766, 10.185596166052612
31.61278739425566, 88.50201335429615
56.84485736099424, 43.10223714438038
66.50104872210204, 193.35784908417756
95.32315117607098, 8.698686872773681
67.16409976602682, 149.65767108909904
42.397573783924734, 117.30187374663727
45.05166272749889, 95.79687452327633
197.2161487299401, 1.7209807292535073
130.59637272860527, 28.28296533764396
111.11639601434055, 192.85804964650828
105.6622700240489, 47.71339976042985
158.6823505793725, 145.58994035749106
138.9039848348345, 49.68176029565108
100.81234879019728, 158.2663364470561
158.90386354590663, 60.38968910700802
165.7198556031363, 147.72779412751316
109.18863551600765, 42.339710996815285
109.22156405419639, 34.42657062666108
112.00719099480715, 26.098482155814963
112.69470957204078, 180.4183753728372
151.7861347375956, 21.580627440225552
137.46523341713532, 44.34203676547715
189.31885724189098, 4.622713371861709
149.5473650719221, 47.991557454175336
157.14672800139704, 174.1117207186581
178.41082284882185, 109.83313384581106
146.9850859030341, 117.58970415551396
135.04706095010843, 190.94924626971488
192.12513696700154, 183.18183236672576
126.07479520538294, 182.6895846049159
171.21755562876965, 141.1447652203525
129.82227917227908, 46.59094498745142
105.3925099650986, 160.50981820434177
177.87897108297483, 182.0205077999896
105.84078778523853, 185.9124943899286
134.37972878475824, 1.776352549351179
146.79306036923953, 0.9039900474028473
131.0550846829172, 37.92983100597487
107.15462721029265, 159.9701314704573
170.18564852356485, 67.88092106067968
133.53901965113135, 23.270370768519367
129.86867801782404, 140.7237773410759
174.63136925015095, 39.15846886119241
180.71630127527405, 113.92936109196525
175.83115153925763, 81.097639758692
106.9244795262938, 12.434628927735547
137.12521771384516, 77.14360352330165
159.33096101654075, 37.04116038841854
132.6913720124557, 43.999470331918424
183.2925332382767, 149.36497151408832
152.03402841273282, 128.0427659114392
157.72367886080843, 112.8358476007989
132.80134104498012, 31.657530748783746
179.51350438166307, 151.4252538643269
122.39663039024907, 94.86536903260816
106.95934872210746, 130.607262007553
141.46409916349936, 192.31142385961718
180.38100469049633, 195.82968490517587
139.28923602996593, 170.68654778664953
119.51342134916058, 5.518235681501271
197.71841086683682, 108.76030756844146
118.80718786209246, 99.67238318043353
184.6403906779644, 155.76854239295494
130.35108342234696, 163.40786342560668
171.45081148652642, 25.08210718661339
191.00249451130026, 133.30792026604158
118.02559298254756, 174.28374931183018
138.50589999153732, 102.41944263028198
180.6788548167502, 41.034785385175596
116.58109816534997, 125.75198658824385
136.8890835262881, 61.647109283856174
139.6757923798354, 184.23262603352742
106.97249479769938, 124.08272727869021
102.04105217757609, 177.42927698835908
143.8914799767423, 191.12785319187873
191.63434509730746, 111.69144164381845
120.79755277705175, 129.6961464119861
163.1689701737256, 130.66591904534337
171.80690240408381, 106.72538826434419
157.56554064503234, 10.185596166052612
168.38721260574434, 88.50201335429615
137.84902950955856, 16.691057131901687
133.49895127789796, 193.35784908417756
171.37278072802428, 6.034175039428935
196.4596163606899, 79.51258433399546
157.60242621607526, 117.30187374663727
118.64077508632727, 25.275400357786392
