224
10.454841577163009, 8.08728587870673
48.79589691361782, 47.28524740149618
79.43813274344397, 188.95188955367078
7.183099774558189, 65.18966472492093
65.950109548847, 124.14922230229013
96.99863118515822, 156.1664288115161
81.96903824556843, 77.3776852915029
79.68214322302516, 199.2363841462423
96.53883518535183, 126.12601921435757
95.244850327399, 199.46158805197356
63.65946362636228, 45.31439976636005
84.63802625941497, 42.22114656035942
83.82217071796832, 27.39765430345893
86.07215507468922, 127.99849303380701
10.314548926043221, 64.97299671141343
93.74162915710973, 59.232125604452875
42.680871468036074, 120.21709767016722
34.28386051446726, 199.26135169572282
55.81163659593853, 54.05140939394639
49.74038437994223, 197.40438125093246
95.32171212659067, 153.48196335452727
64.85757046819052, 149.51383681283005
82.56539385985202, 50.39214852921239
63.481750280283755, 77.23976136108817
56.956431034810215, 163.665385147138
63.317789555203596, 96.47758783186089
64.47949254986194, 114.14931958063327
72.21072967362916, 92.26863431137757
0.12416783815852872, 83.17589466640388
17.103342354106722, 138.85409836966062
20.960963145762037, 77.27198357666028
7.744788313396455, 156.3728535874945
80.65111863907389, 180.2527445305811
7.468840571916314, 131.65158509150822
83.66577837900509, 70.53453082779268
34.793568436391354, 196.06182201934362
1.7511583958761734, 171.42789918190584
73.6893021628486, 197.87818773886363
5.385478503876062, 142.5662589487289
34.68174235531958, 170.2308010878121
18.469643685823335, 37.06180538532004
94.06492456160412, 6.3721920018522615
58.6026501156244, 19.305737171208115
87.33151876653366, 6.5501438301086345
9.78470198592345, 6.051586153810629
2.074632483055905, 146.3865436862851
69.1232153758453, 83.42267923927022
70.18873200897328, 64.97273950103471
21.410121551813788, 79.53541135817889
41.08280795998379, 152.07101281023532
34.676236903039246, 154.79266591740426
58.304514065968746, 84.5304416827607
29.59573105092189, 115.67113957330999
79.5397571285626, 25.821763469163272
45.07102044679119, 29.817550298192153
37.95073000754214, 10.258920174029583
60.672246350176664, 92.25637057655052
2.465066762178547, 132.75344547772784
18.023209105476788, 78.66007676848807
99.25240422680716, 47.027214974744425
79.09705262734388, 27.450365407417053
60.55334503372528, 101.67771824513541
15.065471809080478, 7.691341109209127
43.87026297386966, 96.4661929707094
12.758785303760533, 3.6956024685405264
30.423639016563307, 74.28887199043423
67.64889457888246, 187.61609992876996
91.93235736482225, 145.8204858465752
19.29524071242833, 112.30505742625891
27.09889473243734, 157.8977596985665
33.58195035253393, 95.89334593840798
33.39267959868951, 60.243717603485145
54.04167273982432, 149.16513117408044
92.11117179631508, 66.82904964520704
42.76663602541922, 100.61807509816676
85.65771050313901, 31.788529890675797
40.02871609926816, 156.0927219548441
9.132086468111222, 3.7129776935867165
62.36758320793864, 37.56537772623651
48.44988818531748, 42.84860089771711
4.724846087852541, 4.186268529944703
59.20125254147133, 97.56625496233767
55.04257656470109, 96.13342801920821
68.91261434058549, 98.75875136016144
91.5481998325702, 39.76647792249335
46.37793519127719, 17.126957109156038
68.96254702834035, 169.55023789436405
77.95701543927312, 85.70614479270972
4.44567672396049, 29.89380672783366
61.640416054927805, 165.61386991879942
46.75372763674168, 143.9727460187543
76.41626795740792, 170.8886105927026
91.7851992290846, 165.02821831210179
64.24893628628159, 108.00091219717164
18.966168984491105, 16.395315730487535
18.937881348135, 193.09222360363313
80.77422701743244, 74.2772586316411
38.228770616864715, 64.49931111861984
14.290575187388743, 107.64611253081617
15.286674702932245, 96.95499333976339
8.80425909919823, 21.42415978110175
51.4977591073879, 152.536655410005
47.63447740175488, 49.02893474768513
47.0610198767434, 170.42393030680796
70.94201327643161, 156.7645444110984
35.96731841330166, 105.93299928033164
73.40355738486885, 146.12754455408023
23.391695827764725, 73.90042198650792
7.842858331677938, 197.141142350158
53.501491006152854, 143.492629510174
49.55438636654617, 189.96800985886532
6.491459967876012, 8.3107808769876
73.78304104324445, 155.70833676582038
50.818176713681055, 0.45279965781237497
97.1224032388014, 101.67420775326539
24.223788512049804, 198.1028357763329
37.783767741758766, 48.322083939323846
89.8058418720973, 71.81710288820966
74.2838627121961, 112.0930136897108
27.05964604749955, 87.01550786974286
35.611411676696335, 7.3847525578770945
22.516503901670937, 193.3202278506497
32.9606048162679, 91.97124599291226
21.501574191862115, 5.0511120507828355
77.23045856262914, 190.61028489813555
55.912035106866696, 129.88543875793255
6.744627612193521, 37.400340465154414
17.10079564431637, 29.533511187531623
43.8462053958901, 143.06844144110138
34.48592690159952, 87.87225029720298
24.09674782061971, 95.10258831881917
72.00947284996303, 51.69362637201622
94.33437293871498, 173.6398853246292
38.99719033036979, 45.19019551081542
72.98767318663802, 70.3842062646506
44.11479644554658, 24.25678122449679
84.50317494616597, 36.20839432437113
0.6496451583169249, 20.246348064374043
51.000030496231595, 32.730462985649275
36.54262116582776, 152.23064734565455
21.500027663957155, 161.52032100272635
97.46796296190155, 4.497923890008693
76.25247838273967, 184.9011326097227
72.93005270305308, 167.16243833438753
189.545158422837, 8.08728587870673
151.2041030863822, 47.28524740149618
120.56186725655603, 188.95188955367078
192.8169002254418, 65.18966472492093
134.049890451153, 124.14922230229013
103.00136881484178, 156.1664288115161
118.03096175443157, 77.3776852915029
120.31785677697484, 199.2363841462423
103.46116481464817, 126.12601921435757
104.755149672601, 199.46158805197356
136.34053637363772, 45.31439976636005
115.36197374058503, 42.22114656035942
116.17782928203168, 27.39765430345893
113.92784492531078, 127.99849303380701
189.68545107395678, 64.97299671141343
106.25837084289027, 59.232125604452875
157.31912853196394, 120.21709767016722
165.71613948553275, 199.26135169572282
144.18836340406148, 54.05140939394639
150.2596156200578, 197.40438125093246
104.67828787340933, 153.48196335452727
135.14242953180948, 149.51383681283005
117.43460614014798, 50.39214852921239
136.51824971971624, 77.23976136108817
143.0435689651898, 163.665385147138
136.6822104447964, 96.47758783186089
135.52050745013804, 114.14931958063327
127.78927032637084, 92.26863431137757
199.87583216184146, 83.17589466640388
182.89665764589327, 138.85409836966062
179.03903685423796, 77.27198357666028
192.25521168660356, 156.3728535874945
119.34888136092611, 180.2527445305811
192.5311594280837, 131.65158509150822
116.33422162099491, 70.53453082779268
165.20643156360865, 196.06182201934362
198.24884160412384, 171.42789918190584
126.3106978371514, 197.87818773886363
194.61452149612393, 142.5662589487289
165.31825764468041, 170.2308010878121
181.53035631417666, 37.06180538532004
105.93507543839588, 6.3721920018522615
141.39734988437561, 19.305737171208115
112.66848123346634, 6.5501438301086345
190.21529801407655, 6.051586153810629
197.9253675169441, 146.3865436862851
130.8767846241547, 83.42267923927022
129.81126799102674, 64.97273950103471
178.5898784481862, 79.53541135817889
158.9171920400162, 152.07101281023532
165.32376309696076, 154.79266591740426
141.69548593403124, 84.5304416827607
170.4042689490781, 115.67113957330999
120.4602428714374, 25.821763469163272
154.92897955320882, 29.817550298192153
162.04926999245785, 10.258920174029583
139.32775364982334, 92.25637057655052
197.53493323782146, 132.75344547772784
181.97679089452322, 78.66007676848807
100.74759577319284, 47.027214974744425
120.90294737265612, 27.450365407417053
139.4466549662747, 101.67771824513541
184.93452819091954, 7.691341109209127
156.12973702613033, 96.4661929707094
187.24121469623947, 3.6956024685405264
169.5763609834367, 74.28887199043423
132.35110542111755, 187.61609992876996
108.06764263517775, 145.8204858465752
180.70475928757168, 112.30505742625891
172.90110526756266, 157.8977596985665
166.41804964746606, 95.89334593840798
166.6073204013105, 60.243717603485145
145.95832726017568, 149.16513117408044
107.88882820368492, 66.82904964520704
157.23336397458078, 100.61807509816676
114.34228949686099, 31.788529890675797
159.97128390073183, 156.0927219548441
190.86791353188877, 3.7129776935867165
137.63241679206135, 37.56537772623651
151.5501118146825, 42.84860089771711
