160
64.53913514330179, 159.0179367089519
48.94965176069469, 76.89804757327786
77.8634179688059, 99.04657880487204
96.53042078319169, 97.63023172894945
40.44829106468838, 148.4205452611466
99.69839138256557, 3.6956411862364575
75.21924211203958, 67.04780318386338
39.14743215240242, 168.70576826407188
16.271684905221232, 57.317550450302235
35.38704583136976, 74.85723722108571
58.69003594523872, 141.0746466600466
29.06586041086588, 105.23948728286894
51.05838980089313, 137.58921336933903
60.935700892650736, 103.3631898101159
27.42577297132044, 30.38476917120539
3.922458852992264, 8.414542374369432
3.1842416910524136, 108.11994323562051
14.980815754898444, 74.38565294640392
6.2139905927398615, 152.69861573164235
23.0007524367592, 196.33166270433685
1.6993142064359859, 178.1323147493198
83.65760437181575, 104.21152555440375
57.58097873994564, 144.91780331735367
69.90018798757966, 49.33543316234487
98.96773434180894, 97.66689975229261
19.34538851627245, 85.32874039178083
97.5002420874728, 130.3523581411732
1.755420235724138, 71.72477179921916
67.77496215805766, 49.19398418296829
91.64554932115438, 64.9296516659383
57.706341059181355, 138.68874957490365
63.87300072376821, 47.90027243899753
38.781945329511075, 29.819722466517277
31.854847597673327, 19.477597690062233
21.790253837823023, 43.985678865494236
53.03831586005104, 192.68106535432153
68.99241924346858, 74.45350762373248
81.90617854108757, 28.36573109259307
19.359603852183568, 45.8646480119947
58.31429689334278, 47.23226318964456
13.76137265390814, 146.38455862510222
30.038130742748514, 9.747717016359132
64.53338466709337, 104.79987442871759
68.82687475022665, 24.066602516449016
54.397084342603, 151.68804637392154
50.34464721645777, 70.09583423047361
78.31906125858818, 189.31639485042348
70.88602628399072, 187.3949342897631
89.64111709640149, 133.3557055122925
24.483599450233754, 79.3397908611767
84.5632876898652, 81.29245404246649
63.96490859907003, 114.35535023549491
16.939872390467436, 127.1545659622644
32.2206623199097, 134.3222070267115
48.30659061847997, 50.674488339036515
32.165089960920206, 28.2908815963997
28.208187271956803, 129.72710298316366
35.26322362401643, 65.24762698434566
93.29399092041606, 79.66540069850844
57.86868516630124, 64.10610348118422
51.45535447259613, 114.8186469481947
8.006885357974397, 131.8591867194164
42.7868099218288, 139.35579066718452
47.24661059605137, 107.5360881215524
33.93150003558806, 39.05582069348195
36.733542921725, 112.88640522922555
82.08441915767617, 146.64712798001477
6.808611229499469, 2.77906753876254
79.81001407534019, 195.6461354546423
0.20434883614434796, 199.55005432617835
92.39485947887407, 83.38533203512223
70.88985948932064, 62.394244057708676
89.09756954542848, 39.8400646788734
64.4285507756, 134.83891044516457
40.295966917505496, 125.38286735062538
70.88287673050351, 98.18521073656382
82.78363919385787, 174.42910129455032
12.503196531842192, 151.91929232224575
25.60615005685488, 87.83174983315368
69.7745608933748, 164.11107908228692
167.2621456642063, 103.36099846927851
184.54936219473075, 130.92858201145648
110.08920320256273, 54.33768452643566
126.47223490257386, 124.77604903533921
100.89578987880644, 103.76897079629003
157.49768454271455, 56.74555085640141
107.07990491180966, 65.8471537364019
123.53768052585065, 168.2019775438572
171.13580134921153, 34.08166223596274
178.98715027290592, 149.0775893715619
107.68360298895333, 117.01637701299387
146.20600534594024, 39.38340029908007
198.9782858452825, 81.14334508599495
156.73528123221968, 30.447093819346783
156.85204320868766, 99.14660750747888
150.09838198839276, 70.67520864669825
183.36577629065994, 79.01114331245569
157.63624436480916, 32.64926524332348
127.31969359497077, 172.48031279656283
125.39485211011991, 137.90626664661767
128.21886164539006, 191.63207906049843
172.76841786082278, 87.29283531546794
148.0159221957964, 170.4914829223221
125.49859967858755, 96.9002190259133
142.83698663230302, 166.8305800930224
124.41449324342402, 147.8489551768107
156.37855461876674, 176.53259768984677
154.79207878357613, 47.19479628170604
106.40872724070498, 34.3532205343366
171.4641096504358, 97.88536090219925
110.81376453732908, 144.95283705691048
139.2467187547471, 30.885023462173766
178.1930417009395, 96.25029252830268
142.7473526253953, 12.41463748032421
119.56428287919931, 42.456752594700916
113.92114723748456, 138.83322723895947
147.3842452620354, 91.2036276111468
118.69405706266029, 10.37016806785147
194.14460395180586, 114.14563924983723
187.1067923000027, 47.65028960765816
153.45665876272844, 135.2607741824072
157.47701719765502, 66.99527305647162
185.4662637963019, 87.8270279432872
136.34499049406577, 42.9329355225222
171.55229445695738, 195.7429994561114
133.3608655587563, 8.501999519600577
115.28135880788417, 159.4468188695629
114.44929042769459, 164.87300176363965
101.12882465634175, 184.74582849284516
132.7706544176091, 92.34504131430275
173.47084949018608, 50.54680156548208
122.86134713317252, 92.3908610996949
195.51079689772945, 132.80588282646474
189.93585308566767, 142.17944788591262
147.49280730889012, 105.19812243456525
161.1784912854665, 68.6457087135293
103.94162298664375, 198.8299590827102
150.4847345504575, 49.271017066242905
108.5939703536159, 149.37906017103842
183.63890563969414, 10.521135470083953
115.40141529710289, 92.31800831309636
123.58549403046956, 101.03473979289423
129.1151715780766, 85.27575600557482
131.17287508300404, 152.9840942209702
125.54075498701937, 13.738758554715357
183.30073704202292, 52.60993208794833
137.14778029209424, 197.78781409296485
145.09283477286647, 11.304047794742921
102.92465121745443, 171.95876468022456
167.8009019546252, 151.22189818293378
127.70919051511954, 158.44740371425766
178.69417759007058, 113.53646718702974
180.35208804337879, 81.26068530994412
110.59603661311175, 186.421008426377
174.00532957604568, 91.37475989873758
103.891620942653, 102.3845522251538
151.80779615332767, 140.63017245349226
122.37027804150257, 180.40405332821817
151.2549875045082, 107.85885872877546
161.4659887302833, 173.9284540240821
