240
32.19692742755479, 189.7620530878799
49.808529360700355, 50.64481853559572
55.15555784765033, 2.687825118207371
34.2155475135328, 1.2141726535267665
57.4103367370631, 42.03471240196285
32.13670055408899, 94.84140077170278
16.02366859089293, 117.63663434307041
83.72229476849141, 92.70918551462753
12.210745834160118, 125.31366875658429
36.319968251826786, 55.6559205120761
45.856672410325864, 150.9625376144249
55.74030357795037, 42.00590401632945
25.64650321080353, 145.11052103307082
73.68279610516294, 43.285065480646196
17.88903272083678, 21.36028413220653
33.61891216549458, 179.97245697090213
11.639496267091985, 43.63277525230519
6.6956010778599335, 37.42301143934456
63.91830541238345, 39.201867263250946
71.3691402835165, 119.71888646359739
58.21399818138704, 35.586442549928684
9.528570922904244, 46.89796753186706
82.08103058485634, 80.77420809767716
97.00680545732232, 54.71017725688313
89.03810144839576, 94.22651345033836
54.366248230562725, 196.04862915257917
14.798010817392253, 142.43039463750017
28.412075519963004, 79.38229108807874
8.710698946798098, 106.98935220034492
11.99708424851623, 129.67503342391376
21.925592419172588, 29.103354376896505
57.575982658345445, 197.59857226823044
17.23402889462274, 108.88327940657759
40.812898152608824, 96.40781292483608
61.34838645473703, 87.49693776313075
14.411242997732543, 30.059761487389338
58.827250475508215, 120.3695873558867
58.47468453171907, 44.721237607551146
70.68457361847017, 101.80640262639557
10.684358893047985, 174.7228423679478
15.3566564782321, 191.40908296250998
77.0174674415916, 91.06187812881927
89.79291292174725, 84.96631322551633
33.85880512954101, 131.44996833329787
74.46655731976358, 156.39813140475061
66.09362036513099, 93.27364208724019
28.466198229509793, 37.33844437105025
21.71961884816313, 25.85895489413629
47.28774671937139, 193.50861199132476
62.570846090069765, 140.8320637338961
64.93297114755293, 41.228836428148355
12.779733306166221, 143.8999306097395
99.83208904461964, 39.672028475890116
97.13693107078143, 23.278438016165325
52.34437731054611, 99.34117223150164
0.0844879960925482, 79.81095233159986
12.481294601730397, 164.65518067628307
71.7869369351412, 196.6664559469853
71.36593435261697, 63.474114938350425
35.08072378495012, 29.76581562894324
13.817409284553904, 57.49156510768332
24.37388410132594, 198.27484610967986
9.406943543714277, 24.518537421209324
54.97895696779932, 131.4951523986877
33.52185008769562, 72.32134648952858
47.402221958169335, 132.43331108799066
7.8376791669774235, 22.29057343135692
57.36798231100252, 17.484919370055977
87.13901884517979, 79.19870469170272
13.722445200248671, 2.284366265537045
39.87543197659767, 93.67971628883372
26.476225466783248, 15.819159649863508
19.1495131706939, 46.67259922721418
80.8754310505652, 138.56397277933857
57.62430936071583, 59.70061776701468
29.627245437059784, 182.82574444911492
29.274006450673582, 157.30765323543199
28.71652445339096, 170.07730269210344
75.10155736587302, 11.569001925589149
11.536447271337273, 102.42430092419937
81.69980694463773, 52.332283585575404
59.279996305264696, 165.16347827420503
85.01908119204221, 73.99661718597548
97.08071920513014, 13.535091821393252
52.42278470491348, 106.91088901460684
39.508720958152644, 147.70247356393287
91.36608694098818, 86.2751512744233
35.391695413714395, 79.94621212194872
17.22986701214729, 160.0896996791489
91.66478396774058, 154.59629268934805
96.88987813549252, 125.63199132404009
38.52204989706026, 32.43269385698275
89.65202540112973, 170.215035758464
79.07854206617787, 125.27103692701948
80.85450407926507, 148.70224680787987
34.79761407950581, 130.07603412527524
40.93130429168984, 100.35879326234553
69.19035863658144, 144.22801912553604
79.69447704658106, 112.81552443749385
6.617165680646941, 51.235031145312874
15.303712537222436, 17.060491201754168
28.296219114938715, 197.39916361747518
48.11648586485651, 82.40939823655047
57.84514255873239, 106.81191266184804
36.11355167848066, 167.92140068868392
91.29246733620711, 74.77660940530228
91.02314135666958, 199.8321371650417
93.011752156373, 11.475060951799843
36.22164048072701, 70.22158099752917
91.05929239757552, 185.31329267570626
15.280531460987312, 109.32541646297025
35.34334844874954, 21.66243607849885
22.314421601230272, 7.064163255990774
62.02403007945728, 194.20913053819058
21.562498327946788, 37.5624117054451
61.780114697871205, 178.1490776225222
87.45185095446844, 103.22579088958443
16.017198315898472, 132.2475346796099
56.087808308813635, 15.140814051107942
99.88364723362787, 145.0411417881537
72.4987636403561, 117.74554436051537
29.775763457503647, 118.5903222246818
77.82405130767224, 63.586622074445366
61.97168415385297, 96.43068176482674
26.580325274568484, 188.39312300027325
20.83736896473286, 67.57202570119003
28.15632666980239, 46.278132118288
17.600449311006294, 195.92654002797318
47.56078479702882, 18.535902044091323
21.930991501753738, 160.52591164465218
71.20864580819914, 46.49045321685763
94.93416084657449, 199.30329059353622
76.42828989772572, 47.039273775103105
62.22176985661437, 191.72947474994956
98.04243850196245, 18.42479542523323
81.57500627223024, 84.27724573387856
27.614843461818307, 6.060551924155355
3.8001299152050305, 21.158296593169545
25.63202595611227, 115.69886407549458
30.9041347791409, 109.90515895690449
59.287151158636085, 159.88860730833335
28.644409461524756, 153.72679119198025
55.29670045932639, 147.48107329789673
63.599997305601384, 3.2561157436690857
11.144696481853178, 108.47337129426626
80.20806353696645, 157.63000670407558
85.432279927734, 126.5694125828849
18.926982644082692, 74.6445995195158
36.18985982161161, 7.90844103415409
7.96312613700505, 102.08146207094111
56.31388763956866, 35.825992111614056
79.35570651504463, 97.60147208148682
88.56966296624226, 88.35759671311591
43.18378784501131, 102.43881763307068
3.1567902405639225, 99.14071435926255
5.06149605837003, 6.161137132565053
26.823239701534252, 73.10907349373066
86.52855138870031, 191.24825695118687
95.39145822879408, 130.28078350418502
94.64320696626703, 13.662199121080754
146.41406530099857, 129.5416570714753
137.59881293943033, 112.16414563555048
198.26390774085232, 17.72816992137598
191.92819166689142, 17.005725859790168
178.42610952299427, 94.55823104099406
188.11552268234848, 106.92535762074687
153.00359673854564, 117.54195353090633
134.89266819331314, 51.98942670394431
198.7285806380782, 163.6048077389524
115.32638692322728, 118.87583972309746
106.74701570980835, 157.00304055580744
186.73508224942745, 96.72802529602826
164.0433263040741, 104.80432933007273
141.51371926000402, 62.325182862765985
191.42382636078017, 65.5527912873447
121.69552925249712, 169.2243769918978
128.69025984918878, 0.2712122874904077
115.07912574466441, 105.58531295628629
152.84617693945353, 13.721038305747712
113.24451546823232, 195.74157275339002
110.32725736279129, 41.158796274929266
144.39875700931492, 72.7399678237352
148.19413700276806, 7.762539511571909
162.49704897497548, 4.858254769391923
183.4725001275167, 59.573978661653506
126.37538646089106, 199.50600461913461
109.66705339095887, 160.09560851683412
125.96217210983477, 71.64009580271724
185.4789310934534, 152.26929447023466
181.99087425750162, 183.77372245594657
132.9805571685767, 69.73680056387781
155.45594251363065, 176.01380520887454
159.29771060326553, 113.58290319230069
173.36835451241973, 147.96819785490638
195.52403969631663, 22.870207378824347
127.83377819754017, 34.8572032049085
196.64615304752854, 57.136054809929426
194.46117677818873, 25.690917370491274
135.60550575626695, 34.62900505459163
131.1378997123862, 168.47462848643548
172.26570522602555, 194.3805438686855
149.05568728799145, 94.89743687622143
115.83824240544158, 54.77932159178018
185.84921538440227, 184.45962486424946
132.134702540985, 190.80922711510584
194.13582415220222, 152.14033758335154
162.37221523043365, 47.4039177086508
163.73397582800465, 60.10626611786842
167.87124765958822, 144.11458126675652
170.24094382542583, 95.98376750205718
179.23246598446684, 68.25416571846965
156.90702312864312, 77.31732463483057
168.70484789303583, 108.55786689337694
156.4153930986555, 15.58977882264716
111.41947180707895, 143.39555299172625
133.7284355262463, 109.83978586446884
167.52460000250733, 162.42176925163184
150.3925552619459, 194.65696009967422
188.72208511210857, 5.112022347474832
134.6296613276986, 19.897944484747665
159.06316324826372, 6.7086561149846125
100.41916760525415, 176.02077941325533
129.56308696050408, 59.91592052181647
144.8010275252281, 127.52891676267043
199.7743768091348, 73.90034607970726
167.86538169807557, 102.7654990113115
166.11500598641152, 78.88668677267346
153.0762201565668, 43.0433848742815
103.41950468037257, 30.49830590803111
191.6398258680794, 72.36859815273343
119.74973124065905, 44.28268105949762
139.85889025808535, 15.333304316297514
162.0738243973273, 82.61494191514987
121.99097276595151, 139.79904754343306
145.09516398152942, 117.03958908229399
172.40271519081944, 130.35372023131066
133.24333709807985, 160.73257412179024
108.70656090876251, 122.10499111612666
166.02961233506042, 66.98991157804647
164.85288515114487, 173.62696307672988
