160
34.81930425384646, 57.405029162253406
85.2284714851184, 100.3190150745101
64.7155129900235, 144.66811382649843
70.93131063516451, 129.84313566829633
12.678077133450593, 38.786745323580504
97.50313944556315, 157.8742748669111
53.58613862524649, 184.6468538773461
55.81584392752321, 169.60192376756206
57.050446107477335, 154.36589043821246
67.66401110143377, 114.80312544043055
90.94730155908024, 194.73505823898964
41.783378438794806, 25.00770361413278
48.744630265464025, 173.69710590272857
89.85815663656102, 96.19254952607446
78.34330187415196, 10.50916300848781
16.524346360741315, 122.24587999971742
44.647429692427195, 31.49776352218405
22.689649743862127, 106.42090766739878
61.70460376297575, 74.41637948477735
88.81534705905501, 74.84246381126943
84.26624442417675, 105.57608207813259
20.310746143356727, 78.6456197371072
87.3185517507008, 160.79962214693543
73.74974666724837, 36.75005810901999
7.478060720849744, 124.07264137757512
88.05075104895815, 38.07449974239763
60.30351594566707, 139.26406725846712
34.95894411918109, 93.27805793694786
17.72999714374137, 171.26308776400262
23.272762561054318, 152.8115256540666
0.0746669090009533, 11.074293101021905
50.26190301538649, 109.96913479710943
6.025136211824044, 71.02071990534853
31.471218050980422, 110.97709682280109
84.93417483681749, 95.93195249716476
41.04544336650121, 33.76592073699776
47.05765672521649, 99.20789844593155
21.42143374769815, 84.95494247006503
94.16254103263479, 33.59077630528533
91.16692381194073, 21.745140005894847
48.655244418007925, 14.440691588700915
3.7817245168484503, 71.77108858287644
26.55186558253134, 82.11540290523848
99.09988229210299, 11.417421435924258
72.08261787248814, 148.64043205573302
32.49817974466463, 121.6484137914251
52.56804877760955, 199.89855722718767
64.378216824914, 45.576440041818756
65.09116898418151, 114.43545484070361
74.98435932538487, 101.33051696176707
38.75026762615247, 74.89468578461565
37.44382695357411, 106.3127253339695
61.342796411228626, 194.67789662525067
18.065159139760866, 128.9933734872337
7.109250404205881, 25.595544976737592
10.615643513821416, 49.01875941898912
61.47553166719024, 78.0574073221565
97.38812242733925, 51.19073662936084
81.23922782513617, 34.85664727056206
67.20824252438244, 11.208095810408203
62.83468841062475, 68.46078810922074
33.20086578333925, 49.26294428288125
43.382539535742026, 110.99289138862774
91.93947325371053, 41.393013403688684
54.167978967820396, 52.75333938144371
98.35827242288259, 79.12707331991162
6.6764185518098484, 175.74169228992096
57.95861364868765, 117.59827979073462
13.554674736325655, 12.54402257375995
71.51555500430257, 167.81783149384225
68.32246264029096, 27.659435828365233
45.326892324613524, 69.2516269592069
90.20607267362726, 68.26851301290893
76.54038996209509, 131.06951296200947
21.11717914088186, 72.03239238876478
13.173849312399334, 168.25653152894552
2.403856099196644, 130.5134613739312
85.69834872298645, 135.24008747530596
95.84621178352954, 2.4341326652562945
66.25098912117275, 74.60930727739301
165.18069574615353, 57.405029162253406
114.7715285148816, 100.3190150745101
135.2844870099765, 144.66811382649843
129.0686893648355, 129.84313566829633
187.32192286654941, 38.786745323580504
102.49686055443685, 157.8742748669111
146.4138613747535, 184.6468538773461
144.18415607247678, 169.60192376756206
142.94955389252266, 154.36589043821246
132.33598889856623, 114.80312544043055
109.05269844091976, 194.73505823898964
158.2166215612052, 25.00770361413278
151.25536973453598, 173.69710590272857
110.14184336343898, 96.19254952607446
121.65669812584804, 10.50916300848781
183.4756536392587, 122.24587999971742
155.35257030757282, 31.49776352218405
177.31035025613787, 106.42090766739878
138.29539623702425, 74.41637948477735
111.18465294094499, 74.84246381126943
115.73375557582325, 105.57608207813259
179.68925385664326, 78.6456197371072
112.6814482492992, 160.79962214693543
126.25025333275163, 36.75005810901999
192.52193927915025, 124.07264137757512
111.94924895104185, 38.07449974239763
139.69648405433293, 139.26406725846712
165.0410558808189, 93.27805793694786
182.27000285625863, 171.26308776400262
176.72723743894568, 152.8115256540666
199.92533309099906, 11.074293101021905
149.73809698461352, 109.96913479710943
193.97486378817595, 71.02071990534853
168.5287819490196, 110.97709682280109
115.06582516318251, 95.93195249716476
158.95455663349878, 33.76592073699776
152.94234327478352, 99.20789844593155
178.57856625230184, 84.95494247006503
105.83745896736521, 33.59077630528533
108.83307618805927, 21.745140005894847
151.34475558199208, 14.440691588700915
196.21827548315156, 71.77108858287644
173.44813441746865, 82.11540290523848
100.90011770789701, 11.417421435924258
127.91738212751186, 148.64043205573302
167.50182025533536, 121.6484137914251
147.43195122239047, 199.89855722718767
135.621783175086, 45.576440041818756
134.9088310158185, 114.43545484070361
125.01564067461513, 101.33051696176707
161.24973237384754, 74.89468578461565
162.5561730464259, 106.3127253339695
138.65720358877138, 194.67789662525067
181.93484086023915, 128.9933734872337
192.89074959579412, 25.595544976737592
189.38435648617858, 49.01875941898912
138.52446833280976, 78.0574073221565
102.61187757266075, 51.19073662936084
118.76077217486383, 34.85664727056206
132.79175747561754, 11.208095810408203
137.16531158937525, 68.46078810922074
166.79913421666075, 49.26294428288125
156.617460464258, 110.99289138862774
108.06052674628947, 41.393013403688684
145.8320210321796, 52.75333938144371
101.64172757711741, 79.12707331991162
193.32358144819014, 175.74169228992096
142.04138635131235, 117.59827979073462
186.44532526367433, 12.54402257375995
128.48444499569743, 167.81783149384225
131.67753735970905, 27.659435828365233
154.67310767538646, 69.2516269592069
109.79392732637274, 68.26851301290893
123.45961003790491, 131.06951296200947
178.88282085911814, 72.03239238876478
186.82615068760066, 168.25653152894552
197.59614390080336, 130.5134613739312
114.30165127701355, 135.24008747530596
104.15378821647046, 2.4341326652562945
133.74901087882725, 74.60930727739301
