160
27.66624521506581, 71.28689597699551
62.290034962470244, 128.44990173337735
2.062380799310959, 109.18560751027869
72.85010684499447, 175.5845655476088
39.796160225229784, 190.3342277439539
93.22272880303892, 29.36679817375738
35.96099353606688, 92.18888285531395
37.19638462436847, 6.230978655140018
98.59509502094575, 157.0400449865568
52.92851240998734, 0.40529241802695903
56.42929157674115, 119.37791518015214
11.480102568897843, 8.835622562218637
3.992797829507766, 92.4466812334823
67.87164680929038, 28.520244587542788
31.011113033822358, 38.35323616307442
69.44346147303668, 155.00527306483968
64.67684232384282, 32.672414046319595
86.40848673812772, 74.88208663380489
91.04355498022227, 135.54930369870263
33.82233137777163, 52.33447837602427
95.35071510667649, 16.540930743627037
4.56593798638627, 146.60213579172776
65.96938213951354, 9.721896029000842
28.372699429012048, 31.45180937291361
11.283158296138785, 25.921847392227203
43.60239160808963, 164.72474752054524
96.82266966000195, 106.21872824843277
69.62353217457171, 114.74314651314357
73.59569505969415, 191.0984453148594
77.16653934704219, 140.31110177201248
77.18761570596389, 9.664663584568167
70.41099902778839, 70.52105851295691
36.9813545229943, 33.36115612022124
16.305255424723264, 120.57016552314795
49.67298897591223, 23.86170594954491
1.1310448822954733, 36.436446294301476
72.00268828566965, 14.434901438149183
61.4239121246576, 8.880143143472164
59.37255334627732, 150.25438201810093
64.25692736972009, 7.047703929966009
84.29252124446089, 145.4513060170465
28.123554430875085, 28.546257207880732
88.68942399574644, 95.72136924229268
95.03367133501392, 105.57446814915292
91.48115832012876, 18.369285596925145
10.06952980841409, 28.029801674414223
95.13517142120308, 50.28649045165259
27.234903249233934, 135.34682241834764
24.011411299450323, 122.31667771399492
20.070896699600627, 13.561306485155523
64.57682638133471, 180.24072293940029
54.70885341218386, 62.546370462676435
57.25565910819499, 44.831627619367765
60.58468421568194, 2.615460464279873
85.02807217992495, 105.60433885081994
96.26173866427989, 192.08639687959507
85.47181101815191, 143.18530169901115
88.92560254858172, 169.7253885638803
93.97921261257517, 90.21086672312457
3.8675569584824654, 13.685501462222494
39.013270257401054, 88.73651199464551
19.549154553561475, 17.977344021804175
71.6825540958705, 144.90198280386704
26.34573022586204, 2.7898886442581317
57.91261338714836, 50.46669363265806
44.03593344535429, 120.81484636300783
33.569030705104296, 140.77385565106977
60.66864255800834, 108.4932334485755
89.23134375540032, 187.25225948725208
13.590036563820673, 180.55626032653262
81.83387464101777, 135.51400183755126
21.422064086524962, 109.50109942099783
65.64527179669273, 155.36218190895445
60.486627182175425, 48.6936917290649
72.0864199789089, 178.9091804002828
92.19995452283507, 77.5575314389847
63.879008533748305, 21.64623789063358
5.7919761183631735, 39.06589467305886
35.56345511508127, 152.9437727007653
63.62772503506757, 36.53664175892164
172.3337547849342, 71.28689597699551
137.70996503752974, 128.44990173337735
197.93761920068903, 109.18560751027869
127.14989315500553, 175.5845655476088
160.20383977477022, 190.3342277439539
106.77727119696108, 29.36679817375738
164.0390064639331, 92.18888285531395
162.80361537563152, 6.230978655140018
101.40490497905425, 157.0400449865568
147.07148759001265, 0.40529241802695903
143.57070842325885, 119.37791518015214
188.51989743110215, 8.835622562218637
196.00720217049223, 92.4466812334823
132.12835319070962, 28.520244587542788
168.98888696617763, 38.35323616307442
130.55653852696332, 155.00527306483968
135.32315767615717, 32.672414046319595
113.59151326187228, 74.88208663380489
108.95644501977773, 135.54930369870263
166.17766862222837, 52.33447837602427
104.64928489332351, 16.540930743627037
195.43406201361373, 146.60213579172776
134.03061786048647, 9.721896029000842
171.62730057098796, 31.45180937291361
188.7168417038612, 25.921847392227203
156.39760839191035, 164.72474752054524
103.17733033999805, 106.21872824843277
130.37646782542828, 114.74314651314357
126.40430494030585, 191.0984453148594
122.83346065295781, 140.31110177201248
122.81238429403611, 9.664663584568167
129.5890009722116, 70.52105851295691
163.0186454770057, 33.36115612022124
183.69474457527673, 120.57016552314795
150.32701102408777, 23.86170594954491
198.86895511770453, 36.436446294301476
127.99731171433035, 14.434901438149183
138.5760878753424, 8.880143143472164
140.62744665372267, 150.25438201810093
135.74307263027993, 7.047703929966009
115.70747875553911, 145.4513060170465
171.8764455691249, 28.546257207880732
111.31057600425356, 95.72136924229268
104.96632866498608, 105.57446814915292
108.51884167987124, 18.369285596925145
189.9304701915859, 28.029801674414223
104.86482857879692, 50.28649045165259
172.76509675076608, 135.34682241834764
175.98858870054968, 122.31667771399492
179.92910330039936, 13.561306485155523
135.4231736186653, 180.24072293940029
145.29114658781614, 62.546370462676435
142.744340891805, 44.831627619367765
139.41531578431807, 2.615460464279873
114.97192782007505, 105.60433885081994
103.73826133572011, 192.08639687959507
114.52818898184809, 143.18530169901115
111.07439745141828, 169.7253885638803
106.02078738742483, 90.21086672312457
196.13244304151755, 13.685501462222494
160.98672974259895, 88.73651199464551
180.45084544643854, 17.977344021804175
128.3174459041295, 144.90198280386704
173.65426977413796, 2.7898886442581317
142.08738661285165, 50.46669363265806
155.9640665546457, 120.81484636300783
166.4309692948957, 140.77385565106977
139.33135744199166, 108.4932334485755
110.76865624459968, 187.25225948725208
186.40996343617934, 180.55626032653262
118.16612535898223, 135.51400183755126
178.57793591347505, 109.50109942099783
134.35472820330727, 155.36218190895445
139.51337281782457, 48.6936917290649
127.9135800210911, 178.9091804002828
107.80004547716493, 77.5575314389847
136.1209914662517, 21.64623789063358
194.20802388163682, 39.06589467305886
164.43654488491873, 152.9437727007653
136.37227496493244, 36.53664175892164
