160
77.91676777841833, 14.044667325288263
94.25938478485332, 125.27437290188759
12.910890740396697, 14.761922979179332
85.85180546902365, 114.40887833792492
31.88199736799705, 114.37499049257285
45.701147047959694, 115.93710370291193
79.44927552070912, 198.40171368193162
43.88031902690632, 133.37076971298768
6.221706516518239, 48.108106418072055
27.478701866359103, 149.8936614309018
17.727499817311266, 7.056060579547818
44.5090480066759, 189.87099600117128
11.239809213172903, 152.25975601855444
39.467788416377516, 67.20494259030441
81.32778603704527, 99.86434568321994
19.404308341018208, 128.17924199667078
21.162207130591103, 124.38440793054804
66.52324014274818, 132.45199392951406
22.988712290425216, 169.42652812226953
54.69290342484043, 169.23495754096118
22.265924982500362, 176.01254653873593
80.34000462509297, 166.70833069762142
80.12357643859087, 29.964204456671382
46.975137628989536, 65.08967940154473
83.95605841196387, 32.81795512856704
52.68101880009638, 10.885474303684589
22.213621852289112, 29.991525004552688
11.957957721294292, 169.09481143389385
86.51964038154388, 54.37415116357298
73.64415577821919, 36.422691734621736
48.54202092261759, 63.50630950682334
3.1366362651919055, 115.61648583485966
69.07707797016562, 147.8345233190577
9.299482668599367, 158.41006951123816
89.11848302089868, 191.43716060722969
29.22174012280965, 147.40202498679002
14.945436563850256, 44.882513243297865
65.20877438615781, 126.64125222373531
63.692063181644635, 144.8406396110962
78.69613768479157, 98.4090064225752
56.19346424445858, 122.42251651238256
80.86555951112105, 94.33396462388173
55.2016014485568, 96.79571703728325
20.547499845470618, 182.70899434807598
11.66896073562107, 3.7463034768764336
52.00313096547629, 153.88593520970906
20.188047406177734, 193.1737742694742
28.281176313000234, 114.47727820355216
24.281162140257962, 191.2440838557452
40.621763444390936, 51.58746002922615
37.813264446711, 148.93018819309933
84.64904435222834, 47.52839132128406
87.97507264977847, 37.96401191601642
77.02451319842245, 78.6730510746653
67.00124500771201, 85.66843274318457
84.10340230574725, 124.29117907229093
0.21158451082535779, 39.28777023168075
95.80358284043183, 57.21334407788194
84.83003202096371, 173.06977554561544
57.95559435144331, 181.22027054326284
95.03213618811677, 170.14230174977877
2.499206563008971, 57.884982560247366
38.6880823019635, 102.92688852482317
26.355120406494148, 56.848612948670294
47.61918012868481, 35.556063441263696
58.20464599529831, 19.311719734819288
24.984110941308156, 15.518694471886185
57.88023038754911, 188.1025261346932
87.08998328086963, 112.66269341980379
4.168861981613492, 175.25596226376706
98.22691508593206, 107.32752611498466
74.21283296104056, 38.11694124060766
14.121935498971416, 71.35153710040021
23.39333761468256, 106.38067514074332
40.466735608798665, 48.26653887957328
91.47442867041325, 2.8431413636037517
6.543039929267636, 119.24734626921651
75.80458924696907, 29.203656389174593
7.206990813899861, 59.76480391850587
71.43085262742078, 15.07805455701407
122.08323222158167, 14.044667325288263
105.74061521514668, 125.27437290188759
187.0891092596033, 14.761922979179332
114.14819453097635, 114.40887833792492
168.11800263200294, 114.37499049257285
174.68590828896538, 77.1773381188919
178.9005948764893, 128.77732191496966
156.1196809730937, 133.37076971298768
120.6724148831806, 19.876371391449222
172.5212981336409, 149.8936614309018
182.27250018268873, 7.056060579547818
109.17648505092887, 180.32874444885766
188.7601907868271, 152.25975601855444
160.53221158362248, 67.20494259030441
141.42387197666153, 153.8654762434676
180.5956916589818, 128.17924199667078
178.8377928694089, 124.38440793054804
133.4767598572518, 132.45199392951406
177.0112877095748, 169.42652812226953
145.30709657515956, 169.23495754096118
177.73407501749963, 176.01254653873593
119.65999537490703, 166.70833069762142
177.03195786945824, 40.46808850158183
153.02486237101047, 65.08967940154473
116.04394158803613, 32.81795512856704
117.98385789495298, 6.377032274680872
177.78637814771088, 29.991525004552688
116.20378369352164, 176.03464381468734
113.48035961845612, 54.37415116357298
126.35584422178081, 36.422691734621736
151.45797907738242, 63.50630950682334
196.8633637348081, 115.61648583485966
130.92292202983438, 147.8345233190577
190.70051733140065, 158.41006951123816
110.88151697910132, 191.43716060722969
170.77825987719035, 147.40202498679002
185.05456343614975, 44.882513243297865
134.7912256138422, 126.64125222373531
136.30793681835536, 144.8406396110962
121.30386231520843, 98.4090064225752
143.8065357555414, 122.42251651238256
119.13444048887895, 94.33396462388173
172.57198149128732, 160.52179139295254
179.4525001545294, 182.70899434807598
188.33103926437894, 3.7463034768764336
147.9968690345237, 153.88593520970906
179.81195259382227, 193.1737742694742
171.71882368699977, 114.47727820355216
175.71883785974205, 191.2440838557452
119.0243277507313, 128.5791883899344
162.186735553289, 148.93018819309933
153.26335338978842, 21.63638751108121
112.02492735022153, 37.96401191601642
122.97548680157755, 78.6730510746653
132.99875499228799, 85.66843274318457
194.6785926818133, 53.22810576842709
199.78841548917464, 39.28777023168075
104.19641715956817, 57.21334407788194
115.16996797903629, 173.06977554561544
142.04440564855668, 181.22027054326284
104.96786381188323, 170.14230174977877
197.50079343699102, 57.884982560247366
161.3119176980365, 102.92688852482317
173.64487959350586, 56.848612948670294
152.3808198713152, 35.556063441263696
141.7953540047017, 19.311719734819288
175.01588905869184, 15.518694471886185
142.11976961245088, 188.1025261346932
157.6648161709101, 140.4238782929303
195.8311380183865, 175.25596226376706
101.77308491406794, 107.32752611498466
138.75375809570738, 15.08936154903493
185.87806450102858, 71.35153710040021
168.23311444617727, 98.98144143232439
159.53326439120133, 48.26653887957328
108.52557132958675, 2.8431413636037517
193.45696007073235, 119.24734626921651
124.19541075303093, 29.203656389174593
192.79300918610014, 59.76480391850587
193.94891657793204, 84.47316314028919
