176
92.02482994400314, 58.88974049711082
14.476353350906878, 181.302656379497
57.635913920751904, 94.85030322549986
96.9621210739024, 199.45190194145226
81.4138464410809, 109.0821459572674
14.377424709041852, 31.102075092859693
2.361434916210503, 67.71305759288133
25.18580223703032, 121.69855925880691
98.03435046898187, 82.19288446203767
64.47058502455593, 127.31509358666014
7.905293183057349, 47.920047226732954
14.536962378759755, 69.53980580238843
20.62635011030568, 4.238148480986981
19.99291475633158, 114.62123634985608
41.672352675778754, 12.788765327368168
13.56826360195489, 194.54000917954554
88.73387830363593, 164.86038460057847
90.56846128365763, 10.634355401527905
90.77356361094196, 191.31784717199963
58.884967223160615, 116.99662148505017
69.83333904162419, 143.98881597390613
67.56416139042302, 79.2407820450315
85.14690906328453, 77.64193033208113
10.622483747025147, 167.8804679843412
13.267998380291735, 116.19351185130265
54.07006041267234, 141.43990291709216
35.76864335567337, 163.90533059800788
23.062230586011356, 43.22686283292203
77.6056072527631, 34.28667835028551
84.08720789995434, 124.13821689857905
30.77693316865838, 38.214752153645335
32.67084671511219, 158.3908956349796
79.904128557992, 136.31296332156694
57.22807999466474, 77.2261493281909
90.12499970324949, 91.91675093105364
49.210674875475604, 7.102047631146657
34.65269510247797, 81.2744434780083
79.8873942787467, 133.87918738540304
47.57805922507685, 138.83566128431616
86.94196377153514, 93.44425349816423
97.28037140736313, 13.289639920430417
81.15329200854656, 62.6385803946637
29.389775127856044, 147.68632554057186
32.07795584032327, 52.235728512052134
8.490522248307164, 70.35240313889743
69.11022868315058, 95.4053993428572
32.14175220569423, 142.26015874113068
27.659150255922782, 152.36194651349274
5.538348010220395, 75.42723372737765
56.363889210990436, 135.15894899858853
0.4517863083119078, 23.95285351324865
93.1709081972485, 113.29671121235802
87.40867273951808, 190.41871142603551
55.84291982202907, 36.65596758117129
84.14296026676665, 147.7397614412173
40.782329536651595, 162.7730144024457
71.9044977823257, 22.08364995930281
95.38662229979498, 41.118330092379196
19.3539964699045, 40.31594758523682
60.09014564823569, 86.099648857255
61.476231508522346, 74.75148248257119
81.96223094967667, 102.50108841830523
52.14205147799492, 84.05041924716647
14.519612524240856, 60.95123464902701
37.612168706765225, 91.19733711595157
91.36093223959008, 104.59788413938118
86.28708873457785, 91.43761084239046
1.2868121661538168, 196.76885838088975
13.48718471838456, 102.76996146399632
33.84571505980427, 102.73672215103895
70.68041068901054, 57.67715890569103
54.26953900173896, 108.2310576026694
42.79776468011642, 111.48711820980975
81.01524943361791, 97.24583466083212
28.49099320933296, 172.62206646664285
62.70501515020512, 54.093024643485066
75.26058515134989, 39.91239026239191
78.08757886610262, 151.77161951809774
4.103756720209184, 58.163487293384186
18.01258859943249, 17.411047920708956
84.34964676500076, 68.33868447659923
58.588457045667, 107.34394884110617
33.825455953274805, 172.67598637041496
68.93382620486396, 102.27127305087262
93.56429982972314, 48.50491042749381
62.449347062020465, 63.152260782667845
6.675696844707845, 20.64689377234279
85.98909124292702, 161.0050587984038
26.984331035040586, 66.35057005855612
16.864454495795034, 78.23263281018652
30.07816842369032, 133.06534175579827
7.174252242315116, 168.8685645296433
76.7796906772087, 199.357062009772
79.3066961114719, 87.3341786266282
64.85967984939715, 79.93944330867077
80.31292510487299, 151.68502889327183
107.97517005599686, 58.88974049711082
185.5236466490931, 181.302656379497
142.3640860792481, 94.85030322549986
103.0378789260976, 199.45190194145226
118.5861535589191, 109.0821459572674
185.62257529095814, 31.102075092859693
197.6385650837895, 67.71305759288133
174.81419776296968, 121.69855925880691
101.96564953101813, 82.19288446203767
135.52941497544407, 127.31509358666014
192.09470681694265, 47.920047226732954
185.46303762124023, 69.53980580238843
179.37364988969432, 4.238148480986981
180.00708524366843, 114.62123634985608
158.32764732422123, 12.788765327368168
186.4317363980451, 194.54000917954554
111.26612169636407, 164.86038460057847
109.43153871634237, 10.634355401527905
109.22643638905804, 191.31784717199963
141.11503277683937, 116.99662148505017
130.16666095837581, 143.98881597390613
132.435838609577, 79.2407820450315
114.85309093671547, 77.64193033208113
189.37751625297486, 167.8804679843412
186.73200161970826, 116.19351185130265
145.92993958732765, 141.43990291709216
164.23135664432664, 163.90533059800788
176.93776941398863, 43.22686283292203
122.3943927472369, 34.28667835028551
115.91279210004566, 124.13821689857905
169.2230668313416, 38.214752153645335
167.3291532848878, 158.3908956349796
120.095871442008, 136.31296332156694
142.77192000533526, 77.2261493281909
109.87500029675051, 91.91675093105364
150.7893251245244, 7.102047631146657
165.34730489752204, 81.2744434780083
120.1126057212533, 133.87918738540304
152.42194077492314, 138.83566128431616
113.05803622846486, 93.44425349816423
102.71962859263687, 13.289639920430417
118.84670799145344, 62.6385803946637
170.61022487214396, 147.68632554057186
167.92204415967672, 52.235728512052134
191.50947775169283, 70.35240313889743
130.88977131684942, 95.4053993428572
167.85824779430578, 142.26015874113068
172.34084974407722, 152.36194651349274
194.4616519897796, 75.42723372737765
143.63611078900956, 135.15894899858853
199.5482136916881, 23.95285351324865
106.8290918027515, 113.29671121235802
112.59132726048192, 190.41871142603551
144.15708017797093, 36.65596758117129
115.85703973323335, 147.7397614412173
159.2176704633484, 162.7730144024457
128.0955022176743, 22.08364995930281
104.61337770020502, 41.118330092379196
180.6460035300955, 40.31594758523682
139.9098543517643, 86.099648857255
138.52376849147765, 74.75148248257119
118.03776905032333, 102.50108841830523
147.85794852200507, 84.05041924716647
185.48038747575913, 60.95123464902701
162.38783129323477, 91.19733711595157
108.63906776040992, 104.59788413938118
113.71291126542215, 91.43761084239046
198.71318783384618, 196.76885838088975
186.51281528161545, 102.76996146399632
166.15428494019574, 102.73672215103895
129.31958931098944, 57.67715890569103
145.73046099826104, 108.2310576026694
157.20223531988358, 111.48711820980975
118.98475056638209, 97.24583466083212
171.50900679066703, 172.62206646664285
137.29498484979487, 54.093024643485066
124.73941484865011, 39.91239026239191
121.91242113389738, 151.77161951809774
195.8962432797908, 58.163487293384186
181.9874114005675, 17.411047920708956
