112
27.03258220154552, 70.19374175180097
64.80636462783109, 68.30050717036103
30.22916329263785, 189.3612409646659
72.05270941706587, 87.18898234461972
88.74723428430545, 185.26498134974975
32.20888131977285, 129.16111864830773
93.2875026652811, 93.99493139719254
11.897696314521689, 119.09745397588382
82.9951987486978, 133.30134848073135
7.0693166271322605, 137.88066513085425
50.52269082506938, 117.19959619265316
26.4327454696473, 112.74771024550706
2.262232700075306, 110.50274146497121
23.10006994069892, 162.81386114150607
12.064725953437083, 1.415586434574334
16.66368505089887, 144.30822981389193
69.50025856291637, 192.8250751503827
3.335891724464879, 57.87403335064456
30.587871252715647, 115.0638737344662
38.57902545860357, 132.06627711631847
36.78285724168355, 171.3185243212646
48.643346007607704, 162.4742058702335
94.77577547255075, 56.57828376094285
54.180441298810486, 98.79636554573837
15.617233439573164, 6.008637528610117
9.747253608353567, 0.5438760630520401
95.43018189363916, 62.657005310187145
51.87001487928674, 167.20745916051365
36.69818824107792, 68.4594063889668
76.78618595608083, 178.2519385654765
40.93496431221166, 55.78737684618158
7.023770139737151, 74.5954453704859
165.64704303381018, 54.814392395012554
143.01312748475328, 15.95553180380449
172.96741779845448, 70.19374175180097
162.84754834618784, 90.31094481803427
135.1936353721689, 68.30050717036103
139.26537417554388, 42.84189863049275
164.52503211576413, 132.1206104634925
178.10051553585288, 102.43152904105948
100.54248290822974, 105.50554098679363
141.1014091065967, 67.32247933148692
169.77083670736215, 189.3612409646659
157.42657691963547, 46.98767537319939
106.08301934999811, 109.53458574436058
127.94729058293413, 87.18898234461972
107.98057101365295, 138.67868469116573
111.25276571569455, 185.26498134974975
144.1409980495508, 127.35075494414862
105.34095567762714, 111.72658423272486
163.33524299036537, 20.60117237000123
167.79111868022716, 129.16111864830773
106.7124973347189, 93.99493139719254
188.10230368547832, 119.09745397588382
117.0048012513022, 133.30134848073135
149.90392628822215, 184.58485247225676
126.66238873688705, 52.0667842843908
192.93068337286775, 137.88066513085425
149.4773091749306, 117.19959619265316
105.93881152297988, 7.581263952309314
173.5672545303527, 112.74771024550706
197.73776729992468, 110.50274146497121
112.44115829644103, 71.52384850761233
144.3067844578173, 185.79657976156147
175.53112829944578, 72.09694128777483
176.20354681750644, 187.38778989767457
176.89993005930108, 162.81386114150607
125.66041646959724, 160.11649527068218
151.6787802400384, 40.510687585197914
187.9352740465629, 1.415586434574334
173.50283661795476, 166.8570546153231
183.33631494910114, 144.30822981389193
152.53739288258188, 193.0643900002733
170.45183531938935, 163.4137044547255
105.39835674039148, 1.247623003726983
130.49974143708363, 192.8250751503827
196.6641082755351, 57.87403335064456
161.82134646282367, 173.76003010627795
106.59222783424504, 149.47387748696713
192.26938992691126, 183.4226031592187
155.36770966698307, 149.1030106795752
109.31684908737614, 44.83080121056775
158.63447779816227, 59.62800357778608
181.94076209307246, 62.00796068312173
169.41212874728436, 115.0638737344662
117.71207127249394, 123.52328441246962
174.74346266077896, 116.63808732431717
134.71765680988136, 2.5495533149383798
161.42097454139645, 132.06627711631847
148.0419858202823, 144.95871160359474
163.21714275831644, 171.3185243212646
169.47005626227912, 193.50241917569778
137.6195928883335, 41.20610424623621
151.3566539923923, 162.4742058702335
105.22422452744925, 56.57828376094285
145.81955870118952, 98.79636554573837
184.38276656042683, 6.008637528610117
145.97661150007474, 64.85529168790183
131.89794729719614, 161.7563042707594
175.62893875580764, 151.5023479397273
125.94712465449597, 129.67603750415248
190.25274639164644, 0.5438760630520401
104.56981810636084, 62.657005310187145
148.12998512071326, 167.20745916051365
163.30181175892207, 68.4594063889668
123.21381404391917, 178.2519385654765
153.65309663109093, 68.14625927375795
109.37591322064519, 90.38417149043221
134.86776625298774, 42.78521398708184
140.94478176115524, 192.94233176360225
159.06503568778834, 55.78737684618158
192.97622986026286, 74.5954453704859
