160
58.680292491276326, 24.809513844958587
21.048919847667364, 66.90360958137677
72.14387663082414, 61.85397850354844
66.6617562801386, 87.09292113680753
25.01338135701163, 92.87703207190718
30.161793701180713, 113.11999242682775
38.32928683313618, 118.06768789660104
59.67678662163871, 27.06832640670062
34.36954327685174, 61.67781435517361
43.52507427259133, 64.05684123715842
88.84870872673261, 119.66542806873437
36.48069509183366, 97.25381101956852
31.354980706294945, 59.42871884435351
54.0742821859807, 160.58950908202277
45.42060803702025, 29.80514602720615
75.48687815762858, 32.965040048855386
70.9444184185538, 147.7831272343925
89.59819535078688, 199.4336362726712
40.955860429060756, 150.2518013050653
6.270386718918674, 197.96564214114534
91.38771087892412, 96.41843681204466
40.82475556982842, 74.85120184681342
31.89305395624037, 144.02572092380123
54.946408666339316, 64.01567631854405
7.150571722523158, 159.6676880098898
24.920987538245186, 58.76885977482139
39.46697732003477, 135.02822370351817
71.752575704279, 145.0688644390404
38.1662555633256, 95.28653498405207
36.0519970975037, 163.59549551869839
25.075333876745788, 21.01888649418868
18.23961696294014, 197.97637593471444
61.70949339697012, 136.32831837147833
44.57374243869341, 138.39770705788516
75.4879528956287, 72.62012141793983
70.6714045534028, 73.42763357088708
44.50055340360369, 165.44065993838439
61.85019760671523, 144.10096549212398
31.966408452600298, 38.24106091308796
19.23756602564539, 56.12100732663686
60.86723991289876, 5.757173382695968
77.75029704663221, 146.79571280881638
24.31412424820283, 12.728330759223155
40.59268077031716, 36.04323710197377
70.49706070005506, 11.331170732812534
27.628351128754048, 182.43830581916149
4.655077972307183, 115.04653429833398
98.11184612573244, 160.19826343572015
65.91964167378612, 154.29393661650442
30.022444495807935, 46.19278877440397
72.1648212886276, 69.18269309082837
8.770302881307558, 51.29973853699252
99.31612376990681, 178.86228027328096
74.83670264043485, 95.12670268426803
61.463280119398235, 178.21397204453368
60.04304965846613, 15.701296170106211
28.988269845937538, 181.2276594480249
36.471802571096, 103.36403486169223
23.759727909616736, 152.17448571778445
43.65175662823132, 182.03153312472
30.45091302103249, 134.28218116899944
78.56204508684736, 134.52523438198767
22.6838683893435, 8.088943857839936
23.784959943486726, 147.94032377707572
88.32189840934245, 14.677630416355147
6.442430550313539, 64.95416695467041
25.705158762852506, 171.6284215520293
7.976697055661546, 56.29483600892412
39.91784469101452, 107.63201700911497
32.85620334210731, 70.30493784900536
91.59541362619657, 107.6806939967123
65.84504396935718, 129.03204586645342
41.666167957008454, 25.702798021352045
37.12530202582664, 109.02354400811302
65.79102297364798, 91.70657450515576
63.93667622778577, 138.49582042923296
77.85880566699116, 41.430811120698635
49.27034012489053, 64.00638125506086
59.77094203048404, 150.59537569280883
62.412732703220485, 158.37355220269217
164.0709182664764, 89.10461642408482
143.4658069543445, 129.50212672834115
102.51227166435113, 6.247864745684106
168.4159950054781, 109.4848126196795
174.98661864298836, 92.87703207190718
118.48132139003427, 100.50415563259082
178.18185746958233, 83.10512565187102
112.84730530809168, 36.41557418235435
158.43214209245025, 52.913668870965424
156.47492572740867, 64.05684123715842
189.57864711055112, 174.16951779156508
163.51930490816633, 97.25381101956852
179.4267787450801, 103.40820570050606
169.97857905345882, 84.60021014466702
139.07041241029833, 44.21714162194665
182.9592243456149, 112.91072903107195
197.00679130435634, 80.46010127096052
154.19725034435723, 197.38494900730436
159.04413957093925, 150.2518013050653
193.72961328108133, 197.96564214114534
120.46757160025945, 36.24702647466509
159.17524443017157, 74.85120184681342
168.10694604375962, 144.02572092380123
145.05359133366068, 64.01567631854405
192.84942827747685, 159.6676880098898
181.39468980102674, 99.39390574249212
177.1927575071917, 64.14947327859291
109.03156545578788, 127.89318403963819
161.8337444366744, 95.28653498405207
110.82067730446428, 132.7642035779601
174.9246661232542, 21.01888649418868
164.01656660097882, 156.9369079775455
138.29050660302988, 136.32831837147833
155.42625756130658, 138.39770705788516
193.6812538052501, 1.7641831521408413
129.3285954465972, 73.42763357088708
190.6559208672656, 112.78461374815532
102.28962869629228, 131.87484027731276
125.20129118487043, 105.89871192661346
187.86734912367348, 109.54973365007044
139.13276008710125, 5.757173382695968
130.59704003561495, 189.6083420043361
155.29669752762211, 79.42314131191756
115.45838487662759, 21.643029345507614
129.50293929994496, 11.331170732812534
172.37164887124595, 182.43830581916149
126.31556348256376, 52.49667932981244
119.09001471290425, 128.43374506907764
134.08035832621388, 154.29393661650442
180.77765451214262, 56.879784287694044
127.8351787113724, 69.18269309082837
191.22969711869246, 51.29973853699252
100.68387623009319, 178.86228027328096
175.50218000447953, 89.9294681630125
138.53671988060177, 178.21397204453368
146.0209064104221, 36.09944912702756
145.1626674206967, 129.44849599649268
163.528197428904, 103.36403486169223
176.24027209038326, 152.17448571778445
183.45944907825745, 196.46138647577806
119.39466188585756, 107.09551530656867
192.4125332785204, 62.99761328218467
177.3161316106565, 8.088943857839936
176.21504005651326, 147.94032377707572
111.67810159065755, 14.677630416355147
151.66914164004615, 12.94155495774505
117.01444594635225, 196.9845189908365
117.78771680086525, 71.94741204528536
115.21875990118978, 49.8061870874763
167.1437966578927, 70.30493784900536
140.5769360277884, 82.81329058875342
121.83347930088641, 162.0753632561124
114.52170181422824, 67.35824436240354
162.87469797417336, 109.02354400811302
134.20897702635202, 91.70657450515576
178.18271803226253, 162.37258283994936
118.36907709404889, 113.69285725724734
150.72965987510946, 64.00638125506086
122.77489144276886, 117.84583434382671
137.58726729677952, 158.37355220269217
