208
35.209730485733694, 49.802197096698265
2.9581293314724477, 69.62287998292128
87.43402842033584, 162.64240882923417
93.18492697680465, 151.06419099108038
89.12601565533208, 18.69830183015098
98.50972187335788, 39.96595029701395
17.65126438757845, 157.64230917936663
50.87353943482549, 40.08985231498975
98.63338288899158, 109.57422426360104
32.10469268418795, 103.20569154095129
15.152160325434828, 143.1491137956613
3.145450029713956, 15.399992567197556
4.885059296845597, 124.33438151763167
43.7696304657958, 83.19915362610467
68.96398143043237, 153.81979509335977
12.993062568415311, 28.955589346568132
9.521094234510873, 54.079388517610376
30.644146180554642, 73.63542833193328
90.40874275931138, 155.87225602170594
67.65882917292372, 113.05933654314903
38.079664789511156, 153.56085152545313
89.69257228070174, 59.88511364969585
54.72759395435428, 80.81035355730646
25.733995501407765, 25.900386331081457
59.71709711990659, 16.3416618764047
34.246376620688466, 159.69040688073966
27.345789197227617, 171.89284491445574
90.1282952483578, 5.162664248347433
85.09444465401444, 181.0647673076791
70.20723161178283, 32.738445895344015
67.25451728598571, 45.668066668837625
5.201129954913597, 69.59858224910802
13.393885457804004, 94.70367060525709
80.53762560067318, 84.85977210349922
6.302462292018593, 46.69012199457281
71.5781202603249, 185.14497334495474
76.26005484911286, 184.90665773127395
45.26252606043366, 1.5377185059559872
76.83661596575698, 59.69335725867842
93.6443107631901, 183.65509956973625
53.54604631195161, 13.80576683945598
72.69760791237391, 115.07899436943441
71.5522617212056, 173.68616930990362
2.2563104148851814, 197.77460652208637
78.88403559841134, 43.161142217010486
17.040167407512353, 107.73454799528307
87.55553693651694, 101.24557662866533
3.5176069574724167, 74.15366589191298
89.63578071274289, 175.51103540672565
36.33192303737249, 144.905704109569
47.28141192743991, 99.60662635826287
50.23017864045036, 81.7624383252395
27.314659279301523, 77.24723201445309
59.67321395892431, 0.6946130258926173
21.824768091905014, 32.008371170220634
65.95078024945784, 28.86567841507035
89.83520799239486, 99.23092988957897
70.30239219384349, 190.19242409682278
76.90363188251924, 89.43404183119571
28.902188989665134, 61.29146546887978
90.2861598458883, 78.58972682560376
23.612643339431582, 172.7635366808505
78.1175314469134, 54.93613132360453
59.662775279492635, 148.14150445421527
2.4461454123931006, 129.65067186865386
87.39904481504217, 152.21371315764807
30.092559522790957, 71.51131460718445
59.92272888511015, 187.11455301229188
90.60303038127266, 34.358887067013356
34.73203135940499, 67.33767371255456
48.19283569960706, 182.3610810531463
74.81073351686194, 33.00273551643597
45.27289722567103, 173.20454971403262
89.71799663961345, 37.4290176526715
25.044578087581556, 156.59285603825566
39.54312200605492, 148.42152364546655
75.61491112941847, 79.24524275867448
64.58345155110511, 13.98625668868224
54.95338329097392, 145.35055516402002
22.474482272180126, 165.53308721680855
43.592450281575836, 106.51324688990536
41.45161714679183, 177.02518036673695
56.375820607676886, 147.2202106440723
38.811016206130766, 169.63240073603956
10.133094735505122, 197.18208829453394
74.21971307568856, 61.95490376528569
90.0820530570114, 168.03383519633618
97.65453796937888, 86.10950700560302
82.69517534193336, 125.40690674238553
98.44700382470157, 198.5320266255233
8.734721229229148, 37.32650174544037
8.17645668086323, 166.50661241306733
48.04474536857558, 142.00044906262335
72.96684049021572, 158.29653644352567
86.32813903105276, 189.96464945908335
44.24413573623275, 58.632822648242126
95.03291856143203, 158.74620797386007
28.2999598003272, 57.997081558898515
12.545069473646542, 36.11619643944171
22.147628566479828, 180.62726461627477
6.500741914550757, 54.20931306004773
57.429167006530854, 80.97818615221813
13.891380592135881, 65.02139809738097
69.34553004952983, 42.02365570002684
48.54324794402818, 161.18853127037863
95.39953126678444, 15.09909994576548
39.95062868465151, 101.92476297894122
61.4335089797726, 102.83476927794737
35.44726581455681, 57.47811860697223
52.63782925612922, 193.44314881677866
86.21696949322236, 109.40994309528979
26.041895656571544, 100.77610635744136
76.51992567240202, 143.81994798507722
78.68358342597423, 115.8787778963404
58.31157125414015, 116.0424144159936
60.375873879777906, 22.925891625132543
81.94441595252447, 52.0928992558233
57.6580915566525, 21.1814096146548
98.56250006304894, 166.771646501582
70.48846409708914, 86.39694845524497
15.04031271735603, 69.390542729631
93.22590133422337, 131.33761056431808
99.11575587350276, 181.34106657631563
86.70971550463348, 103.24457598632276
13.131782205553854, 147.46922802387525
99.67811598851078, 53.257826372420645
62.23384563526805, 111.03711332457375
17.368084551095052, 71.2762340146504
164.7902695142663, 49.802197096698265
197.04187066852757, 69.62287998292128
141.01944712314827, 96.54537302108399
106.81507302319535, 151.06419099108038
161.1507257810226, 66.46619003674708
181.07487213245136, 85.24750793651567
197.21887806407176, 120.88997841879447
106.96887777805428, 88.46314113962168
101.36661711100842, 109.57422426360104
175.42177250128387, 109.35451491721768
184.84783967456517, 143.1491137956613
158.05925737728285, 12.247336867286007
154.83048856922352, 45.864986292309574
158.76476674450169, 41.26257932918884
131.03601856956763, 153.81979509335977
148.59647512902254, 62.55695306596225
198.4662827610717, 4.2610417237206155
169.35585381944537, 73.63542833193328
150.84589845622838, 189.30062445933726
132.34117082707627, 113.05933654314903
196.89604032968418, 168.9240886575464
146.11545979943276, 72.81840283650854
145.2724060456457, 80.81035355730646
185.81662390765928, 20.05535773544782
123.58918139411657, 32.8620330675611
165.75362337931153, 159.69040688073966
107.54415666112317, 192.23707505589564
187.15752832197876, 21.557645199306208
190.25632951721826, 102.31863020075869
199.5252659686783, 61.27035686370934
132.7454827140143, 45.668066668837625
190.3066223723651, 21.3654478197562
150.42955744684608, 41.717593003665485
119.46237439932682, 84.85977210349922
177.75623496697045, 72.11669556909264
128.4218797396751, 185.14497334495474
123.73994515088714, 184.90665773127395
154.73747393956634, 1.5377185059559872
159.9490106890432, 32.76242495517951
106.67851829567954, 124.37455870811556
146.4539536880484, 13.80576683945598
157.51864816245987, 134.93312538443115
103.70285739442457, 133.99595494507355
175.62767123067482, 186.41181181198576
121.11596440158866, 43.161142217010486
182.95983259248766, 107.73454799528307
112.44446306348306, 101.24557662866533
155.6117182437417, 7.915628377907424
188.83706320037334, 194.83770227864156
169.2550646969481, 190.73859797641902
152.7185880725601, 99.60662635826287
149.76982135954964, 81.7624383252395
172.6853407206985, 77.24723201445309
126.71269135110485, 5.7101477805450385
114.04930320462634, 57.40240538474508
134.04921975054216, 28.86567841507035
163.0187403566637, 73.44814732194622
150.79648617412823, 122.38058389432369
123.09636811748076, 89.43404183119571
138.86717063210264, 2.6376782857973957
166.32239585301198, 132.51256118483965
176.38735666056843, 172.7635366808505
105.43532421606389, 86.45754667243
103.60061607644082, 140.25797822417383
146.43071010894002, 49.75522113184658
187.49459073502, 143.83173105657093
187.020197469545, 17.062247770210504
140.07727111488984, 187.11455301229188
109.39696961872734, 34.358887067013356
165.267968640595, 67.33767371255456
151.80716430039294, 182.3610810531463
196.13933382013062, 26.77994235037935
154.72710277432896, 173.20454971403262
125.90144617143989, 36.461415289926144
189.83043132360734, 121.02991903598091
160.45687799394508, 148.42152364546655
124.38508887058153, 79.24524275867448
187.75418648634974, 55.98740703881209
134.93304916919033, 145.5221906986403
130.81367267978732, 110.36625404885154
