192
32.62086131414323, 109.56501126712341
29.958421883786293, 52.692294618328134
10.49960687564382, 152.05413097329682
20.863965824162435, 47.952787511411586
61.31579813676578, 183.35518255511127
59.01732847304775, 180.4527394590873
76.77276459463448, 83.34120649252814
23.205901126824592, 157.41950248445212
50.55641879964355, 33.32550011277764
12.23576260244702, 159.2494646806042
84.9916827148579, 118.51492845383319
69.12494238485233, 168.52937897314214
88.69623678486737, 80.07845617487126
34.43931344743275, 99.61270331302221
78.57475688801172, 40.61552303657579
4.411639749507163, 183.05704095070467
84.71713061449665, 55.49678154408437
70.92970041704912, 133.4090699165762
84.99616740279006, 175.9208386744893
37.504972865875196, 177.83558759540682
66.58690483075094, 32.44631650464724
35.89432126842593, 77.53760584021438
3.316502616867689, 173.26962491133312
33.02440189754374, 39.231686620354964
23.079155888077135, 117.68109254177683
88.7358550614846, 129.77918420298164
26.612995690160655, 100.08399162222419
35.659852738072026, 124.01027206424953
85.23881973534348, 26.417343351250455
48.58263820649561, 131.9983967723624
28.49649771627466, 2.98794045203985
45.5757170208697, 15.167800412026793
21.093877301033547, 29.19958762257766
53.654125528569494, 12.339424701053424
77.66156225496502, 191.05423633700033
25.62629581115921, 96.48908030586404
82.2781999248044, 56.2995134208073
49.27679550184006, 118.15501428562179
45.617056218004606, 137.2499718260485
39.905877728769426, 34.07340275517513
33.63070412235656, 160.5296180389203
21.08070944085054, 27.009706686228625
11.40808058140496, 185.65529189409872
54.723066481822805, 48.95209185584437
74.21837363857345, 60.21368970901522
10.484585620032394, 112.70090395216347
28.958179084307716, 152.40110089858155
33.650140813925034, 95.77551677774909
87.29976937142214, 78.7664016380108
64.08072439554495, 198.23628147176086
19.336821099882396, 123.23913159125806
30.90700717065733, 41.459467228115685
43.642407723018714, 126.66599487108287
36.662274526760065, 46.812593527199596
90.5751233108732, 169.35745337530776
47.729648687549144, 97.95716801244392
52.647333985759815, 85.00892859101482
74.77229906398145, 38.93199058883563
50.98415231748409, 73.36284347434805
4.0797750932293875, 195.54329790247002
65.97544958005302, 73.99332375998178
54.74340142126811, 105.91542852618372
39.34370387475654, 53.39486024349775
57.751989343271404, 18.327668161633568
28.355773028496444, 23.96667427629138
20.201886396580583, 141.6879129767462
52.47350366106431, 158.57772072623405
35.805176034605495, 18.88078466447791
22.99573182476456, 79.67128324570695
7.635966785255233, 73.97638793802255
96.06929337420141, 64.80476910219528
50.69528040086304, 95.834883857703
69.32300804531027, 85.09174489964293
74.19127170262205, 150.361376041123
86.75967254623237, 91.77697705113604
41.58480267553648, 149.3657578545788
3.054273903043402, 149.10350838078006
57.84161305486391, 189.78450165250348
21.716369978473764, 53.54302577252032
28.1985495377723, 10.623334357137725
73.78308269785461, 164.30492181771348
46.04775806743123, 177.626099095787
20.507105489470455, 194.35849579267048
22.578020448395776, 17.111413549570642
94.27656957153789, 125.43775648012732
39.03832335547879, 199.27415584591688
28.71775266982063, 118.00654608547376
58.748270558699076, 100.13623568918042
40.22357874017646, 24.803070934845795
88.97748536267609, 58.904279793878246
45.55037303371328, 175.92623067804738
24.47468586704512, 57.765204142960535
75.7364559570583, 132.3583623545604
10.62128134517054, 160.4296994872373
31.346987331735, 45.75274700689938
74.06301126050529, 104.92198804956985
82.16334676451204, 146.02293453348656
2.299902953897248, 76.75335666829343
77.84896966307359, 196.29860296162346
60.16062958092081, 143.36401163479292
47.71164111629146, 47.412345923261825
48.41290880166763, 139.9182535100454
24.21153393929435, 188.01042215177844
62.44396741073521, 175.1203581767548
29.9805197792289, 177.07193515902776
83.60118674948285, 199.08983553236914
12.2459984885107, 79.9914465594572
0.5608707744417685, 80.85765814214083
71.20617711264956, 131.4526863831814
96.09983643862829, 117.36845657908741
23.08460058312053, 151.6241397800968
94.77115531821313, 45.368730721870335
167.3791386858568, 109.56501126712341
135.37504464158457, 119.73252661846396
144.01695480531976, 132.18298030830823
179.13603417583755, 47.952787511411586
138.68420186323422, 183.35518255511127
140.98267152695226, 180.4527394590873
123.22723540536552, 83.34120649252814
176.79409887317541, 157.41950248445212
149.44358120035645, 33.32550011277764
187.764237397553, 159.2494646806042
162.2616497079842, 192.49133389657567
186.60579773362653, 153.32375438732544
111.30376321513263, 80.07845617487126
118.6485468660383, 104.80545526220335
161.0487909300512, 34.29456255061027
169.19950640841404, 184.39665421528306
115.28286938550335, 55.49678154408437
104.4857093843753, 102.21042288590752
158.9572453449732, 114.53737679723746
162.4950271341248, 177.83558759540682
133.41309516924906, 32.44631650464724
178.48759298374443, 72.4444431202082
196.6834973831323, 173.26962491133312
166.97559810245627, 39.231686620354964
178.0660751719661, 101.66632992074338
111.02196294568799, 146.08363057212426
173.38700430983934, 100.08399162222419
164.34014726192797, 124.01027206424953
114.76118026465652, 26.417343351250455
151.4173617935044, 131.9983967723624
171.50350228372534, 2.98794045203985
182.2523395074556, 20.791487238093097
178.90612269896644, 29.19958762257766
146.3458744714305, 12.339424701053424
141.47731992072474, 156.61305478743188
197.29702048219895, 35.82787756181178
117.7218000751956, 56.2995134208073
145.04708363476558, 163.5860673183216
154.38294378199538, 137.2499718260485
190.21970341129858, 69.18679523826331
167.68240996348314, 141.7145410162004
124.90948126321764, 106.99517716456519
108.63345097662943, 132.87247829297354
145.2769335181772, 48.95209185584437
125.01870972747308, 83.43879478966186
189.5154143799676, 112.70090395216347
170.42141017076696, 150.4301882630314
166.34985918607498, 95.77551677774909
112.70023062857786, 78.7664016380108
135.91927560445504, 198.23628147176086
180.6631789001176, 123.23913159125806
169.09299282934268, 41.459467228115685
156.35759227698128, 126.66599487108287
163.33772547323994, 46.812593527199596
109.4248766891268, 169.35745337530776
152.27035131245086, 97.95716801244392
149.95991499689782, 27.08731613013542
125.22770093601855, 38.93199058883563
149.01584768251593, 73.36284347434805
195.9202249067706, 195.54329790247002
134.024550419947, 73.99332375998178
145.25659857873188, 105.91542852618372
160.65629612524344, 53.39486024349775
155.74711418346965, 55.79279699622326
171.64422697150354, 23.96667427629138
145.6065543548492, 194.5394684449562
147.5264963389357, 158.57772072623405
166.8866716696126, 4.275917909634797
111.74629219448158, 39.09899186483932
192.36403321474478, 73.97638793802255
103.93070662579859, 64.80476910219528
149.30471959913694, 95.834883857703
130.67699195468973, 85.09174489964293
125.80872829737795, 150.361376041123
141.6946576473851, 152.88720740960912
122.74401153027186, 88.8437720773313
177.48276848878652, 82.38281589815905
142.1583869451361, 189.78450165250348
135.61522657472113, 92.19066339896554
177.06674843621556, 3.2982696004387746
