160
70.96971502472121, 175.84787865669503
17.96942111809894, 113.04530545878745
11.59604341732284, 135.3402473148518
36.453648840171624, 183.64622500367497
17.258816085809684, 23.966358938425948
93.10206422262723, 66.48280994023538
81.0536515221255, 81.8317838416412
38.14137273850265, 130.3600728229691
49.10410049749332, 67.71314886149295
78.93811882830695, 139.17184237563166
49.50782115923089, 70.37950328222007
70.01605677481281, 144.43979991275052
3.8173228298458657, 164.21729234475606
26.858136826954535, 151.50503004034607
13.74200158644806, 63.66768562500902
67.78432353565965, 156.71444351974384
44.27848567882618, 114.61320687644174
79.76846387970106, 99.97315514730707
33.213420662029435, 128.74696081125705
57.703749223616754, 63.91206716262427
41.2999747895061, 173.0476232820429
80.75503831653853, 110.31756214564116
64.65924869885868, 41.59040485816446
14.611216280040061, 18.79326339658914
83.49117546133267, 116.79407707532796
48.982628821953824, 146.37214443792226
33.0688438309377, 12.187215643312701
64.92383224422454, 19.656786934917307
17.54233716703002, 184.3884631819366
90.8311993982411, 179.2019220174472
35.438015121407, 98.71225544820753
87.34519875011986, 83.56542114608085
91.07773578864919, 176.55460366577086
74.09920740320544, 173.4339710527775
57.08009691654729, 185.85433624147396
21.58282348622881, 103.51007619169157
52.54916533720048, 20.84788863488272
51.225460006396844, 141.0075408866797
50.89502416554856, 93.70547660037313
43.662626757280584, 2.296152215995173
33.87365271591195, 123.25748833487759
61.614284494364114, 112.4600845732241
17.705795624160437, 196.4791682001179
3.723202709289488, 59.86181942218616
2.2467615368646925, 159.56312432948715
87.58747231504168, 113.64335843833307
73.81089490894368, 177.06323938726996
5.849549462877994, 74.89129675097834
78.97801739510072, 120.57273066481409
18.988844037686476, 160.1980784736132
69.17441787717001, 86.29359220947384
55.85945470148103, 174.98023212359692
64.97356889471959, 112.05976726587681
5.599310449303285, 155.9383698658702
32.906550348572665, 104.54448932893098
84.95555283578943, 139.232010148644
32.159226243257244, 130.82975422928496
50.203172444406285, 8.782367819210958
20.118454381277296, 115.02450605657585
25.803080637785335, 169.7064292440423
98.97286368395933, 165.13018398372134
0.44943089745836673, 135.16881755855314
41.552222000910774, 93.74807451660372
79.41062303392164, 188.4464102910926
95.06198124793684, 116.1489606727038
45.88641237912397, 107.5806146269539
85.80095665198647, 170.01090474194217
16.255210290856077, 111.24084350323083
57.60021169566478, 33.76858366855424
85.04418976142797, 98.77183572358271
46.50566393929989, 4.884239441456771
40.59367083508414, 140.80539732856067
13.468213870515271, 162.92603742195752
98.49528150214881, 76.67007118237379
60.03687896503702, 185.60817953754025
73.81327744344313, 82.17748588150053
64.06424424158664, 21.152364675916257
23.25944939134716, 70.63828674943625
74.3528618389294, 95.87476581090894
82.45509928467173, 11.252163460747223
147.44454852760563, 102.38537491729807
182.03057888190105, 113.04530545878745
141.6610971611688, 193.2288238344727
163.54635115982836, 183.64622500367497
127.93450317081191, 3.9200050427080635
157.38012409732727, 29.87800745265008
198.49175579377038, 11.226388515465402
169.63434974147134, 152.35323464189298
127.19400851538181, 118.57024387178046
121.06188117169305, 139.17184237563166
150.4921788407691, 70.37950328222007
177.71179203383582, 110.14210613318932
193.89520069332121, 158.11678846117542
194.6906874542176, 112.79000018925638
186.25799841355195, 63.66768562500902
199.50049581162997, 83.24262168712447
199.55769893732239, 182.27174136610302
181.39341319455656, 66.37159973158795
109.94686984279258, 90.5769224966405
108.78878534298265, 16.653967813972148
148.5275979125729, 150.79759571602355
191.45715536066302, 84.3733798749007
122.21659322509475, 82.6566702549671
144.90466803584718, 87.35868897174635
192.81741733265386, 139.7022887556284
171.33378088568927, 199.78334066015046
151.14008259849945, 30.508510390798026
149.52331395974804, 80.44886915024603
154.96964852828012, 181.1759760165936
141.5428071119189, 196.72278852050667
157.95283660293458, 116.45843642114939
152.17210414185925, 50.61239858020032
143.43978229395015, 133.3135262973566
100.3631887991196, 107.52010559737452
179.68503283268754, 177.06183715461913
152.13225528229515, 166.13437735015236
116.94575573421476, 59.300223352880806
154.65988251825803, 92.4411755506034
165.02308148228417, 94.18666080306197
156.33737324271942, 2.296152215995173
144.68617596088794, 78.41328148287224
182.52125865856377, 139.28580230932474
182.29420437583957, 196.4791682001179
142.584976373407, 88.41645351709128
183.1027300006518, 125.46217650183537
187.55654818936122, 111.39789973906764
157.21279160344906, 184.91169600492213
195.17017555202793, 55.84165310068463
194.4641942856256, 193.02812315561877
199.69817180050424, 156.40232672827725
103.29981865410117, 144.36821468791118
197.23789618269723, 196.66410050943796
183.71992248742652, 107.5480516156991
194.4006895506967, 155.9383698658702
169.49142610136718, 138.51537465432892
136.20924137468245, 95.21975425814763
110.07241335798525, 108.21864260390923
149.79682755559372, 8.782367819210958
142.125737079384, 170.04772774075758
174.19691936221466, 169.7064292440423
175.1099786431823, 107.8596833271573
183.55278702605375, 146.45926537350283
158.44777799908923, 93.74807451660372
120.58937696607836, 188.4464102910926
117.11047071164822, 137.64796315212945
154.11358762087605, 107.5806146269539
182.59174105363093, 175.62463441272183
197.10770930718658, 175.52880071624986
167.43510071327952, 16.81774565663865
137.90259166329957, 153.1530706323684
128.7845255907793, 32.282646789848314
173.1652416836951, 113.42365602395657
166.00518163683023, 153.67762022533833
101.50471849785119, 76.67007118237379
189.63419044526074, 169.05046586904575
183.77016580492312, 118.48843137761556
135.93575575841336, 21.152364675916257
177.6727116178222, 58.0340776501038
198.46188412525092, 38.58276071753204
117.54490071532827, 11.252163460747223
