112
67.43872464458939, 72.08484963263993
29.591543731256653, 76.56189688555173
56.183744712136274, 112.99334110112336
77.10142962597922, 162.24222756582677
96.65680630660329, 87.47853770545065
1.2965811090907886, 11.771999150976974
93.30308106785802, 22.596565862725605
20.514871288444958, 148.5924915977425
59.14689530507824, 78.20511651358626
52.13406243335705, 162.1952968723568
94.74895925088448, 12.456342410396415
21.478658569697416, 90.80040806658643
48.97443679166903, 120.02866837850053
61.08734570712876, 35.321692145292886
93.31853336166509, 72.11969497713821
31.64166852633503, 97.60371735196128
82.21843478615862, 51.8407412501791
74.39611325953905, 13.065154476670028
29.277596254262484, 9.82004155667191
31.64235660202851, 67.16150820310476
40.696192910980265, 178.30478282380074
37.22529315078704, 116.96833372736965
16.075637551869725, 42.8765408282185
73.23883379628931, 18.101185487800198
1.6104561935693762, 44.110694063888815
77.13361967404853, 107.73004839189828
39.9290243773076, 64.24304898495939
71.17369601950118, 122.54879374585512
50.064782498429, 62.82882177137037
9.793679355698437, 30.577309368028406
0.5195975210359638, 172.34812358860304
10.137204647797704, 7.671465192394988
132.5612753554106, 72.08484963263993
170.40845626874335, 76.56189688555173
143.81625528786373, 112.99334110112336
188.4476193277411, 106.51011589709402
120.4426326730024, 54.142322595121016
120.0187809845667, 6.663174813041395
122.89857037402078, 162.24222756582677
122.74123452036294, 38.87448898728976
103.34319369339671, 87.47853770545065
198.7034188909092, 11.771999150976974
110.56230931569928, 89.13004017828783
187.4906681340054, 68.0960380179457
163.85189811418277, 152.55682662141865
106.69691893214198, 22.596565862725605
132.34300129775588, 90.00041365565991
179.48512871155503, 148.5924915977425
140.85310469492177, 78.20511651358626
174.9197386298693, 133.38185320741255
111.17234091925793, 130.19587806959183
112.40004340982061, 145.1334322667033
147.86593756664294, 162.1952968723568
154.54939847935498, 196.02367305088364
105.25104074911552, 12.456342410396415
189.3767955493087, 75.79431882407057
186.8002983829497, 90.22000600966066
178.52134143030258, 90.80040806658643
123.72679548240339, 124.7477005094165
151.02556320833096, 120.02866837850053
195.0684094325372, 173.0494626327659
138.91265429287125, 35.321692145292886
106.68146663833491, 72.11969497713821
129.69276170211833, 169.9285621532176
186.57041485581215, 69.41832526189928
181.4743552586309, 144.0149058409503
168.35833147366498, 97.60371735196128
117.78156521384138, 51.8407412501791
125.60388674046095, 13.065154476670028
170.72240374573752, 9.82004155667191
156.84302213761987, 81.10954204624062
168.3576433979715, 67.16150820310476
159.30380708901973, 178.30478282380074
184.2014537898644, 71.20855172253269
162.77470684921298, 116.96833372736965
127.57064332820242, 16.64298665863917
196.06894347272942, 143.27384419277095
165.77893642744874, 118.61694588215545
103.3487333425572, 110.0400353267444
151.20627535402514, 153.68776570258623
148.96938888471323, 107.29474623994324
197.5940329110752, 59.410253740909205
159.607951538124, 46.93860988549075
176.29742471964798, 196.92068351949587
183.92436244813027, 42.8765408282185
102.71315608624451, 197.53928294975765
126.76116620371069, 18.101185487800198
125.80181709524469, 131.896842108927
117.76805710977511, 115.69161438173083
198.38954380643062, 44.110694063888815
154.89756749642908, 92.72373373909745
122.86638032595147, 107.73004839189828
160.0709756226924, 64.24304898495939
136.5068240874977, 128.6947375436201
161.43637724577573, 87.26593678538663
128.82630398049884, 122.54879374585512
129.86107044728965, 36.08044626255504
128.54277515341522, 172.53832136840833
149.935217501571, 62.82882177137037
106.84910053515955, 41.691247259473975
131.7563043625899, 106.94016144481708
196.23772093969632, 100.45533791032786
190.20632064430157, 30.577309368028406
199.48040247896404, 172.34812358860304
189.86279535220228, 7.671465192394988
129.82018548972647, 71.90924743747236
101.65455904222091, 32.00107344152578
167.9071667746306, 73.62625365046354
105.59060811046089, 131.91128284567534
141.5559701459941, 95.26850581963033
143.7761421763581, 24.550201942727725
103.59681669849304, 156.9584597615812
