160
98.66873698142408, 110.82852078529018
2.613530039844514, 162.85826681174223
95.15215569933866, 48.5698577980382
35.133839507064856, 161.00362774919253
33.440312525359936, 29.424478873061744
23.560313569061986, 187.83038057722683
54.29622805874801, 2.5549143827069187
35.41026629552042, 68.71281843107646
43.15016681302109, 139.2700967009881
13.463617985393617, 183.3532849615365
49.160384716313324, 72.13041848648838
40.07724284064661, 153.02109000266285
33.01271880730043, 3.4245593973455613
59.30959226290724, 188.82194631741456
98.02110664908493, 19.9847275463231
88.2542551149179, 51.97339901937836
5.737502627019808, 134.21522113296015
61.66252171523037, 188.54514601607892
38.18015191469711, 120.98961477226908
96.24905359672462, 50.346980916770875
56.60787783660464, 157.72874904743668
60.65806868061192, 49.331419145657684
24.014509452408916, 43.12195799800629
36.68846142793342, 111.75280737415063
1.97661286712576, 155.6081368921983
1.18234335815679, 45.204685945667734
8.009063010095774, 8.493479003070936
86.59411282181773, 185.11064239785838
91.9506962122123, 192.3404777048234
13.486504601142258, 98.75025706850352
93.8094645012837, 67.50939212032134
53.627403138130404, 118.01290000277885
23.792442191886487, 166.43296348753233
34.904325823106774, 112.1169297453734
40.12269870364935, 180.67233363172107
33.17014112490083, 147.68089891089426
65.13409845033749, 133.67265280591445
74.2154729313936, 24.055416901172833
36.69891377185295, 83.21819745617995
50.32747447632017, 158.9179379076236
47.87313020270668, 13.059334727935944
72.02461865749729, 186.30695314269926
42.75526214350459, 38.23878916732657
88.42985378791599, 28.197876200356163
55.232960855327065, 148.69383453270783
60.74514768216037, 103.00083688144457
46.6688338593565, 28.888012888364713
48.259237956959566, 130.6312823409309
20.08361181966937, 70.29629887186219
79.5398861884637, 87.71053108711935
63.90930069094066, 143.61219935970448
85.85809716449565, 21.96917938087921
25.44297861093764, 168.8083232593658
3.645918989905539, 81.28693108132394
1.1691531953956114, 131.1074491156643
81.69824160057485, 17.045044893445716
14.375210889915168, 103.15005700960351
37.35394139210817, 158.76646950310445
71.02073900081356, 90.81214965829507
61.40429159578431, 134.07605044419836
85.50625529656574, 110.76283822913209
40.238555871069934, 66.13420828383438
95.41169807979476, 65.5887354368476
11.713643089015669, 45.84951865366473
89.61117390015869, 98.57730358197377
38.406968606561755, 117.95772580331997
41.884843396871574, 145.9051421744672
42.2576367321906, 181.1349208800468
49.61312649391634, 164.44808305938713
26.01034837766818, 100.30542431315656
57.92293194846321, 81.4206055154234
34.699813421979584, 57.54232621296116
99.53576622364983, 183.64817818083847
45.366366766419596, 65.61140445700381
0.8979186083341473, 67.9734324643326
88.88360223601202, 72.00062066148764
61.44311418381175, 127.43539972561476
94.19407804713344, 81.38607802661481
4.286974605777905, 184.40630040905472
50.19285795779799, 100.38190313058175
101.33126301857592, 110.82852078529018
197.3864699601555, 162.85826681174223
104.84784430066134, 48.5698577980382
164.86616049293514, 161.00362774919253
166.55968747464007, 29.424478873061744
176.43968643093802, 187.83038057722683
145.703771941252, 2.5549143827069187
164.58973370447958, 68.71281843107646
156.8498331869789, 139.2700967009881
186.53638201460637, 183.3532849615365
150.83961528368667, 72.13041848648838
159.92275715935338, 153.02109000266285
166.98728119269958, 3.4245593973455613
140.69040773709276, 188.82194631741456
101.97889335091507, 19.9847275463231
111.7457448850821, 51.97339901937836
194.2624973729802, 134.21522113296015
138.33747828476965, 188.54514601607892
161.81984808530288, 120.98961477226908
103.75094640327538, 50.346980916770875
143.39212216339536, 157.72874904743668
139.3419313193881, 49.331419145657684
175.9854905475911, 43.12195799800629
163.31153857206658, 111.75280737415063
198.02338713287423, 155.6081368921983
198.8176566418432, 45.204685945667734
191.9909369899042, 8.493479003070936
113.40588717818227, 185.11064239785838
108.0493037877877, 192.3404777048234
186.51349539885774, 98.75025706850352
106.1905354987163, 67.50939212032134
146.3725968618696, 118.01290000277885
176.2075578081135, 166.43296348753233
165.09567417689323, 112.1169297453734
159.87730129635065, 180.67233363172107
166.82985887509918, 147.68089891089426
134.8659015496625, 133.67265280591445
125.7845270686064, 24.055416901172833
163.30108622814706, 83.21819745617995
149.67252552367984, 158.9179379076236
152.12686979729332, 13.059334727935944
127.97538134250271, 186.30695314269926
157.24473785649542, 38.23878916732657
111.57014621208401, 28.197876200356163
144.76703914467294, 148.69383453270783
139.25485231783964, 103.00083688144457
153.3311661406435, 28.888012888364713
151.74076204304043, 130.6312823409309
179.91638818033064, 70.29629887186219
120.4601138115363, 87.71053108711935
136.09069930905935, 143.61219935970448
114.14190283550435, 21.96917938087921
174.55702138906236, 168.8083232593658
196.35408101009446, 81.28693108132394
198.8308468046044, 131.1074491156643
118.30175839942515, 17.045044893445716
185.62478911008483, 103.15005700960351
162.64605860789183, 158.76646950310445
128.97926099918644, 90.81214965829507
138.59570840421569, 134.07605044419836
114.49374470343426, 110.76283822913209
159.76144412893007, 66.13420828383438
104.58830192020524, 65.5887354368476
188.28635691098432, 45.84951865366473
110.38882609984131, 98.57730358197377
161.59303139343825, 117.95772580331997
158.1151566031284, 145.9051421744672
157.7423632678094, 181.1349208800468
150.38687350608365, 164.44808305938713
173.98965162233182, 100.30542431315656
142.0770680515368, 81.4206055154234
165.30018657802043, 57.54232621296116
100.46423377635017, 183.64817818083847
154.6336332335804, 65.61140445700381
199.10208139166585, 67.9734324643326
111.11639776398798, 72.00062066148764
138.55688581618824, 127.43539972561476
105.80592195286656, 81.38607802661481
195.7130253942221, 184.40630040905472
149.807142042202, 100.38190313058175
