240
32.48187545971698, 57.73608613594475
93.4565487514726, 167.03504280389006
11.172000966705966, 70.2306481273368
13.298694860377985, 2.692725639399413
57.70210929476349, 120.76796985258389
29.64411300828246, 120.43581141666975
8.139834399439522, 145.8984032851306
25.769195140738475, 16.650790478684222
98.38881643238727, 169.30501029823648
99.6692619225015, 100.9833571975918
92.81754423707571, 75.35720572136259
64.37277741241442, 48.80980392040043
23.453332810171354, 118.41152117067685
28.53636846020211, 198.46373189881874
2.4262946742628486, 134.12406434083528
83.1036813631164, 38.071864327054065
40.00136474497081, 73.36342979097235
78.48097281386868, 127.11705883086955
65.16402947868612, 175.11925775007143
7.959498099079198, 88.90133257900607
72.25092321490071, 84.20696068177163
93.54305494555202, 120.63239239533642
69.30409086414981, 133.5209637109694
26.026538630154086, 23.581888239913596
30.654067293145534, 130.59615805657887
50.21002278139242, 59.634202052256256
33.591435861216084, 67.70332084880927
22.863101220150718, 43.06927262182127
96.64807228712407, 142.14467183718318
1.3030036058996632, 40.96259564461903
73.4944531790058, 197.85373512853482
44.758427219536024, 66.77846738348315
32.71844872658758, 91.59247418024756
20.014556412593976, 85.2721264748587
93.6661459874224, 15.397159476567747
41.30251254880507, 189.19711917538984
98.18803373232448, 156.7766034021493
54.32269865921234, 115.69942432028289
81.21046609442541, 39.37534916628806
38.70283700847902, 76.4286518413915
24.169774446587216, 45.90242596457614
26.862948080631405, 50.355046720233744
21.418406388829105, 180.24875276631488
31.89689546138527, 56.10220438280812
62.759296530529404, 68.16970929199032
63.2522060978215, 190.5670079365918
78.88143954852501, 97.88417938801585
86.77728728099271, 90.55072073452247
56.66703739906539, 183.96776935757663
35.949616400179, 168.22509600497247
72.237366590664, 6.684448686973392
75.67635569629076, 123.2717274932705
93.78107541163098, 176.8978353827339
91.60779374913223, 40.43057348020856
3.693991376599037, 161.9496107357276
9.740284493676192, 28.72938265738415
14.538561577982616, 119.31272914244909
31.949710639853436, 86.46144393336527
13.542963744503972, 93.95186308874018
15.802819482172687, 39.16579396794165
30.399204364489336, 183.91537975489751
50.498484316474205, 179.18900269327477
82.38944652564295, 101.89616158419248
94.66585177333633, 111.61750877090853
49.294970076913735, 190.68319798570727
62.57088836123056, 155.43000328325198
68.76942387148839, 119.63224501210793
40.20545097505122, 32.95412374197049
94.6076776446412, 69.80714013422696
59.891831078443424, 99.34137208458314
48.93669690857557, 33.72508046914119
71.36325418423736, 157.19932544941156
18.434531591067532, 122.09826246085984
25.400665260031303, 181.2747788990594
13.7807825191585, 65.04951416130358
91.31866726022922, 26.470066692337852
87.64994130080322, 137.81281250790758
88.53770675476324, 14.084465494196856
82.75051754006076, 198.58502408303053
30.671529767391426, 61.033740327656815
77.31625675163072, 44.310425238122654
82.31128669967595, 81.87790268190496
90.64567700182286, 92.90312493063662
52.68756611437095, 13.693402326042282
60.86215597984833, 182.84713441075385
4.809325428331501, 107.48342026641996
44.219444252146985, 14.2719721772544
93.90630745465224, 82.62434366208736
85.12853960414482, 191.4047385590268
40.02443943660582, 128.89766544923282
77.05525903609761, 189.1029469548372
92.09626222444689, 63.69689616501688
11.989561771553692, 179.80811454127192
58.115141893504074, 82.10074187247794
90.15207666388686, 157.06293895413373
32.33221172836211, 132.84618842595256
77.68041191497869, 64.35853270489037
18.3395133845354, 81.47314876954994
61.318445987019466, 163.66575880028978
29.372315888094235, 41.89571106949559
50.04817644144824, 67.44813887175829
64.86965032502812, 32.08453311465864
11.32737980304448, 152.26532064426078
63.74466628428507, 116.0472908146339
28.502501042758123, 168.05924383211374
28.77354701172179, 103.70277412337501
48.43008331397412, 156.75506461310164
48.15792556766745, 108.36023505267602
32.42703875345252, 128.60939606710647
7.614107495551181, 23.869575667247233
15.345912433087072, 173.49185253653033
80.10959517068295, 118.23819362773457
39.10392579123172, 15.714693039924388
31.63759912344245, 43.19904405274073
36.85627823073101, 71.73923446051069
4.85661834643516, 147.642335232903
47.16330215165907, 39.36226356507853
96.67265658326698, 10.97846030544991
96.00840040452124, 196.49204604047296
92.36963533885779, 129.35553352734024
74.49899629612194, 112.84087854950843
72.16009663241786, 11.059419782452974
36.88056355663788, 174.89671870925662
7.814080109923971, 195.47641620781425
9.793839283481542, 137.6368472895927
27.134772444560983, 17.5897134400268
73.09746275885881, 159.5544999948809
60.04220040298546, 135.21559524502217
5.016520646336453, 104.93276565502707
44.08751666352504, 73.37482648700171
55.25545338083702, 187.0213510154799
43.15311053381482, 185.24683724192195
50.83333309006364, 93.80648242192848
57.635662347715076, 62.148455273229516
11.810078584244932, 168.9330980486365
41.52070138434289, 72.58985470101895
35.476671231491665, 135.52043670573565
35.15820246506078, 58.037613396878875
13.932511955896388, 143.01193376895372
36.61576874148778, 21.881649427011407
65.82769009846936, 144.76965179032567
80.25385872816203, 69.08433823375975
58.803674471715404, 117.47790956202888
15.789258284675356, 145.46871066679628
90.78341347564893, 86.48157453654674
48.398162428733215, 129.13599317207877
35.737209165144776, 162.47013681746657
81.22001158450797, 48.386916115540004
90.67706505919216, 107.33216385896196
82.80727243725478, 23.858492681630917
33.20192131529788, 109.78921027139602
93.34472877383897, 7.690361603605456
89.5689577905598, 64.73211610360268
71.95668783623336, 137.41160656414866
44.477966821356674, 96.02411093753422
5.83262465667107, 179.40598911200786
93.51795951596047, 178.9285599827873
34.82703549656807, 166.50404812420564
73.18922288629068, 71.22823886688865
32.82580527552739, 64.31813931710309
192.51807136159516, 55.41101116599088
180.8852215683695, 107.01716387640032
117.16274063508759, 123.319522474985
185.28818876199873, 76.91265467862169
123.19017189284386, 142.344617062475
110.26950400694558, 179.2715867662444
175.88187656341677, 196.41988040296786
185.75257408964393, 18.682592609095174
157.94045393986502, 145.35421029868343
176.95272827863934, 137.1789402881285
148.18123544848797, 18.660295547004946
103.68452274718842, 14.060850765044353
144.81225492761067, 177.0038152949067
186.22428291824028, 178.30179280912645
120.01208009413708, 69.56931201447615
134.01956893292618, 79.33453526067868
187.05595543989799, 120.63814302539978
191.21482995847444, 70.91934019593631
177.76592811355408, 115.37598599303355
156.99143754767454, 15.558792307757896
120.47267612725821, 11.987088275389413
114.31260755927606, 142.34258145404254
132.75799567717746, 166.36020847538984
195.94472352242707, 92.94232136876239
183.86302610573543, 168.86747824748505
195.77872294826963, 21.10715529545908
182.27841528319783, 143.4254981809498
151.15167159704765, 12.428676332856114
170.6024015057735, 74.11191472046671
185.7227544325996, 70.24256889017222
156.64947023006027, 138.959047478051
140.91474436748584, 105.86407324904661
114.50258949471224, 122.3984012609425
131.4625012273616, 116.73159025587263
159.50850482523524, 5.948533968017666
141.31194230465397, 166.69963830349664
143.20976808857296, 100.92714635260079
141.818547703005, 45.62592010347559
176.72303553006486, 110.01334771322261
164.07078403721079, 74.29956535280633
186.34109178726882, 79.74258615732145
193.3706596328318, 21.53642907548057
148.1528628664612, 156.9067684728895
101.57798321431183, 13.331308653785223
154.63948919858387, 145.1700770429362
168.6137639787169, 160.09066412451946
112.74071593760162, 101.28661576910652
153.66041081382812, 73.73353488932162
159.29024590056179, 182.7819571289842
109.80636208392805, 116.56024450241762
177.195079710107, 11.138226079913105
187.8834354254032, 123.4816543300208
137.03431855745356, 157.7751836957998
101.60506065555599, 44.00678141243623
181.91828263301704, 198.4621648324325
159.75193398433464, 76.60791024908211
176.59944244807357, 140.2472441586952
123.06216612022706, 111.21563928153945
193.4192141377036, 149.83648648370988
147.49949429437214, 48.05606037452901
103.19146134244754, 143.34319312707802
184.3556468787662, 133.8649688950018
123.58196598415815, 153.00223291769234
135.86030308059563, 77.97586690891498
163.32970176850125, 138.4827951279437
125.43799370843372, 127.50384483176597
179.82000074999215, 151.55671070912658
175.17274456274114, 20.55857253469755
176.57238297239223, 83.04018237021538
182.97593442448084, 77.38791831899483
182.3849927045676, 12.319890306075209
114.34640072438721, 127.46158966348709
141.81913652088303, 121.51364156107687
127.50609600406952, 159.21823953884922
165.5788726897769, 15.055263601719115
115.94544193225968, 96.35539672116644
155.80224260618903, 180.54907928136274
184.06649794370375, 8.35050580892409
105.41722037891171, 123.50130004270703
179.0013284568233, 21.83669678156772
