208
29.47962238196014, 95.67236447512887
4.6513578009502545, 174.79603165162519
43.10456159566362, 58.91515375892264
32.63186319303113, 146.7390918212672
28.598351325166263, 136.95298753422537
7.226522080162223, 113.91277908568362
27.26340505791859, 162.4373540104443
39.809387783453346, 192.15934604703543
86.22299069628066, 37.85083905030899
82.51026153810389, 105.51290292838846
98.94160793413768, 3.930613125089895
62.301819780368575, 180.2044675949641
35.11626735509018, 146.3139969624251
17.763214443107707, 141.21100385910984
84.517501000583, 197.1502192734184
15.03406991364118, 26.780875161952178
61.432171730425736, 177.98477653888966
19.824799643217574, 78.98414973268129
25.901074798982915, 88.47248130653324
82.5222700094204, 94.67006893978191
41.17051159577765, 142.03576461411478
94.25765921555038, 35.85147679615315
92.05539119066565, 128.52473219023548
21.729630901774296, 59.35663922132869
10.996338712003578, 184.24054216953775
10.809194307912854, 89.49659246520909
18.43957965509818, 137.15362909670677
52.88494847873078, 68.6292069632076
68.8464730701088, 187.72798823748667
4.612476555181587, 128.33575145062446
74.50717668448644, 54.100098217999104
81.75881533700002, 113.65374937673447
40.19836228618455, 132.23881716384574
20.762679241494, 18.769924232177658
8.867736843070034, 8.885013673217337
63.379681430475856, 39.70072434359611
96.57502546646477, 132.30170718369172
19.68114957833844, 132.75517932497425
28.227782852712693, 71.93182961793647
49.175730178932895, 22.284874754492478
54.346874918821875, 0.39586313577737453
37.78507500070736, 72.1466658464505
80.21113711849091, 151.5497488614825
42.90850274965169, 137.64594116059186
60.55390452989597, 130.16445500766244
93.00124601548788, 119.32462496231709
98.24073089432007, 52.8140212713053
89.51278889870011, 124.52602990330408
97.04676258027239, 122.28036393320355
27.559396175426215, 14.335881879797064
49.648758153382985, 167.05776940807803
45.01277951186808, 68.50085776064422
85.45606363620149, 183.13402135735828
72.00050427119652, 141.3558772596091
8.06723180606993, 56.48353406831394
61.425637421386924, 28.562041734155862
76.56814083900827, 132.530564471694
62.19444595338138, 170.05385560638112
73.96632929729596, 173.00693644122634
85.85408236542912, 89.01757248027022
62.74550323012006, 98.70889319184799
52.03413015807626, 104.12374895263385
67.17386425287549, 22.075622493785822
38.9145842221896, 3.587754174136734
52.03854202028797, 102.34048238747255
36.62485697839739, 198.47449224776202
49.37658105887033, 187.89700116155592
67.16780124926049, 52.98958844889145
16.57705356917846, 111.68504934581433
62.27255067308517, 93.78495444801594
90.64701062004163, 143.94371736176205
1.0674126987029702, 95.6196430212369
5.665657161835691, 6.7602837490901235
92.35022685970776, 23.134785944039436
30.173163056369667, 126.96700484496574
60.06353240380969, 95.91029606514698
86.78001356622931, 127.31025177797737
47.648143173789094, 54.29136859542552
72.15717298725146, 93.03969776087897
20.065544040098146, 190.85841231665313
39.1165430052019, 58.282839980091424
82.55254071617028, 186.27283343165868
35.44798761607246, 39.44099585274363
67.67528767003226, 86.66400090600091
65.4905005381581, 149.28223318694006
66.70768453077933, 160.80511916311664
14.081119842691658, 40.43485684293893
78.70130048002876, 128.63091341086056
27.90538743918649, 188.99059697746895
80.07544698369541, 69.7115578144804
51.04288118160131, 72.02899245366692
80.23801223165114, 193.4241822894447
65.68118798153377, 49.739175495046226
22.602859471875757, 199.7335654077477
84.07921295247095, 117.4148436369379
61.36462618162959, 136.6260688721675
23.254078047662276, 164.47865459119896
87.57205854505098, 2.638498182489757
58.51052947005718, 197.74882677464748
90.4867204041367, 134.7614686088066
67.46380280615124, 58.89030779939988
54.43413639494413, 91.16284260868417
84.9234739086016, 137.43469496900204
95.61335202524309, 92.54994992140415
84.04603396746036, 13.574054341929042
11.15886704021596, 187.01778558558215
45.86287589030851, 134.6799591743506
81.63665627342743, 29.52825572090747
93.45847299422682, 155.43444449421708
28.410044941106484, 4.455861154283247
93.68950304558457, 175.3822131713792
12.862996895447187, 16.699450441028297
92.22289621231484, 184.46373560079365
81.18224449256856, 174.17793848457748
54.2728779550497, 165.6098378074368
81.93289126705268, 151.6161114584792
95.81999468320052, 9.712967448482468
3.689363180565497, 197.10867543526874
28.775992044049126, 51.85917741056303
58.42197955122005, 19.35375609403134
59.704737749570704, 50.499670720095466
71.51545031103575, 157.4234422599186
36.60175430443141, 188.10533124255
17.086375654648368, 120.56159691817436
2.3618390714901016, 56.103824974896014
3.529989547231527, 149.37274576751366
38.70404551416725, 182.24683373174045
63.662966694234115, 187.438737489088
193.39436947602806, 106.90784475376047
173.48185676542911, 134.1990052145692
149.57854480309962, 62.37653773634888
167.36813680696886, 146.7390918212672
100.44046979356919, 114.37928383550715
192.77347791983777, 113.91277908568362
105.92627711974929, 186.71886031157848
160.19061221654664, 192.15934604703543
113.77700930371934, 37.85083905030899
178.2427500938974, 116.23593533827612
164.63449672338288, 2.632812872311252
155.44096188346523, 170.25429960538457
165.63081622576794, 89.49639655324289
170.6456924958713, 108.43970208697533
106.05100813805174, 139.2973977987208
184.9659300863588, 26.780875161952178
130.87578886423609, 110.89572707470914
142.2322033882886, 122.49780158311611
174.0989252010171, 88.47248130653324
117.4777299905796, 94.67006893978191
180.05736929050693, 70.54126612948217
105.74234078444962, 35.85147679615315
107.94460880933435, 128.52473219023548
194.048390404637, 42.16280842119511
131.02799967883936, 135.25584925512666
145.7315298421897, 43.05467194167938
193.45806075959578, 160.06758311854253
147.1150515212692, 68.6292069632076
114.1913337529211, 163.81000772565665
123.67190376127773, 91.06756132644043
125.49282331551356, 54.100098217999104
149.08356608146738, 84.11838857496927
112.31911548783022, 61.11383901925953
106.2318790661792, 49.607059504225504
126.66050830754563, 5.971955743322277
136.62031856952416, 39.70072434359611
118.73593543252467, 175.4261714198625
180.31885042166155, 132.75517932497425
120.7801489201559, 14.07335521683084
156.51820994310285, 89.3937627791242
145.65312508117813, 0.39586313577737453
149.6424461667227, 0.6371879782510081
119.78886288150909, 151.5497488614825
157.0914972503483, 137.64594116059186
139.446095470104, 130.16445500766244
179.1396402865207, 145.08908076259107
101.75926910567993, 52.8140212713053
137.94805876334422, 158.36062399781358
110.3115067192765, 177.78083281656393
106.32827162973493, 58.681094242577636
150.35124184661703, 167.05776940807803
131.08945577432928, 116.44302303809138
192.63596242586308, 147.85312903909863
127.99949572880348, 141.3558772596091
191.93276819393006, 56.48353406831394
138.5743625786131, 28.562041734155862
122.1036997702531, 161.07521850463507
137.80555404661862, 170.05385560638112
134.85934640301156, 168.09182969369238
111.35295896603627, 29.974413434848056
116.10911144381481, 91.37987732653399
144.6792871364897, 135.241458000094
136.77199869271772, 59.8370094533158
162.90365127790238, 77.56124522988792
147.96145797971204, 102.34048238747255
110.56712258602008, 140.82165749169926
187.24000762651048, 195.57122814724198
198.04242093165473, 128.71814085081664
148.97363464072868, 150.94460165917658
137.72744932691484, 93.78495444801594
109.35298937995837, 143.94371736176205
173.5941766860863, 114.94786186423414
194.3343428381643, 6.7602837490901235
107.64977314029224, 23.134785944039436
169.82683694363033, 126.96700484496574
191.4459188308375, 60.204815940964515
113.21998643377069, 127.31025177797737
152.3518568262109, 54.29136859542552
127.84282701274854, 93.03969776087897
111.96055975997245, 138.91063099419003
