208
62.34279646167332, 31.79827605359955
4.083073304751883, 142.7085860300668
81.79246856962163, 79.4977718543337
22.96330855407903, 7.36841373969479
72.13404785217912, 4.8282525663962295
12.125295117498213, 165.07368025150996
43.868897874243174, 185.5095723012057
76.48093195436664, 101.4602616209328
5.715509428632737, 99.9975922433089
96.81289807723958, 163.47319902831345
44.91122128558776, 139.94886176124015
9.530800715321774, 179.0873601093792
40.893388147737674, 128.38020301791136
76.41469849069975, 124.53842896397909
94.80158114664796, 136.6139855228232
78.89277222286617, 53.70294230141561
23.373136161764997, 115.56142382376424
94.55260174822727, 45.51313850304772
26.661118510195102, 13.234788606064374
26.011111476273975, 45.926431013889555
51.16659782544421, 23.655651265700506
34.76431760498576, 0.07349650371613059
10.727155356136542, 13.470710892516436
46.51699391835463, 7.4550326056675775
64.24241753437371, 124.75183676484724
68.24316187699137, 49.75919034727041
23.465025858501832, 45.55061916073571
32.4135448153784, 6.100531581679536
46.95490052681254, 184.40285860974745
59.33237834758794, 184.6207859976482
23.802708065144373, 90.72067618752477
38.169873249400496, 141.36143059991636
66.93997709349271, 169.36575859362856
48.305128200728944, 107.1087410086774
99.39871789821963, 130.04814653880527
98.3306864435618, 59.66541423218348
74.4515828812201, 41.66462861666267
33.03763320040143, 168.48655866987642
52.61185704766855, 3.6797591522375273
12.314464244165102, 155.55551682195187
41.349401121231956, 119.56556426868248
79.62576526272726, 141.16889675348557
8.097046788770701, 142.10648897794195
40.180542772105554, 69.11704473985108
31.263714028333123, 192.98119111215732
12.27021422495459, 195.3051269153157
59.39391706100467, 71.48918688383755
69.1338950903962, 125.76811702180896
55.3552263006226, 197.44856832535913
12.429849369566659, 127.13760254805189
32.37006222761833, 59.78998020312088
36.60056237026454, 24.624697608840982
14.155886353812186, 32.34474781862209
70.50943434964229, 141.69017019631912
83.201028798045, 5.5088685018078065
15.419569380941489, 171.2908784625081
2.930807400365454, 94.4736584241669
1.7211774300807448, 154.7902477098028
35.25676899630598, 119.24870571379441
12.680067473754896, 191.70621767829556
69.20140550204475, 197.90531228905039
58.20299344101002, 156.0254730159966
28.98680846504916, 0.6153540326102158
41.95049356433399, 143.40369696013977
20.596072686789658, 79.09776336148948
71.31693895727236, 134.85937170663698
37.927428685960216, 185.37321999980904
7.336894925489402, 37.63020526169534
6.446642993507101, 93.48332105821167
47.405850674178176, 87.64457824514136
36.06133735657249, 71.538867030315
27.44245377458171, 109.19294228320548
4.216646712296668, 162.56368460266944
14.66273662403702, 22.188082858203153
63.22533892268423, 65.57254384746906
67.45713060211258, 135.91471285661845
91.63809140954385, 115.5794447929696
29.343981124144925, 175.34721537506596
32.132626949693396, 177.20909728975957
24.85052439454375, 44.67877580188804
45.8175135413092, 50.932631717437516
95.57765772888415, 90.59374252535383
60.134806327441126, 8.978155968827672
99.66968869928898, 50.015004123202125
85.24240713801208, 50.80942971711029
94.6056106761957, 72.82514827592468
82.85733465196557, 166.73704688637756
30.50744107880552, 199.99636012608713
74.44147104310333, 54.84633234155098
18.561024625850497, 183.96224080620732
11.414533057231358, 93.50157195269774
44.90452881577001, 127.17800954255796
94.19279819757914, 186.63810775269118
87.2339596668878, 144.26502709199582
90.20647288951938, 69.44289318900611
29.858135439579, 3.896762783332064
0.07161838327589543, 4.890269365914102
81.17584280477104, 89.35690565933933
15.888752657140536, 105.05298948223344
18.190029462679924, 49.79067708759515
9.806261427342111, 0.19064192145983316
66.97125645283464, 70.7025689300016
73.24591893281348, 180.19827877671955
42.77189044125148, 63.01624777706556
65.77323445261707, 198.65712998105704
50.40276719226727, 37.51240240026799
56.39761835636161, 166.951687536063
20.830932485609065, 36.73356093792079
78.94486790786411, 136.0606366809058
21.73501825694014, 125.19880089568605
51.96440875712901, 56.659075035359805
51.01697987877522, 65.58162311733284
76.1609996125854, 133.10848887084333
98.94753049836137, 156.0479284610458
21.4562933987154, 39.54280980073841
26.353483826142465, 169.02362609523797
64.75120144594737, 164.11702453229464
38.19852458684788, 78.63747430487334
29.00813350366166, 67.68081376973976
28.50275848930407, 144.32406145748226
28.30739229900725, 128.73644819399627
5.9624241691558115, 40.75495721224476
97.67486460013586, 46.046419595839104
10.366951177949534, 118.882830313589
23.452109117276432, 118.6351357174245
2.537220014758812, 125.64516131347328
17.38025260077034, 21.886839681270832
21.863095259541076, 51.406433266285156
137.65720353832668, 31.79827605359955
195.91692669524812, 142.7085860300668
118.20753143037837, 79.4977718543337
177.03669144592098, 7.36841373969479
127.86595214782088, 4.8282525663962295
187.8747048825018, 165.07368025150996
156.13110212575683, 185.5095723012057
123.51906804563336, 101.4602616209328
194.28449057136726, 99.9975922433089
103.18710192276042, 163.47319902831345
155.08877871441223, 139.94886176124015
190.4691992846782, 179.0873601093792
159.10661185226232, 128.38020301791136
123.58530150930025, 124.53842896397909
105.19841885335204, 136.6139855228232
121.10722777713383, 53.70294230141561
176.626863838235, 115.56142382376424
105.44739825177273, 45.51313850304772
173.3388814898049, 13.234788606064374
173.98888852372602, 45.926431013889555
148.8334021745558, 23.655651265700506
165.23568239501424, 0.07349650371613059
189.27284464386346, 13.470710892516436
153.48300608164539, 7.4550326056675775
135.75758246562629, 124.75183676484724
131.75683812300863, 49.75919034727041
176.53497414149817, 45.55061916073571
167.5864551846216, 6.100531581679536
153.04509947318746, 184.40285860974745
140.66762165241207, 184.6207859976482
176.19729193485563, 90.72067618752477
161.8301267505995, 141.36143059991636
133.0600229065073, 169.36575859362856
151.69487179927106, 107.1087410086774
100.60128210178037, 130.04814653880527
101.6693135564382, 59.66541423218348
125.5484171187799, 41.66462861666267
166.96236679959856, 168.48655866987642
147.38814295233146, 3.6797591522375273
187.6855357558349, 155.55551682195187
158.65059887876805, 119.56556426868248
120.37423473727274, 141.16889675348557
191.9029532112293, 142.10648897794195
159.81945722789445, 69.11704473985108
168.7362859716669, 192.98119111215732
187.7297857750454, 195.3051269153157
140.6060829389953, 71.48918688383755
130.8661049096038, 125.76811702180896
144.6447736993774, 197.44856832535913
187.57015063043335, 127.13760254805189
167.62993777238168, 59.78998020312088
163.39943762973547, 24.624697608840982
185.84411364618782, 32.34474781862209
129.49056565035772, 141.69017019631912
116.798971201955, 5.5088685018078065
184.58043061905852, 171.2908784625081
197.06919259963453, 94.4736584241669
198.27882256991924, 154.7902477098028
164.743231003694, 119.24870571379441
187.3199325262451, 191.70621767829556
130.79859449795526, 197.90531228905039
141.79700655898998, 156.0254730159966
171.01319153495083, 0.6153540326102158
158.04950643566602, 143.40369696013977
179.40392731321035, 79.09776336148948
128.68306104272764, 134.85937170663698
162.07257131403978, 185.37321999980904
192.6631050745106, 37.63020526169534
193.5533570064929, 93.48332105821167
152.59414932582183, 87.64457824514136
163.9386626434275, 71.538867030315
172.5575462254183, 109.19294228320548
195.78335328770333, 162.56368460266944
185.33726337596298, 22.188082858203153
136.77466107731578, 65.57254384746906
132.54286939788742, 135.91471285661845
108.36190859045615, 115.5794447929696
170.65601887585507, 175.34721537506596
167.8673730503066, 177.20909728975957
175.14947560545625, 44.67877580188804
