144
41.66445267424762, 166.09642254704858
27.967085468623544, 143.78729414105317
3.5247037054910835, 198.4775166416021
28.372716036586787, 92.90305656449705
11.921235196469194, 15.734771491997268
17.181887616786994, 175.05452172898774
68.29534689039514, 158.95439191200583
42.7445956637964, 41.7691581401739
25.450917422368203, 7.141653918488977
17.028408768730973, 10.70151655545175
67.3003771839242, 26.424843621435777
85.28417257367035, 82.95478237065656
30.630114820219802, 41.60530217019891
32.884101346052596, 30.465814630641642
97.04936721890455, 78.83240806940854
19.33284742944036, 123.4932939869422
79.200163591801, 97.52734873969679
27.6542962560135, 23.995377575104126
4.909483946400139, 50.11258383770465
94.97250305511749, 57.30556783298339
44.09669986943283, 193.67913862617806
49.602325309147375, 177.0990784520081
62.13390960598776, 182.67824469153896
23.16118372583331, 104.17452378781167
34.4335439371124, 160.7601275799541
63.19652746734163, 3.0484120051170516
84.4010364246433, 10.630929897869624
86.36892414811884, 118.13808724315926
30.6941128261801, 78.44594362980027
27.99837100962489, 77.51115511269835
70.42933157094542, 170.5698689122389
92.25951056299536, 52.332227020708565
81.29521610470707, 137.79128554731983
92.23015663997916, 97.39362590924878
19.198985172783644, 18.632131483539883
29.270356282499844, 70.58301335293721
3.922008888329287, 174.9639717158012
68.55605716446723, 183.81018952615784
37.21773597362087, 65.59373028571724
44.23267163503508, 190.60058217353847
85.13032612307467, 141.3831038707416
40.404975563301825, 16.38352627888995
97.42793095002884, 179.342118248168
70.70385374973849, 121.61876762325446
95.77142106892809, 188.80738567274668
63.87849124883864, 37.607184532872665
42.88643129933437, 197.98008621796524
14.230337187866581, 178.86576605918162
9.100064141514508, 89.47142844962958
14.837869882474608, 168.45960823308232
70.98102886489626, 113.9594515398654
92.3806350505489, 148.21346139399034
70.6175357342599, 18.061007280292497
68.78323029177234, 37.6744064880997
54.79261356723294, 144.1821287508092
46.05886310254916, 111.94372654383113
56.302222221107016, 88.31096924189201
54.1985354445473, 142.574930521383
18.937287217884425, 154.99571780199224
60.31206978415455, 4.907346432252457
77.56717409441508, 2.2536020819960534
73.10279925265608, 92.10816258801289
12.370608162943942, 127.56605483328374
61.3654630659491, 173.91755577530455
158.33554732575237, 166.09642254704858
172.03291453137646, 143.78729414105317
196.47529629450892, 198.4775166416021
171.62728396341322, 92.90305656449705
188.07876480353082, 15.734771491997268
165.0042652330358, 150.7917333701527
182.81811238321302, 175.05452172898774
119.77430869114201, 69.50054977243066
173.1234650287341, 125.0830215124003
131.70465310960486, 158.95439191200583
157.25540433620358, 41.7691581401739
174.5490825776318, 7.141653918488977
182.97159123126903, 10.70151655545175
132.69962281607582, 26.424843621435777
114.71582742632965, 82.95478237065656
169.3698851797802, 41.60530217019891
105.7487423291859, 13.391822229305838
167.1158986539474, 30.465814630641642
137.9618212011143, 109.80217409243356
180.23214005056377, 53.196704877640634
157.52899304735644, 155.43369577140888
102.95063278109545, 78.83240806940854
180.66715257055964, 123.4932939869422
120.799836408199, 97.52734873969679
172.3457037439865, 23.995377575104126
100.15670098571749, 49.314272548105606
195.09051605359986, 50.11258383770465
105.02749694488251, 57.30556783298339
155.90330013056717, 193.67913862617806
106.27185869816513, 175.1942342144301
150.39767469085263, 177.0990784520081
137.86609039401225, 182.67824469153896
176.83881627416667, 104.17452378781167
165.5664560628876, 160.7601275799541
136.80347253265836, 3.0484120051170516
115.5989635753567, 10.630929897869624
113.63107585188116, 118.13808724315926
144.67695848227794, 187.6336487785618
169.3058871738199, 78.44594362980027
172.0016289903751, 77.51115511269835
129.5706684290546, 170.5698689122389
107.74048943700464, 52.332227020708565
118.70478389529293, 137.79128554731983
193.64118621542025, 27.534025471806988
107.76984336002084, 97.39362590924878
180.80101482721636, 18.632131483539883
170.72964371750015, 70.58301335293721
196.0779911116707, 174.9639717158012
131.44394283553277, 183.81018952615784
162.78226402637912, 65.59373028571724
155.76732836496492, 190.60058217353847
100.73234059857077, 125.43275461281296
114.86967387692533, 141.3831038707416
159.59502443669817, 16.38352627888995
102.57206904997116, 179.342118248168
129.29614625026153, 121.61876762325446
104.22857893107191, 188.80738567274668
136.12150875116134, 37.607184532872665
157.11356870066564, 197.98008621796524
185.76966281213342, 178.86576605918162
128.36687929609337, 102.5840206730561
190.8999358584855, 89.47142844962958
185.16213011752538, 168.45960823308232
157.12442963999496, 71.49389470844784
129.01897113510375, 113.9594515398654
171.54608455275618, 184.04494532396726
107.6193649494511, 148.21346139399034
129.3824642657401, 18.061007280292497
131.21676970822767, 37.6744064880997
149.24062640416946, 111.54916116607447
145.20738643276707, 144.1821287508092
153.94113689745083, 111.94372654383113
143.697777778893, 88.31096924189201
145.8014645554527, 142.574930521383
181.06271278211557, 154.99571780199224
139.68793021584545, 4.907346432252457
122.43282590558492, 2.2536020819960534
126.89720074734392, 92.10816258801289
187.62939183705606, 127.56605483328374
138.6345369340509, 173.91755577530455
