112
94.22036132240466, 169.14294613208466
89.64480077130888, 18.55516421114489
33.07550116686693, 50.544469184360175
94.71034043259135, 27.411752038811233
4.541302101932388, 9.675677950677386
7.788776192652391, 56.69696619764692
40.96517985947416, 80.12241348173359
93.48702530472983, 149.61429678482497
66.52348863632753, 134.9425921947408
7.884295201820201, 36.264393767504586
56.136701162856774, 4.213664020919383
58.6891512612502, 194.96880678607667
80.33545340887235, 191.7808551345362
35.89785821804761, 40.472927241400946
64.17053501224356, 108.10148566681355
70.94460880204973, 188.4065407368007
36.35391700990672, 113.27287541251832
62.75011201111561, 23.844080049708282
74.35171481321501, 63.034157535889435
50.24719679014845, 16.607544514695107
50.99473220430687, 84.72169741961142
81.09176639579984, 143.25804459417904
53.12900649783367, 19.393480472841173
73.94979061324592, 1.0950736486744495
56.733503747832195, 63.76301454817879
72.62054448345661, 60.49920434682707
42.8628979299576, 185.89246346885758
70.80150961381516, 102.3185340854005
57.77839242512693, 0.8918396086604385
95.83332243503196, 156.45468359162493
98.91206692987298, 148.41626645024024
1.4658226858553003, 173.5430131546503
129.8416109539183, 129.6049307374353
157.03138364586675, 102.60139473234062
126.50864939254821, 132.67706207185276
105.77963867759534, 169.14294613208466
102.74824881681877, 1.4049272261871026
110.35519922869112, 18.55516421114489
166.92449883313307, 50.544469184360175
105.28965956740865, 27.411752038811233
195.4586978980676, 9.675677950677386
115.67065104610896, 69.50018282928185
102.32344645082439, 193.4794313794389
160.41647712603344, 24.11417564536553
151.1338975900805, 116.69899883324064
192.2112238073476, 56.69696619764692
159.03482014052582, 80.12241348173359
113.27026730255368, 137.41688329159112
119.0228410413098, 40.571959989929816
131.33610411256555, 155.72631818437443
132.59748626148289, 104.29153408622558
187.652088008802, 63.63746700075286
106.51297469527017, 149.61429678482497
179.1685341079159, 58.355579177865295
113.51349981172753, 59.80455048976483
127.16078018906695, 89.61857770877073
188.42030116712004, 123.55010156614716
106.76675864049776, 48.50710531088993
133.47651136367247, 134.9425921947408
159.79362215506035, 84.69553806730872
192.1157047981798, 36.264393767504586
195.58966544961078, 85.81884716995975
143.86329883714322, 4.213664020919383
141.3108487387498, 194.96880678607667
193.86864233426795, 86.43236945644335
106.97202309730662, 7.037600329209681
130.1422335550062, 81.40745028187828
185.43824543008995, 166.68668764680962
155.51704265001055, 197.16799329667148
109.43112095717828, 150.81096284222716
119.66454659112765, 191.7808551345362
164.10214178195238, 40.472927241400946
123.54657534948979, 177.03190057953955
166.35025540667618, 85.67077950609865
146.76218358400246, 110.12761470109622
103.19967994278286, 65.42831536822085
135.82946498775644, 108.10148566681355
154.6394116422756, 162.76666105577456
122.79923751062861, 58.77255399116012
158.0587917408709, 173.6835821028481
129.05539119795026, 188.4065407368007
110.57091966831078, 11.846899751905804
132.189372471549, 158.46959021224413
108.40693140866401, 166.52908913065374
178.98229929541571, 65.4689357087392
124.66509360063392, 39.21741008483524
163.64608299009328, 113.27287541251832
137.24988798888438, 23.844080049708282
173.949001424679, 44.56768729491216
125.64828518678499, 63.034157535889435
149.75280320985155, 16.607544514695107
149.00526779569313, 84.72169741961142
118.90823360420016, 143.25804459417904
146.87099350216633, 19.393480472841173
126.05020938675408, 1.0950736486744495
143.2664962521678, 63.76301454817879
119.36984257201817, 177.32095678489742
141.44698413701286, 58.356400506141306
107.66734177935778, 157.20143731159112
153.74661568831004, 97.98386671690761
127.37945551654339, 60.49920434682707
157.1371020700424, 185.89246346885758
133.3065642473837, 140.90608279639744
109.75835605556674, 146.59409347585142
129.19849038618486, 102.3185340854005
161.51030432827986, 5.484223097346663
142.22160757487308, 0.8918396086604385
104.16667756496804, 156.45468359162493
101.08793307012702, 148.41626645024024
112.52093013916708, 139.8723937292431
171.7768812981306, 118.96471398311775
198.5341773141447, 173.5430131546503
