176
66.56354335737937, 107.46339970038133
11.976634576488188, 134.45748346845235
79.6461258636422, 158.72516951297956
44.894451364760066, 61.19353570671582
42.34946427570324, 142.75817129371157
64.68005086947201, 171.59889541733628
39.66468824034603, 184.3073804074176
30.920220368982086, 101.46511303042712
36.10117233851725, 58.191552276991196
63.083435814283376, 58.78561143224243
78.86118155815126, 144.3195535980636
58.16203419547843, 72.22873666402145
86.67479423311298, 82.03729970146784
39.60639481925889, 7.959278020416136
86.16529800486258, 112.55157129190127
47.6225658257447, 137.7854367008542
65.91377754003878, 69.74813733961874
98.23162463174398, 134.6418168908969
43.20647127463675, 16.293382612286432
97.75474249872532, 158.92708174887272
88.580159591243, 106.20695699147147
42.96243834278673, 177.89324928223598
0.5362144410263028, 138.31406530952148
45.021928676647285, 85.19231097350804
8.587690566559091, 160.30225033604702
65.67773879918181, 131.94288526489535
66.22098220821223, 81.493012060967
92.77046395815479, 80.01277752351106
10.786927500050448, 149.61864053770287
87.61369950394644, 162.76491215814679
12.833348754361907, 1.4662038914032616
26.184057376650927, 102.08242753391849
59.26587023000623, 107.64469008735391
53.70748743651901, 70.35594154045033
15.22944204308303, 127.35580277838147
55.07509241498095, 32.56190748690217
14.95378666154844, 69.72711366720716
9.003844511729875, 52.28632115133409
56.863573066631915, 169.552465726106
16.790976171834238, 74.24386664050377
2.818679311977146, 63.34768227499059
56.43715885589062, 113.20269900964945
66.97824349208764, 150.95805082914418
95.41391175616187, 86.75182013559547
61.8955943952311, 105.29038129887292
73.62459194566277, 100.36629406036795
19.227317324094795, 60.71512291335803
16.72628635183011, 162.2132465242935
85.34630336499916, 137.35769696747258
78.66639789345072, 83.51428318231619
49.35140714675011, 5.7924337485004305
17.675904357488616, 61.43632181881329
77.53832269440196, 107.63206230048503
58.18594247098869, 13.834782668857336
99.9042281596942, 104.92450349126369
71.29067941566713, 178.03116046671605
19.82431975293543, 118.12617287619224
91.07647602710252, 37.002037020769386
33.235445511770955, 13.46147185990123
75.40998276033292, 197.91054938604807
71.0940675482251, 155.47220350885428
43.74346607675553, 46.96218760175959
42.738138320404836, 176.15984629676888
64.94686894134108, 83.8967385599026
10.967791735216126, 145.14076580498536
47.29458053648865, 67.5710450588918
47.53127669833052, 189.51119465829058
22.43609919067722, 176.36917462881541
14.900297715155297, 6.352893049505459
11.101478691389577, 72.10083444287241
20.920487501893426, 36.12904759111544
58.976034651144914, 23.855048763429142
28.64161934019527, 0.8145763399192241
21.8752459115166, 155.5994148541058
92.3034077757402, 183.38995583964498
9.480580988158838, 15.373386288835334
68.75827779117942, 175.9331352246467
62.929560079455214, 71.56519382536639
64.96485812973779, 189.65981793108966
39.86390749853959, 37.602091922637996
12.882894721970128, 153.01662396052592
42.029865899170815, 163.97294540839113
1.2286671589306963, 171.5772680622307
25.00461178794139, 75.55522502455436
82.38375430809796, 154.5131041229906
75.64853063022235, 87.89014307161547
76.51839974530411, 23.52064856503322
25.470155976174212, 150.28141820304714
78.4361547145146, 10.44053606691433
91.50982969829407, 87.3420453380103
50.36358362080862, 20.132718218866664
82.33718608068507, 181.81261450209473
92.4552515651563, 96.08436403249176
80.58809860921619, 87.34497734434001
20.428663688880423, 90.59087240178647
50.997956708048186, 180.41144404608
173.03339311499292, 27.466422930528612
188.02336542351182, 134.45748346845235
120.3538741363578, 158.72516951297956
155.10554863523993, 61.19353570671582
157.65053572429676, 142.75817129371157
135.319949130528, 171.59889541733628
167.80033276410717, 166.33815091755326
169.0797796310179, 101.46511303042712
163.89882766148276, 58.191552276991196
136.91656418571662, 58.78561143224243
184.3923119106737, 178.73276412008104
141.83796580452156, 72.22873666402145
113.32520576688702, 82.03729970146784
124.25953412997092, 56.83969771315229
113.83470199513742, 112.55157129190127
152.3774341742553, 137.7854367008542
134.08622245996122, 69.74813733961874
101.76837536825602, 134.6418168908969
156.79352872536325, 16.293382612286432
102.24525750127468, 158.92708174887272
111.419840408757, 106.20695699147147
157.03756165721327, 177.89324928223598
129.0415781339786, 103.25936080609193
199.98909780350834, 9.742072128726464
191.4123094334409, 160.30225033604702
134.3222612008182, 131.94288526489535
117.24421987973012, 17.806176062976053
107.22953604184521, 80.01277752351106
189.21307249994956, 149.61864053770287
182.73500053928856, 191.05033796639762
187.1666512456381, 1.4662038914032616
173.8159426233491, 102.08242753391849
163.20572113527788, 187.54223496147776
146.29251256348098, 70.35594154045033
184.77055795691697, 127.35580277838147
144.92490758501904, 32.56190748690217
185.04621333845157, 69.72711366720716
189.61204599230874, 5.664098576562626
143.13642693336809, 169.552465726106
183.20902382816575, 74.24386664050377
197.18132068802285, 63.34768227499059
143.56284114410937, 113.20269900964945
133.02175650791236, 150.95805082914418
104.58608824383813, 86.75182013559547
138.10440560476889, 105.29038129887292
126.37540805433723, 100.36629406036795
180.7726826759052, 60.71512291335803
183.2737136481699, 162.2132465242935
146.3949580460576, 108.42235423981397
121.33360210654928, 83.51428318231619
137.7675389611142, 14.20149690028869
182.3240956425114, 61.43632181881329
122.46167730559804, 107.63206230048503
141.8140575290113, 13.834782668857336
100.0957718403058, 104.92450349126369
128.7093205843329, 178.03116046671605
192.47186379455465, 165.63566483612925
108.92352397289748, 37.002037020769386
166.76455448822904, 13.46147185990123
124.59001723966708, 197.91054938604807
128.9059324517749, 155.47220350885428
156.25653392324446, 46.96218760175959
157.26186167959517, 176.15984629676888
135.05313105865892, 83.8967385599026
189.03220826478386, 145.14076580498536
152.70541946351136, 67.5710450588918
160.03244955247152, 139.41204843245438
177.56390080932277, 176.36917462881541
185.0997022848447, 6.352893049505459
188.8985213086104, 72.10083444287241
179.07951249810657, 36.12904759111544
141.02396534885509, 23.855048763429142
113.6886726492281, 13.020233649204126
176.56299158491723, 108.91760951313873
107.6965922242598, 183.38995583964498
190.51941901184117, 15.373386288835334
131.2417222088206, 175.9331352246467
137.0704399205448, 71.56519382536639
135.0351418702622, 189.65981793108966
160.1360925014604, 37.602091922637996
