176
56.20786066982014, 106.7784991025504
83.45105781840199, 20.310024604939358
46.12446732011103, 62.4356900951029
53.52691003497442, 93.53537070289586
22.815379642486445, 160.770445528379
92.43429185929166, 78.09120522378905
87.92008013074334, 173.02206517498163
88.37247765393398, 169.7799717586492
13.120508095397144, 140.09765665839456
78.14541394623595, 55.508310351681224
23.340028916300646, 39.603124017284586
94.53634423908335, 155.16097062932212
80.52872347846923, 117.14091564983222
42.213371349519015, 52.133747043730615
97.50393526334953, 25.173197130796865
46.636920330238475, 49.06087852096732
36.68858632416598, 61.17031667206765
72.39649221945575, 156.240965496834
83.39324890989892, 117.09614940188659
91.41652224050841, 87.87633721465407
39.14142620474813, 73.688512497618
4.943255531596313, 192.5837944647762
22.595571356754707, 88.8606116505378
93.53961280884636, 64.8229313258243
76.7948284340008, 114.84685203556224
59.50527155441837, 57.30572859780902
66.32030362734106, 135.9600335932237
8.552582105124362, 1.013241431907086
11.02404218405213, 3.146008885596485
71.15849820617015, 53.02599281944915
85.5910438278094, 114.69570380616408
97.49625698959971, 99.54253257214695
2.6900597813015903, 31.342460302360166
50.80177595989866, 183.4730359369773
11.717790909064284, 72.10211530154082
48.39213370454799, 60.19770364863861
78.52868034338161, 158.23652420645857
80.48883448311743, 16.57995639032075
61.67615061700569, 165.19278755261595
50.24261679255899, 93.14777945039549
98.36730182431187, 125.6589923511793
32.49038768989154, 73.90388275139837
34.45515658187911, 100.51576658316279
12.51568252991202, 154.40956776588172
44.723497190003705, 131.5817068109076
19.739890676347937, 32.06214354376602
32.25600715068565, 95.85733898705963
98.52010762251365, 137.03621872512937
88.69057962985148, 90.76720213161063
71.70252593117611, 108.49450447373441
44.291190033546414, 135.46571956824525
28.285516926745725, 146.33867553948465
2.8621445163660275, 132.08688151182227
5.417136007735657, 57.45222947973825
7.154916515749587, 21.108961355202126
73.12499324467151, 160.56558630592406
27.967836209316733, 115.51568045310326
32.79171729877791, 7.374724379341613
89.75483086935205, 8.382196103303329
49.131841239941224, 71.67350201109208
56.863139253091624, 149.00843449415785
46.55914328244511, 189.45033231346073
44.334228192820746, 84.08714225734232
63.20616569854218, 5.280490337913024
15.179744292989417, 37.887642906199346
25.516677255173303, 137.57998904209182
44.97940107946184, 166.119016093812
11.14647918981866, 79.32670047672342
91.19104732204784, 63.48655487954484
57.0738174165396, 81.31778348218117
32.36015074239147, 105.77030926367341
59.956856055919474, 62.94315978320198
85.20838335504328, 127.63951325078204
91.72962527793996, 166.68370121030222
8.609107650796922, 174.57420076652946
57.49384852355545, 55.879167390379166
54.74814670154509, 160.89091626152134
87.08655331141654, 12.266134595451895
39.59610362537781, 14.032395655826368
1.7063143564431282, 83.24057106907188
6.269516043245726, 27.181373174199464
67.52162792510843, 186.8493422559828
87.34132871437635, 150.2934140122143
22.33385972126829, 85.93300018998566
34.92186637055603, 31.32129710802698
73.88305950334171, 103.34238404655235
99.58168893484581, 145.33417893959847
20.12640098328602, 174.8529814410948
54.35013425154237, 91.74847389467318
49.24942277988612, 159.95910872528665
36.3685080629615, 120.71454146008477
44.872618578719155, 110.92979130877667
11.637013015818464, 173.01778777033505
49.59431018359167, 113.0501104571353
66.08799919507396, 74.77333113277429
58.298486051649824, 8.485500650074718
143.79213933017985, 106.7784991025504
116.54894218159801, 20.310024604939358
153.87553267988898, 62.4356900951029
146.47308996502557, 93.53537070289586
177.18462035751355, 160.770445528379
107.56570814070834, 78.09120522378905
112.07991986925666, 173.02206517498163
111.62752234606602, 169.7799717586492
186.87949190460284, 140.09765665839456
121.85458605376405, 55.508310351681224
176.65997108369936, 39.603124017284586
105.46365576091665, 155.16097062932212
119.47127652153077, 117.14091564983222
157.786628650481, 52.133747043730615
102.49606473665047, 25.173197130796865
153.36307966976153, 49.06087852096732
163.31141367583402, 61.17031667206765
127.60350778054425, 156.240965496834
116.60675109010108, 117.09614940188659
108.58347775949159, 87.87633721465407
160.85857379525186, 73.688512497618
195.05674446840368, 192.5837944647762
177.4044286432453, 88.8606116505378
106.46038719115364, 64.8229313258243
123.2051715659992, 114.84685203556224
140.49472844558164, 57.30572859780902
133.67969637265895, 135.9600335932237
191.44741789487563, 1.013241431907086
188.97595781594788, 3.146008885596485
128.84150179382985, 53.02599281944915
114.4089561721906, 114.69570380616408
102.50374301040029, 99.54253257214695
197.30994021869842, 31.342460302360166
149.19822404010134, 183.4730359369773
188.2822090909357, 72.10211530154082
151.60786629545203, 60.19770364863861
121.47131965661839, 158.23652420645857
119.51116551688257, 16.57995639032075
138.3238493829943, 165.19278755261595
149.75738320744102, 93.14777945039549
101.63269817568813, 125.6589923511793
167.50961231010845, 73.90388275139837
165.54484341812088, 100.51576658316279
187.48431747008797, 154.40956776588172
155.2765028099963, 131.5817068109076
180.26010932365207, 32.06214354376602
167.74399284931434, 95.85733898705963
101.47989237748635, 137.03621872512937
111.30942037014852, 90.76720213161063
128.29747406882387, 108.49450447373441
155.7088099664536, 135.46571956824525
171.71448307325429, 146.33867553948465
197.13785548363398, 132.08688151182227
194.58286399226435, 57.45222947973825
192.8450834842504, 21.108961355202126
126.87500675532849, 160.56558630592406
172.03216379068326, 115.51568045310326
167.2082827012221, 7.374724379341613
110.24516913064795, 8.382196103303329
150.86815876005878, 71.67350201109208
143.13686074690838, 149.00843449415785
153.44085671755488, 189.45033231346073
155.66577180717925, 84.08714225734232
136.79383430145782, 5.280490337913024
184.82025570701057, 37.887642906199346
174.4833227448267, 137.57998904209182
155.02059892053816, 166.119016093812
188.85352081018135, 79.32670047672342
108.80895267795216, 63.48655487954484
142.9261825834604, 81.31778348218117
167.63984925760855, 105.77030926367341
140.04314394408053, 62.94315978320198
114.79161664495672, 127.63951325078204
108.27037472206004, 166.68370121030222
191.39089234920309, 174.57420076652946
142.50615147644456, 55.879167390379166
145.2518532984549, 160.89091626152134
112.91344668858346, 12.266134595451895
160.4038963746222, 14.032395655826368
198.29368564355687, 83.24057106907188
