96
72.18174833309664, 160.76897894704004
44.02308192204815, 12.504912479392427
36.07668227171325, 80.10284702243521
97.68901508779055, 17.31880109793542
57.68615433126504, 48.21987928918223
7.748675113520753, 70.33816642046618
68.51508969484802, 142.52462977937753
68.70975561996356, 110.97588137624774
39.292734025894525, 29.822132094327493
49.41111338536784, 17.907164147984524
7.359651565405512, 94.45210873525455
95.15795609361365, 32.206824760836916
11.095535350792263, 187.138092039381
1.3040692260115616, 152.96619480961593
5.762798636893507, 122.92856160830974
67.20893066871817, 51.62416757591026
127.81825166690336, 160.76897894704004
141.52851208808138, 172.44869979092465
183.06832994243337, 25.08126226195553
165.37665094520037, 180.89585698336631
155.97691807795184, 12.504912479392427
163.92331772828675, 80.10284702243521
154.67853680765268, 95.75278910484084
161.88006923977986, 64.53432125196863
198.04788703990215, 47.71585302950814
126.1589841166174, 18.620255718018242
194.4069388992177, 182.90815891803246
173.07150299404407, 52.79210312221354
102.31098491220945, 17.31880109793542
199.23564638272705, 94.74375514321285
109.93735101312444, 136.68486697129285
147.47797027052746, 180.42066065704182
179.94205720217786, 22.678234001791786
186.7175709498806, 80.37548019038408
106.4760301740901, 13.818864624435555
150.50764379656417, 141.01851436862427
105.89344527527679, 191.1570908483759
129.87175567189965, 182.70475971791583
172.17065394964965, 157.54107891064555
176.88624957308855, 83.94891487694727
199.98189005903595, 42.188641428636316
142.31384566873496, 48.21987928918223
192.25132488647924, 70.33816642046618
176.68111078454928, 125.65420939210429
198.365478350201, 120.12241083900017
115.39914820612076, 93.41006880294212
113.851914652445, 125.57172059124522
132.40331333547778, 158.6626929632377
150.92907028300252, 155.34261289714308
122.6483960414394, 141.10203891739852
135.59913361991346, 74.24546211917654
138.95172247746925, 165.16993156458824
177.84825746802352, 41.659186317092846
118.3847775366635, 55.69557698646614
145.972331069245, 164.4058594925419
127.37679844938631, 4.740377813261554
163.3123080508743, 83.01869322736385
131.48491030515197, 142.52462977937753
131.29024438003643, 110.97588137624774
176.93630544846178, 191.54906973964657
111.44156013676091, 43.25692692979093
114.09178440125167, 81.69056513137616
160.70726597410547, 29.822132094327493
138.87805551579743, 68.50419706036499
150.58888661463214, 17.907164147984524
190.86726349978431, 67.97165752247206
156.96984971316417, 16.655428946838068
149.15871443742276, 0.5622692569405174
138.03070637221106, 173.35791287778278
101.2533281468144, 44.913346678166086
166.11283238077692, 126.63651588752872
192.6403484345945, 94.45210873525455
108.25641595430628, 27.679002488257897
156.93910899258353, 189.45512526602394
140.3171877731204, 188.79198581414852
197.91538624024045, 104.34825183215209
134.34945482549617, 167.57752019529894
101.23778703982877, 138.86449809418338
147.76961043889634, 108.79367553952054
114.87918470528814, 118.44720159624949
102.20307210040367, 85.27038377468945
145.2317831758885, 90.10410322913283
104.84204390638635, 32.206824760836916
188.90446464920774, 187.138092039381
195.72066825605117, 139.38143874976006
180.8299002224996, 18.28681572990696
158.0368035274126, 65.09028433026347
198.69593077398844, 152.96619480961593
114.61842010174799, 130.62077789718444
140.87909481007384, 113.91866229283502
194.2372013631065, 122.92856160830974
147.3074008848011, 12.75315572552358
107.925317571168, 175.2662580839685
142.05867059442767, 29.120728214059422
132.79106933128185, 51.62416757591026
178.9207532123825, 95.72128487918698
