160
41.79252673165069, 72.81279592137719
85.13370486778923, 92.50866539134196
9.295008234438384, 126.74480445057357
85.5263088510482, 72.02865729845979
52.919063875275626, 107.10774274001305
19.864822190955433, 171.1256027156007
13.022834403213658, 194.70761343485202
11.223645436316687, 139.0134694262016
92.9099319486869, 72.84125176057543
27.906410960087946, 123.66513044948549
23.140857956721895, 114.94284809786821
34.870735426933074, 143.97803748646865
99.24780446081569, 154.9207235483198
85.06715574689173, 90.34352233882682
43.17748879051639, 87.79267730176672
66.33890705050865, 20.55156753840024
91.450968751847, 137.405470353786
28.86371105336488, 99.98908791267698
19.356277965774517, 3.469399986551025
15.833792032921012, 197.36228089266015
39.975861756681965, 21.288679834863935
35.271932116460405, 33.890590322899406
30.4288982944669, 55.86661800420083
71.9082408047675, 51.26430617213891
86.57253254715805, 139.53974060027676
81.97496188585991, 138.1102026464203
75.33610271186932, 19.125075872134566
7.798029659082351, 113.45038237729086
68.8054528469549, 90.0739503012105
79.1197612903757, 24.90118730672217
81.33163896745661, 116.89679059517997
22.77597361289495, 132.59978690058438
11.224202297180618, 160.50318885688628
56.86689526868561, 51.68402923489681
37.24545305372716, 184.75650502744983
64.67171735907381, 86.23501648949824
61.51352795980597, 83.42463304991338
69.62591762907878, 8.771660020761818
92.50692375856131, 68.98586393751364
17.909963074741963, 194.23976588351067
38.36532874767059, 90.26014741516339
53.141034912345916, 187.64677496364266
44.63084652162842, 72.71820246529504
14.763512133280921, 153.92370894929513
41.60245652508272, 75.546782888404
47.00767958251362, 8.29488250822472
19.790435386698523, 180.13308847092787
93.13547126209127, 98.57518659732638
92.47797609635727, 164.50010066459552
84.32461753407313, 160.7988568965542
58.29729428183001, 11.730222092913856
88.59231252938298, 85.56357355211624
50.562123910920064, 48.94608901054889
75.20832824955411, 45.2972609777128
39.54308190532117, 50.97216573157883
67.93898999221312, 154.67433138202856
91.70531580482216, 70.73916359226055
55.895490632594544, 187.33363970911313
45.61722772845069, 167.84110399468784
36.47080047382719, 84.18122055968848
14.54784841479353, 199.44889328318988
45.5214083681304, 142.70198153063043
8.600838755098462, 11.737211542196668
95.50948574554062, 54.88734173245173
22.464066247694582, 155.64211889780103
63.597506180420446, 185.1306234216164
41.313263334431774, 54.327102008166925
29.841674158946706, 47.809603392276024
87.67462690912475, 72.70051113528761
66.07223419365157, 166.71201762101745
33.15316134312961, 84.89031283131112
31.102516660819735, 20.771417472719623
32.08335770544514, 173.61942272421146
30.374545479259396, 184.36629506318954
81.69503329523062, 155.7131887088398
11.048705031761985, 97.79712602807082
51.73856881079255, 178.81057666020158
21.059832031798685, 110.22322616766157
38.5071487786238, 60.202899433718706
53.43176193462583, 185.62563438219718
158.2074732683493, 72.81279592137719
114.86629513221077, 92.50866539134196
190.7049917655616, 126.74480445057357
114.4736911489518, 72.02865729845979
147.08093612472436, 107.10774274001305
180.13517780904456, 171.1256027156007
186.97716559678634, 194.70761343485202
188.7763545636833, 139.0134694262016
107.0900680513131, 72.84125176057543
172.09358903991205, 123.66513044948549
176.8591420432781, 114.94284809786821
165.12926457306693, 143.97803748646865
100.75219553918431, 154.9207235483198
114.93284425310827, 90.34352233882682
156.8225112094836, 87.79267730176672
133.66109294949135, 20.55156753840024
108.549031248153, 137.405470353786
171.13628894663512, 99.98908791267698
180.64372203422548, 3.469399986551025
184.16620796707898, 197.36228089266015
160.02413824331802, 21.288679834863935
164.7280678835396, 33.890590322899406
169.5711017055331, 55.86661800420083
128.0917591952325, 51.26430617213891
113.42746745284195, 139.53974060027676
118.02503811414009, 138.1102026464203
124.66389728813068, 19.125075872134566
192.20197034091765, 113.45038237729086
131.1945471530451, 90.0739503012105
120.8802387096243, 24.90118730672217
118.66836103254339, 116.89679059517997
177.22402638710506, 132.59978690058438
188.77579770281937, 160.50318885688628
143.1331047313144, 51.68402923489681
162.75454694627285, 184.75650502744983
135.3282826409262, 86.23501648949824
138.48647204019403, 83.42463304991338
130.3740823709212, 8.771660020761818
107.49307624143869, 68.98586393751364
182.09003692525803, 194.23976588351067
161.6346712523294, 90.26014741516339
146.8589650876541, 187.64677496364266
155.36915347837157, 72.71820246529504
185.23648786671907, 153.92370894929513
158.39754347491728, 75.546782888404
152.99232041748638, 8.29488250822472
180.20956461330147, 180.13308847092787
106.86452873790873, 98.57518659732638
107.52202390364273, 164.50010066459552
115.67538246592687, 160.7988568965542
141.70270571817, 11.730222092913856
111.40768747061702, 85.56357355211624
149.43787608907994, 48.94608901054889
124.79167175044589, 45.2972609777128
160.45691809467883, 50.97216573157883
132.06101000778688, 154.67433138202856
108.29468419517784, 70.73916359226055
144.10450936740546, 187.33363970911313
154.3827722715493, 167.84110399468784
163.52919952617282, 84.18122055968848
185.45215158520648, 199.44889328318988
154.4785916318696, 142.70198153063043
191.39916124490153, 11.737211542196668
104.49051425445938, 54.88734173245173
177.53593375230543, 155.64211889780103
136.40249381957955, 185.1306234216164
158.68673666556822, 54.327102008166925
170.15832584105328, 47.809603392276024
112.32537309087525, 72.70051113528761
133.92776580634842, 166.71201762101745
166.84683865687037, 84.89031283131112
168.89748333918027, 20.771417472719623
167.91664229455486, 173.61942272421146
169.62545452074062, 184.36629506318954
118.30496670476938, 155.7131887088398
188.95129496823802, 97.79712602807082
148.26143118920746, 178.81057666020158
178.9401679682013, 110.22322616766157
161.4928512213762, 60.202899433718706
146.56823806537417, 185.62563438219718
