240
26.3245182543521, 114.74185848523632
44.66765691957302, 121.38221490241088
24.015944919810856, 160.3657549152812
90.92535894469583, 84.28734242408738
98.52451185988735, 141.60228293965662
36.11943098967416, 114.21570129477983
96.68651005766941, 132.68373303904497
98.14198790351088, 77.37056842017583
23.89716925970118, 157.3246871636194
47.66686132282011, 131.5448048104126
90.17353941095297, 114.42616304980345
18.830724324894604, 115.30717787658998
91.87972018614781, 70.92516843299383
39.67777574429533, 33.0580757795628
35.29140515128879, 46.65505153152208
19.165014043064403, 165.13237255200352
66.92310181149288, 113.95314538099224
89.8707873966436, 10.917150595373599
96.84020482785061, 146.9050354304906
1.3288425073588783, 98.3706400399938
61.995950081434636, 120.92635163095832
19.48548225000431, 103.8533595358509
87.48885553670424, 18.630776268463194
32.48363474932093, 81.42582011785049
79.68787439058158, 148.69949150087876
53.58602333813873, 69.30949625460539
93.61265694103638, 187.4317610835016
50.42784284351245, 16.391528450396464
71.30498688362661, 70.06773632101671
94.74733487432607, 87.43542753272327
17.815138755356806, 185.2276585462546
59.83014068670028, 91.55034053701564
42.262628532834114, 109.10249715977912
27.46380321218409, 108.57196150978261
12.363459393960724, 64.97212211237547
16.159994776970677, 176.1562728048391
25.218211617856472, 99.32795670575908
59.36028534135184, 101.78736026340192
79.75380545683373, 46.15862592010505
40.90981516052676, 119.36103717841353
6.560735897160235, 78.54267850698321
72.73163840388014, 48.93183621996758
48.615641431354064, 117.90184103644643
93.42107259881828, 38.998570036173206
56.496731015827855, 77.07950116224303
60.71877313357465, 23.16415524744442
23.931841741532885, 90.07454774340543
48.4925387947834, 185.52624101276257
85.11082191945817, 32.616599716266414
97.53087801117526, 136.0232488642469
40.34326494778449, 157.18435055621842
71.61908173962291, 110.036007984468
81.25832484338733, 19.65885184563728
22.881428326757923, 103.61998320957584
89.24626300082578, 175.19813092451264
57.364904645039935, 71.97382321063348
94.74099045988646, 146.18804125914534
83.28642241951628, 95.01255222419866
9.5913594209949, 63.744483156619935
34.91814873316621, 139.81958173518808
51.39757772549591, 93.64533259241031
15.299870065350603, 58.930789987720246
97.86141774796752, 47.58508039253431
41.11998780634106, 65.80899889294108
15.065975185697091, 123.27763291030502
46.79235838659195, 123.54708636844623
19.23178487848071, 149.69986508605845
44.12792209656032, 33.304063765167285
40.632002839466104, 72.80099532078219
49.40572501826046, 106.92852787944139
55.92308492185939, 58.949498267479115
81.8191000974654, 73.01292279738823
91.67575436726025, 199.58904419309528
21.475759945801485, 125.6267192230214
83.80863036846037, 119.0686000335659
24.879403738053497, 79.15799431719137
97.26616836725373, 23.09026690139288
41.99959976364203, 137.91909132600335
74.99517571810239, 97.27996285265559
52.49785821687745, 65.39173026632304
59.20462567459196, 113.11004087584861
42.72329932306342, 51.59035295392089
88.80984502455108, 157.2977371559748
1.4458985230374033, 143.40172182402245
62.54328825455576, 104.76792201023635
16.921077681640472, 65.87508435450158
12.364418670128096, 186.97986347674194
15.783095227970911, 186.57115038366055
19.89425137078893, 171.9197895390297
94.5499547341585, 22.439069397848964
88.9895024975566, 47.00363950490749
38.21660057700681, 158.36556238449276
63.74124207042636, 48.91461420183867
82.09516950008393, 152.95344272392066
59.53593227668655, 47.07443956059265
66.87475430428115, 102.79240844244795
66.41865726393175, 81.19303608459845
78.89864780000495, 27.180859029176307
70.81406988817416, 171.88821065627883
34.68109264560885, 64.16532867104775
37.99442736447541, 24.744701561001705
89.15619047220335, 59.92125203581467
28.98432491453561, 156.1446874318674
57.08667249485975, 5.683316767804603
74.06354164307186, 22.88701159217763
44.00211243405687, 23.439461016178797
40.41753021247073, 87.64228278453552
34.59127159600437, 5.650586239689082
58.46559352971722, 37.52592352180917
39.113890704254985, 189.88325298486436
53.345450451766894, 176.47701163325127
78.86249036451974, 156.6574046969975
57.65778523324203, 153.46400238532755
67.13884526290556, 61.128626669959615
9.674317993394654, 46.51471220615109
85.70246536101045, 149.34807351167447
27.694625136662086, 78.08894926512033
98.1803161464413, 188.95857317896088
35.55536572552167, 147.5180174800315
32.93020341854981, 76.61150915319348
58.878449515380204, 165.90916723882222
63.84893749547103, 176.8308912960536
84.69501698542098, 53.04140235610721
96.05544697086323, 113.71247681952339
36.87824880494469, 7.839956144335791
1.3754696050091386, 2.0312400167129985
72.52367993897892, 169.21099234620684
2.512566158545082, 94.40780632492579
81.46371004762305, 8.476695466570728
77.48556234833201, 173.3535865296961
17.5173541460212, 34.38929800329369
77.02814508389854, 14.799244380518072
22.185865217306322, 30.48703288527712
49.862868649570835, 102.75490654754998
45.418183286825474, 162.5740222654854
26.18566000424314, 13.113341003280677
99.61961978051633, 3.9390641282093464
50.89947545366584, 87.00881544210695
88.5888515449795, 120.71113321167
52.766094988618114, 4.1869562739605515
52.626581709485464, 169.11084827930907
14.645419112318702, 154.7621314312134
96.6530828196766, 24.67835805794425
80.3787832590643, 93.30129257386564
43.51934775940666, 199.11872027571263
75.20786410608413, 63.00343571120484
20.48997178679366, 128.50291374002987
31.887237029273273, 62.599322318728355
70.64402723673317, 176.61160436095378
1.2863422009090852, 5.4117377324247595
84.45123734518114, 147.5238690796054
17.872469533188585, 112.45460783832135
38.40028499909629, 106.96369144156294
40.5921115314948, 25.457638865682043
23.451635846598673, 3.3423353727981997
94.02096146181597, 100.44290477612809
69.84486291850513, 178.9778921082439
28.878518899859785, 184.2108713339317
9.767813576568518, 152.34521103070574
86.80720295465595, 26.48818266285535
136.13913535780011, 124.11024750537494
174.87231942909966, 47.58359291101908
146.76913790713343, 127.93967055253756
167.06924411345003, 146.63716984574623
158.3772845707311, 112.34019680970806
126.40198172520982, 70.88198359061192
122.15150401843239, 178.86658783572585
132.22925375015512, 1.6975320654092574
137.19758066648942, 184.884304316642
106.92452365125311, 66.00451967700627
180.28732789216042, 162.09814830731315
166.51041749778923, 99.32872161452775
114.22093927494512, 140.49857030992177
150.70217330384185, 3.0849952115153734
165.56563665408524, 6.781626923534523
193.61453299124713, 94.3889282743106
145.18028686901198, 165.06122791415794
119.10322271357413, 72.79952675514676
149.3446466741956, 186.6153269978845
177.2897742708643, 103.80839156157435
120.59776604181019, 102.41024059550053
107.75624463465611, 89.06240519737314
144.67122060008847, 81.20180296254267
181.75551514874869, 155.01259011192107
191.34952971211152, 112.10550873698087
108.32514262346865, 80.06962617668438
113.18107664408996, 164.65569026032352
198.98280693103487, 85.81793865223402
177.6417119430569, 27.674350560827477
124.01219397409523, 165.93450986836845
143.411868402995, 135.90215604621378
105.60958523618402, 59.104650441000196
109.23054808208774, 101.25311551044223
113.45245535610057, 127.35276680261933
117.67650811572649, 127.82118272014998
112.94007558698254, 113.88684975028833
181.85612920724355, 92.70581084302565
161.91328633824048, 26.36836124594828
144.5719183728056, 6.598490970023674
113.33734776352496, 193.27569067524738
159.82670243029426, 49.78933043373415
139.01096711003058, 56.34583832512598
169.14269883073842, 79.42099247556646
148.3714402448672, 22.97086893945586
163.07070464754878, 11.048481096884322
141.7862902712017, 60.98151198955999
157.6676231516775, 95.50836393079625
106.72743941932326, 116.84574574026618
150.28653160649318, 16.510705384008027
156.27065471402045, 151.14860683699845
148.13078121590348, 144.12599667067326
165.4735382654059, 184.41627119375286
131.387625188989, 18.71490774141298
178.67300329262332, 90.36362674201175
101.63385186094952, 192.5551751527284
191.50794405724983, 23.4137442466422
129.17140661897068, 66.68585420215629
130.97742224596857, 32.73630539385963
190.15699730776421, 54.928179229769626
178.61010326130264, 150.32619758359058
169.14890366870995, 137.28492282062342
115.40271406920306, 137.4877040644672
120.0619894423275, 40.094604671382214
156.8612767482416, 48.92821926517277
130.63435556168812, 46.377769559148696
198.46245900875505, 55.76187378508444
112.20124649781546, 94.11042019280657
160.26534134420405, 13.016531617964677
144.93881227281298, 9.861250443857328
183.3058407616162, 37.34666154213782
163.81535897109745, 4.234410004610356
150.8345685993533, 106.85038121881192
136.31589880516486, 170.81446312610177
121.30788428219725, 92.37470212105774
122.34469581714748, 146.61351191922617
102.20592714874849, 113.98969689768926
163.3457704568351, 49.42857185033154
154.09407024933665, 194.4863449179222
194.3304361370777, 63.25664657418595
118.64989649927375, 11.151898699922125
