160
51.93802126566261, 160.02553943521272
32.02150647352681, 30.993967424228302
0.32292695558783224, 158.25208493656604
13.386594783575156, 62.21299844038264
18.569653704324217, 80.69321160037408
48.233462198204926, 157.7452739729144
57.87932273820955, 179.535826724041
40.55371765468412, 171.9044853794153
74.26247025702105, 176.76874129770374
56.65542247467204, 22.13671099572375
67.78840506646327, 32.57923596587915
62.586020765338155, 7.905200258706047
40.987591281105665, 25.57641917849589
2.193972149986644, 192.49203881128628
65.60459421284219, 100.90344321304336
37.28397472321448, 46.368237898058155
68.89043312528511, 128.68118052718052
83.62900301413316, 13.07686036372099
38.990392615706924, 118.32666054696082
64.08455541948237, 14.00337184149294
81.8546346503601, 16.76008615033824
24.667239152190568, 171.51108679856196
6.022185980572658, 127.11818727625203
66.81498702523912, 22.124623635768657
79.90564470588036, 135.4364480967364
74.45814148765197, 37.385466171364996
14.497042915384927, 17.411143480309164
36.99760289916483, 37.251701109521164
7.276714153684461, 47.88077458857338
76.32738539354857, 75.57962832993918
62.47214230089823, 25.833033455814586
16.845990047949158, 68.98576352869296
91.3645366686298, 158.05802353423877
16.381183990624102, 81.66182779184113
7.0466116340422875, 121.3062180694592
46.81403720706312, 72.17655096539441
37.90762085698444, 34.21674462980906
3.41736316254605, 91.60867425544347
23.5167012848694, 112.33873459454487
88.74079014396504, 85.03918087692337
92.32530294524778, 156.261606069965
80.91486803723399, 153.30340771332857
73.53485517382745, 43.53190701577137
63.24598135915825, 161.9497377468195
95.79440085616692, 101.67852272434344
16.32901522665795, 119.46031356718115
46.292520847087964, 86.04822940041679
91.5680988451165, 12.781013584997275
75.55778574727049, 120.01183941860099
35.09921748108617, 144.65649414267176
80.21597871792048, 3.9412420416491845
94.89222740002192, 116.62494314828812
4.217778684615936, 34.94829944810351
34.646683569905704, 87.22908552935573
42.58100840538934, 116.49566640028624
21.19514753098464, 159.61062706996677
57.89899776983667, 62.30895183493902
26.544966896919714, 76.74921313687231
80.41524614098142, 12.74303120155922
31.73627981445842, 46.79075060267787
56.45089469841808, 193.63167232889907
31.573239668591953, 85.38612957996288
45.84622117529873, 47.33582600894613
16.929233642143704, 177.72319901680828
41.96977368730085, 151.6044335815141
46.74346599305275, 60.76411080303228
48.409697986499644, 161.97663506508826
65.49893931242873, 129.0625043739547
9.705609294378046, 96.6490762642747
14.55638239839887, 110.2334648081437
48.44976440404046, 60.027003976730754
80.00406603531657, 189.81429365148847
17.7955020255864, 182.24254944045907
58.852135465731024, 44.26607997693998
2.6419156269963864, 68.05658602204187
63.68531903652725, 123.02118271881386
13.19026417476583, 129.7731945199488
66.01806513062382, 28.67136050289657
79.54885186816593, 147.14539776850535
67.13062408639253, 171.53372642134434
148.0619787343374, 160.02553943521272
152.48152238231998, 109.17325755463223
199.67707304441217, 158.25208493656604
170.34033332473882, 24.358381387310722
181.43034629567578, 80.69321160037408
147.87856110542205, 111.9625105740558
142.12067726179043, 179.535826724041
176.44848147099088, 191.10525761654964
174.5119782141604, 112.19646144382942
102.07861491482588, 6.85842603302611
132.21159493353673, 32.57923596587915
137.41397923466184, 7.905200258706047
159.01240871889433, 25.57641917849589
190.43995772422807, 175.68828503698762
134.3954057871578, 100.90344321304336
162.71602527678553, 46.368237898058155
119.4547349111653, 79.45582460010709
186.83159095438631, 12.833793175414776
192.79214469934035, 87.28566178801395
192.46662089061283, 0.5027707720516528
118.1453653496399, 16.76008615033824
175.33276084780942, 171.51108679856196
175.73165657411624, 52.772944952754706
133.18501297476087, 22.124623635768657
199.29774540720626, 133.09005159398913
198.97827797832917, 51.085520919732176
185.50295708461508, 17.411143480309164
180.55610120298758, 84.82682097550264
192.72328584631555, 47.88077458857338
151.9892993889005, 90.04625305139594
100.8153277568768, 89.05847465393147
195.85002316147373, 24.683605097416184
108.6354633313702, 158.05802353423877
128.05159760026413, 119.73370674916957
192.95338836595772, 121.3062180694592
160.74709904420922, 115.26333049859825
162.09237914301556, 34.21674462980906
196.58263683745395, 91.60867425544347
111.04276129877232, 189.9834265835982
117.88146390998516, 9.823919457445829
136.86163336430005, 157.3615534116425
160.7008324860493, 159.2334472129276
102.73488152812052, 62.575254285385526
179.16393459616015, 181.6319318879497
104.20559914383308, 101.67852272434344
159.2212842917235, 140.76751162235385
106.85885496121226, 6.099774323056417
104.68869049196049, 51.61135093615059
182.79210485956506, 55.48744807606529
155.82622927948626, 133.712007284147
119.78402128207952, 3.9412420416491845
105.10777259997808, 116.62494314828812
195.78222131538405, 34.94829944810351
139.4155023751862, 154.9621023863769
195.62274409269997, 177.2508951744179
112.92293038717253, 159.57296475316934
192.68897860717559, 136.2355699653691
185.93433994910623, 129.6647019100877
119.58475385901858, 12.74303120155922
143.64873833651262, 17.7009559382308
199.91568916959588, 118.54524807995284
194.32260401639593, 84.64110636878614
154.15377882470128, 47.33582600894613
183.0707663578563, 177.72319901680828
158.03022631269914, 151.6044335815141
121.36217027793775, 13.929129925295225
151.59030201350035, 161.97663506508826
134.50106068757128, 129.0625043739547
172.9834652522945, 109.95072862026731
185.44361760160112, 110.2334648081437
163.55425798624248, 37.717633233704476
119.99593396468343, 189.81429365148847
122.00357928159062, 118.53643637788092
188.16458116025026, 4.7647793410648065
148.4525369508522, 68.44693434022093
136.31468096347277, 123.02118271881386
112.6778000917493, 142.68331037013294
179.23276532126474, 7.656817394272131
186.5124462248638, 119.291767062924
132.86937591360748, 171.53372642134434
