80
177.771683929708, 168.68700683848053
190.67048070581058, 155.96928294408076
167.43962013787382, 55.608832209680514
178.61813347700826, 193.33354495616717
128.27713515530223, 177.94574524912025
165.088640422638, 12.203862385720065
191.80728528374505, 175.1745112465897
162.97106809008235, 6.6737205334975735
151.1704972079437, 33.81971595783193
143.99996169381905, 38.63771280394823
127.27606919715308, 14.807828425080572
179.51064940199248, 9.13404569687617
132.94771736191262, 140.73505670482942
142.15700065120677, 52.13871066875391
195.38613315603357, 133.52118297760848
150.75584719574985, 28.60624281798274
104.5424468757101, 178.8955279283342
161.3943025104101, 10.695282192730925
152.77263150260762, 125.81645611371128
171.99170583432408, 53.08290211832758
156.84717422505665, 167.2305954511806
116.48800865945584, 50.57783356098034
124.53712144174116, 93.2127367153736
118.14869970973088, 20.65407985629042
162.98272209842997, 197.27956607362853
142.88080642896438, 185.9243440252302
149.69678302211446, 17.487594705637566
191.11802996557282, 119.23140525375611
175.9442886153215, 172.45976139662403
130.45312002305536, 43.52788843311836
192.36241368779986, 14.290255199726886
163.45551110593368, 69.82991549597637
185.61274774113556, 41.2462045988959
118.77934855023075, 116.26687416805453
172.18193848317313, 4.0399782491615355
124.78609901909117, 53.44469683056634
164.44956770381498, 37.435380792927454
183.24350246473784, 83.13941672434106
174.04370205024713, 148.45747959451822
153.04321521409867, 172.49105481653254
127.45481691802144, 196.82184154583348
193.18834873985924, 42.699639341348885
148.035898669702, 107.51893753057551
168.21398806272555, 52.79401016248726
115.53853087301908, 69.68582042542207
171.67179059246394, 140.9673516505807
194.5743630970597, 81.51746543763561
161.19102384439043, 62.49342958718642
177.54101454450574, 99.64629729861416
112.16327789379146, 85.00917029449565
170.9354456220246, 163.37794664273744
190.34600437140625, 160.6373708432387
189.7490575425204, 189.84144170279623
172.5909298596409, 120.22794937306162
109.41809694486797, 37.22010697688103
161.854684632001, 101.37080824051696
136.2548748738214, 68.83087074583223
115.80907161726935, 116.33467100772094
106.96352024320112, 76.39278624113113
194.96338053290435, 87.4098104188094
178.17606955406129, 65.62152468409586
103.639498161455, 184.60957934869154
177.7603862904401, 108.85115710501677
151.92021607249552, 139.08571304930254
190.38568517213886, 91.50150059625727
116.34859719044634, 180.40776727229326
194.08001137758916, 186.0422219126453
129.49806416598526, 159.70198239987096
179.39694829186217, 49.90540042574174
147.42705107274966, 24.877263612316526
197.89858854807255, 34.09265809079414
184.2056434055836, 152.4034603347498
136.57038049945234, 43.52207074485186
139.2608029871582, 102.15498205357869
160.05064410071125, 157.3467458026122
114.86093278757711, 183.03315524888149
135.8443491350257, 59.18807583380201
153.4184280181834, 66.8342655187384
113.05524883051916, 101.00641572860643
186.68766225770975, 136.10146505874607
