240
44.21444423075973, 38.257542287076404
67.75855481261587, 165.02626711264662
4.114194983535462, 93.012063417266
65.94862913133782, 151.7350312710884
39.86708480625078, 31.62737456770212
25.12706376041441, 159.0355893059568
84.35936735590002, 121.34839340029774
83.34661416962571, 28.174683803130172
42.926237572687796, 83.20375217997629
43.01582072162524, 106.97458028278041
52.845439232802065, 125.08196691515516
45.36056029170038, 99.02419137786897
85.86972805304609, 101.31378178500422
0.721509899620969, 135.12401992864477
2.389717858593457, 167.66626489960126
78.77326317187591, 63.83975779035718
20.389250049900433, 35.69312776030402
73.91390361697864, 100.67645929981433
60.766115395136566, 186.03964456679535
82.77895221353943, 84.20214911541889
33.58509319639483, 65.23604530570476
8.1948428645372, 39.05347647686929
43.64526155372949, 51.954909440857335
40.97459461566841, 157.66591870322335
61.31357077595761, 141.71240506559963
28.73504622888533, 166.2972545471685
73.51874549588463, 88.26490527353629
96.7028301565253, 41.48051914333618
86.79437273150043, 40.796289531478266
80.04106241507381, 142.57385375407299
40.50616382627727, 40.23056792086656
15.285935003031412, 28.775330869743605
21.68240871911955, 144.58107628118876
46.47739431658916, 42.41251803770356
3.975997245547518, 73.72238131093378
40.42299555113929, 165.44200008299546
26.073156043240672, 130.6141514373317
10.774281426377634, 141.29171036262107
65.10754818825546, 80.24087510298988
14.675389023210752, 97.38125254463961
48.42531484523602, 145.82689439660888
62.64874553932008, 90.90631779336853
31.960503711947062, 115.44038921091855
65.4124417231584, 73.11891158343293
74.08557154462099, 55.81998137505215
19.331415936228083, 44.958353677612564
23.326967167397115, 143.1514594614796
6.860413123360864, 150.3684214890215
90.39193148966791, 74.01839307893579
6.581496504149186, 155.4206443273381
13.44480538852541, 152.591371706787
53.47411435449418, 37.06353806246026
2.08976298487795, 65.58408079478272
98.14786695195947, 146.89580845197415
33.112534248865344, 195.804842002025
88.70701376128392, 93.38232448248723
34.12822447615479, 110.7549658756974
10.64932068828088, 32.366179516138416
52.48766021512692, 85.24076010260005
61.07083280624191, 27.61680137246036
22.7258677458032, 154.50972605148223
99.98485694048324, 89.82707715892289
39.860804165128414, 176.05171210402926
35.16052942094857, 66.8552819696311
45.19368889435978, 53.97486478102887
61.91926203292749, 148.11114237354232
40.36283603785148, 113.38890260645161
45.893497674348666, 152.68491714691461
69.83699639544542, 193.68588562299414
55.56598507679648, 50.05573284377904
33.37750124097403, 117.683135906004
75.22603974081515, 40.499720295712464
74.27390449253289, 10.51660929021142
53.57753988479385, 97.86407890030225
28.68527408704017, 52.12327747221157
12.094430996184606, 134.4384828777834
49.820635495366695, 40.490832156625665
94.44985482609832, 183.9288328591565
25.001252053665844, 146.13763691059177
76.54631035504086, 185.59228353047246
91.80905465676157, 41.838339573970494
22.035588121124828, 51.415768510477974
99.31222952806698, 78.08115833619182
4.823523835115773, 41.381450790089346
65.84524304845331, 174.62610506620453
96.01113486551424, 128.6814441624201
41.95672922829448, 149.3418839708758
21.96596642599816, 199.36687402614513
3.6068299231372114, 44.06226083388161
11.253773225928043, 95.09615919187536
10.953728647929594, 63.79320004403017
47.44405536247108, 187.46698966542746
87.0775383840708, 110.48421764106935
31.44255113210467, 106.82163328484225
26.138238259599856, 54.891150457605505
41.653703270765895, 193.35965162151095
69.10384907527536, 63.72995131799652
85.35212708909093, 125.08386983108753
82.8529908883537, 102.83242676623476
37.94664171452534, 123.85683956075609
89.53636354378844, 124.03144828272907
19.67755659439703, 89.25610779927031
85.5151362071309, 14.096278864125766
26.549162167224537, 46.75097993801134
20.191595582004297, 129.35963457075655
61.71155640047958, 61.8409855287714
63.91104284240561, 15.859502709366492
92.18652894932691, 55.71882908396453
63.74364605820778, 50.80675236074315
24.53222694540701, 174.45365254942175
76.09348090055039, 140.37821067974176
70.67635309363976, 18.521711424213837
38.56850137751786, 138.4230477861585
9.607830315223842, 27.62774809241173
67.47302522203236, 82.89842345257144
75.36549260165616, 86.76278479489865
11.617855820314759, 148.80512207196622
25.63500057150646, 88.91641909719465
45.55403102436553, 196.2690386737318
12.223582145865375, 142.41276050670166
65.83537621868129, 172.69411893730376
66.35813003571876, 6.165048044795185
39.1737652955555, 104.03157653836352
60.39863761256411, 138.97571766231485
16.96652825513749, 48.722617578443646
5.844079823877502, 159.10296378271102
11.377137879587096, 45.118131215271795
70.39352710281275, 16.328887222107124
82.23452226905033, 31.443480466716455
59.126104405473654, 65.3398378940394
29.90292147082494, 156.7737711653424
68.15741091300771, 185.229450778464
40.42198930702965, 137.3967543872345
29.43949018219619, 196.65080056182555
33.261558181539996, 4.43556385568582
70.77171431649562, 143.2371390088719
69.57709531533264, 127.6014192130692
55.02139759102435, 128.45107741980507
16.417700713973392, 90.62898339466999
5.044812957460021, 156.28186499333344
44.12714717919619, 174.55980630848765
92.56748531698497, 69.26833740886549
11.414192601730822, 26.32606001836526
58.77438808878202, 35.516084547681984
46.83591381087301, 177.35510861183826
79.64002342905076, 79.74313186141586
76.76440983393513, 59.17242201378177
87.39026593364478, 21.28170935782572
61.02517889949818, 14.15614352658503
47.51167908767422, 73.31802232577837
29.14092946874174, 107.33481501828564
85.28724711636096, 1.926053422868912
39.76045815706747, 79.50704087834465
2.5914295928786246, 142.02302532355594
77.82570793327824, 77.97698016705785
33.22883337341863, 87.25378620858845
8.388681610458038, 25.838920624705853
57.42520920949576, 143.610789628447
31.17756805213664, 91.95066174448966
95.99042680004578, 177.69345725076323
167.84880418878666, 44.165427316527484
198.5910349597417, 160.71507224031197
194.36258324446732, 19.697674784245468
163.75754478971987, 73.13016840207499
159.09743286688447, 80.43219137288308
189.0818984641421, 124.44239726110176
103.6342981633557, 167.0896295035623
194.6180922589698, 22.336434736131274
191.17344121008583, 159.20996882194046
191.1388701478174, 125.24919818899815
161.98830782798763, 142.69673718866926
186.82586497613707, 116.12785259567862
166.5580116346659, 82.23663813104865
122.69013099897595, 145.87850149531712
154.52169030958078, 179.29959883635834
135.8326278700761, 61.03901517424448
183.2859411413908, 13.715222734417143
173.0325996701593, 32.75741424567735
195.3027917046569, 107.81629148732041
104.03403389387385, 10.99026678278956
160.63200957455345, 37.70397767725895
177.03385887387208, 57.661289006065886
141.7089419382471, 88.63630296006333
183.30950744073397, 165.93597206041605
104.29965878125033, 87.14934891584353
185.0089124659308, 169.4439674547182
165.52242940379762, 139.37489722303306
130.7184346829979, 13.0259931323923
147.09862607186017, 53.64080446854953
193.5550451387304, 152.93967338382146
197.31731798267822, 89.75027447692952
130.08296070611624, 31.808583365894584
161.08954962519064, 86.94168701980031
127.93491104444946, 81.56130641724191
133.8901461429338, 87.23299273343635
153.68361264424755, 193.35816143824533
153.17493074257555, 130.98404469127814
144.42032572465342, 66.63742913376392
157.47093388603216, 4.35945364218695
195.31923747080205, 121.5761149624752
113.54337661068422, 149.27024645625607
109.79109302944798, 167.7418428524536
154.9716487420478, 101.51839996456127
156.99375355657722, 92.47690503102875
105.98116214253791, 120.38839133563872
113.7617183702481, 62.22110772244094
182.71629648211564, 132.22002488445074
146.1261095044192, 149.71857716424984
170.5135205540431, 131.0770388862901
142.54604122705916, 78.33460872123493
174.47371224340665, 199.11548819433727
177.07124016727911, 10.350700687502389
143.05133761668694, 41.040154269675774
144.88126609186025, 187.52744236209475
124.40031246586945, 153.90129336273603
141.12478129115328, 105.86303731662525
137.85639828975303, 181.35693739196856
119.13515736215044, 19.600466651129622
189.91144534161904, 49.86062260890405
151.9707685279048, 77.37947631589148
105.12137940959705, 95.80589411544406
152.10613893227625, 14.118978885109733
134.54892840003728, 160.75325530035133
162.94079341664104, 109.6460832237374
133.3852948092876, 1.800458234667457
191.11936696225953, 185.78004077192335
150.06978813037932, 85.75759338098821
175.5251621600998, 193.04473770838587
148.5457309020462, 118.7468410341308
186.4214032822087, 9.245043677343245
102.15046628774267, 163.1179932660646
113.22010741198082, 27.994595706975023
177.60123337234754, 84.90976407659015
150.82462546279936, 43.6271901458962
139.3952998458262, 60.69089741784215
154.54790532403794, 141.71554215740125
194.8059010537976, 52.4670155864408
181.97581261226628, 154.22884634912884
167.97682575545522, 133.21226311507903
199.3895050699228, 190.88407752947148
