160
31.89214440256802, 20.006806653674758
12.418624354261675, 46.182240696886964
47.963901771463, 179.58568952311612
30.976901880580154, 57.44727066480324
16.06105417925139, 37.31587642656997
85.04270361660303, 82.5867270301281
0.34029751697186583, 155.7797357806512
23.952057193915877, 14.575646723545855
90.10299336560117, 133.55716559526073
0.29364165772106654, 184.61800413188374
98.76021641086471, 182.00690586540384
93.91601628893169, 59.200482664855045
40.73626633031817, 8.549254317249776
26.538844542971006, 7.908525081458073
71.38084197036842, 138.92631332332797
48.927486259180675, 85.67264058926921
1.3339023832724006, 91.82956907370581
2.101514281476702, 103.27345633935725
11.123368648298559, 57.615414305505475
38.98538895768403, 9.944742663859385
42.75804753076458, 102.59911379089743
82.0768769037171, 25.58946760007499
67.27671092157182, 154.07369590673707
68.60217227833732, 42.51463502621782
27.806587068028065, 110.6837826898377
7.423171597486666, 86.85166080099833
51.784067630475825, 50.96429037960064
61.350677102425486, 28.05413871205664
97.39738747630003, 127.73064946226027
17.85043066666363, 109.84246779203718
77.75386634028713, 199.4944889687835
10.008780570407394, 28.722614159111547
51.518113163986115, 8.327152499644574
23.22645980701794, 104.04002966833994
8.23020235857711, 193.91822394302346
79.93676721735595, 50.999061456663554
0.7915725810524576, 4.466764246269439
64.5044351759794, 132.70713891938843
75.13330151869091, 2.923547988532582
14.214616702670801, 161.4233763405838
97.31270881869854, 95.23646605368947
56.091462482523035, 74.2050735089394
42.73194616635243, 99.19134019470842
95.93838557937224, 167.46915842862197
36.86699997477412, 100.68312951338079
45.06851102309278, 150.85871383878865
2.2794653243186302, 53.83452038693153
97.04958370460574, 134.43503287517052
81.73596813849514, 182.65086773592733
34.14255457836086, 128.00312372484728
89.69780722844911, 190.48430025420427
81.58647212902811, 176.17452084686315
3.1125620421276756, 137.00324495297843
36.32686712910188, 7.7395202537858365
69.8423045557882, 5.4934662389590105
87.95829378642789, 1.6488297534767993
70.61545999227454, 181.21372566415963
38.87822824399745, 144.58881135565403
77.55472062388495, 64.86847617984482
14.919048485920538, 177.97341805789665
77.52095515483455, 165.0108206467323
48.09481535428668, 127.55088610498105
43.69150872457013, 60.29247817262622
84.30322648245719, 2.859808323365298
93.56795661297046, 16.391281314817196
49.23203470895579, 143.71526591724873
64.74961243615886, 37.12585533576611
22.701757689606204, 164.74390772569072
7.026988974939319, 71.77725351534103
89.07897874389329, 180.98638323457604
90.46974263337052, 153.19819755712035
0.23829623332378702, 171.54618531765212
82.21670426167165, 45.42061904953667
56.66265220301082, 168.78483188213787
3.116466282013386, 114.62405022348811
87.0460397887848, 36.92607451888248
84.48203508493017, 170.65761410542217
96.42219610228443, 19.056600685553594
89.63711921025532, 104.43247456468747
52.59856503240036, 155.32366183434715
168.10785559743198, 20.006806653674758
187.58137564573832, 46.182240696886964
152.036098228537, 179.58568952311612
169.02309811941984, 57.44727066480324
183.93894582074861, 37.31587642656997
114.95729638339697, 82.5867270301281
199.65970248302813, 155.7797357806512
176.0479428060841, 14.575646723545855
109.89700663439883, 133.55716559526073
199.70635834227895, 184.61800413188374
101.23978358913529, 182.00690586540384
106.08398371106831, 59.200482664855045
159.2637336696818, 8.549254317249776
173.461155457029, 7.908525081458073
128.6191580296316, 138.92631332332797
151.07251374081932, 85.67264058926921
198.6660976167276, 91.82956907370581
197.8984857185233, 103.27345633935725
188.87663135170143, 57.615414305505475
161.01461104231598, 9.944742663859385
157.24195246923543, 102.59911379089743
117.9231230962829, 25.58946760007499
132.7232890784282, 154.07369590673707
131.39782772166268, 42.51463502621782
172.19341293197192, 110.6837826898377
192.57682840251334, 86.85166080099833
148.21593236952418, 50.96429037960064
138.6493228975745, 28.05413871205664
102.60261252369997, 127.73064946226027
182.14956933333636, 109.84246779203718
122.24613365971287, 199.4944889687835
189.9912194295926, 28.722614159111547
148.48188683601387, 8.327152499644574
176.77354019298207, 104.04002966833994
191.76979764142288, 193.91822394302346
120.06323278264405, 50.999061456663554
199.20842741894754, 4.466764246269439
135.49556482402062, 132.70713891938843
124.86669848130909, 2.923547988532582
185.7853832973292, 161.4233763405838
102.68729118130146, 95.23646605368947
143.90853751747696, 74.2050735089394
157.26805383364757, 99.19134019470842
104.06161442062776, 167.46915842862197
163.1330000252259, 100.68312951338079
154.93148897690722, 150.85871383878865
197.72053467568136, 53.83452038693153
102.95041629539426, 134.43503287517052
118.26403186150486, 182.65086773592733
165.85744542163914, 128.00312372484728
110.30219277155089, 190.48430025420427
118.41352787097189, 176.17452084686315
196.88743795787232, 137.00324495297843
163.67313287089812, 7.7395202537858365
130.1576954442118, 5.4934662389590105
112.04170621357211, 1.6488297534767993
129.38454000772546, 181.21372566415963
161.12177175600254, 144.58881135565403
122.44527937611505, 64.86847617984482
185.08095151407946, 177.97341805789665
122.47904484516545, 165.0108206467323
151.90518464571332, 127.55088610498105
156.30849127542987, 60.29247817262622
115.69677351754281, 2.859808323365298
106.43204338702954, 16.391281314817196
150.76796529104422, 143.71526591724873
135.25038756384114, 37.12585533576611
177.2982423103938, 164.74390772569072
192.97301102506069, 71.77725351534103
110.92102125610671, 180.98638323457604
109.53025736662948, 153.19819755712035
199.76170376667622, 171.54618531765212
117.78329573832835, 45.42061904953667
143.33734779698918, 168.78483188213787
196.8835337179866, 114.62405022348811
112.9539602112152, 36.92607451888248
115.51796491506983, 170.65761410542217
103.57780389771557, 19.056600685553594
110.36288078974468, 104.43247456468747
147.40143496759964, 155.32366183434715
