224
23.69511225132922, 57.771133739618485
56.365531324097454, 167.04910545770687
8.153550877575022, 33.783045709514184
84.5858555197331, 103.63931876558155
31.48843698127658, 59.964203034630614
36.23926215251919, 38.33957588006247
65.94557120215919, 21.55941926337741
63.199406906102276, 52.054738715927584
5.3903758934318535, 137.75722225304202
97.94084710266377, 40.40952337929396
11.052358801072359, 34.847158529368016
30.565229882225765, 177.4480918366808
92.64198031957453, 117.26259685712328
34.64138663469956, 90.6056297348207
41.5271111751283, 189.73759311580608
17.23145766012705, 15.827685376119138
90.46749960357678, 157.60380090599728
92.15377950300544, 72.6536650473447
74.68559088784986, 3.29706438053603
56.44303899885479, 124.30791914905863
10.841840940778802, 181.21064231197238
17.667987138307563, 56.89313377449583
5.762390518593197, 191.55785791843834
52.04674755926521, 83.9357555425125
75.41519147756543, 51.64446168667482
4.182535580565316, 81.11693868491636
55.34048221361628, 115.69302495300849
97.32962496242186, 153.356096554319
61.61482357735564, 148.66259644428277
31.62089860341235, 35.745605261147986
59.81545198080044, 185.41482200896928
96.52270912858711, 87.00346697489776
97.47731919560044, 44.414153224868905
23.91412373062375, 138.7667433048785
52.66224458554524, 70.42912107869358
64.41252008428067, 138.00056006599795
62.13726588806685, 170.958164101521
76.54625955290247, 170.66660719985316
65.9461541941223, 187.7951139010583
42.291387012631645, 42.586910977841285
90.20036218332307, 154.02312184895968
59.00262355745929, 138.550905637653
17.199487276054747, 124.44893363607703
85.39820720198615, 151.76013341223364
24.44405398116195, 122.41502100388202
30.05913056114321, 182.5701260109849
87.12445058908625, 11.824474262137198
86.02252601253161, 76.2343152440643
55.17550852275676, 10.972742218050291
33.47467509175909, 78.01060201216339
5.978401933996025, 0.13734055864889072
7.6556058632236805, 173.53833980862888
43.489769678168585, 62.89839940464918
81.73391382935368, 29.057136715174448
14.275191174776158, 123.6586646077769
94.08435927275846, 81.00993976549486
46.12523518264889, 52.43854185239374
44.96581305960997, 81.57332503517185
28.681323114633017, 143.20271962093486
46.65143474092525, 134.84107619741482
29.193607620801355, 12.194128798523662
70.55611883475777, 175.513639349325
19.262615997731068, 143.35203477886458
72.20494674598027, 138.15897482442992
67.1387888605563, 144.12705937626654
88.50060234095558, 113.81394449987494
44.925124271353276, 150.65169297440792
93.9751792571132, 93.616521825384
14.964473535427159, 39.21918767481765
15.624010641495655, 194.5009292064292
32.161468327636776, 89.40693478550541
31.33045574594081, 98.72210111356475
71.05605452690355, 171.59690993180567
61.950579240902904, 107.97093572804195
33.40793481769683, 8.023366720601267
48.21624190645226, 187.85424922687835
6.1978821720429895, 198.15086218576502
47.589122377072016, 162.0623861544217
29.199365456207605, 84.97048200915201
32.617539371023476, 85.35232142866785
83.78966769741429, 145.28251389611168
1.4904119835810303, 37.94768566677742
31.651093013326804, 170.89721056296077
69.90407802996037, 68.99474101853222
78.53445526662234, 79.88416693759743
94.91979545035, 63.0165530753356
84.75233679382565, 143.66732297542518
63.28801341155312, 191.45049388576416
55.633524515607, 157.98162108790473
75.69625502680894, 89.77611574499782
12.92507130500502, 178.66587112882343
82.83982781731481, 80.86297544295813
70.74147065816659, 16.712896566387148
3.33051218501369, 98.17717285632024
71.79503040394574, 79.44495513918585
19.95147686895875, 169.14498506835932
61.86538799126715, 5.0237043088232625
65.60590523237114, 173.53289406017774
81.68445615183, 169.2197111382525
22.813159439123186, 128.16621730403236
31.435800005342962, 26.10384057867141
81.38310770090733, 188.1580885533772
25.604368960714563, 199.35844680993657
95.44071419932708, 104.66940011024248
97.15782958452604, 136.93219420312462
48.14584194310901, 179.8157947164139
71.26259239104384, 93.25252934063192
2.7086202859288533, 132.5435609014837
11.349332892535147, 79.30540301174528
6.710406705696393, 30.98321114032656
13.081706029699646, 68.56841801486262
88.86459572103533, 128.2406525153733
65.12923133804553, 87.15408193535244
48.251304785826996, 61.02023732977333
21.244513509364303, 149.26351927242087
15.343069589738645, 34.1049971170045
17.05879073762833, 118.09634874906301
30.05277707652003, 109.28951121017698
61.327404173343595, 113.9669893261231
3.1965873274775625, 30.62557699506958
44.49643411333667, 161.873804325805
82.01534244363836, 133.6889863644616
63.23577209877317, 101.01057141143647
91.11635119894889, 76.66516198001914
0.5322032850602065, 181.75884770075922
37.61839990733434, 179.2275688546779
87.02658464515925, 74.13832131370373
34.16611442386208, 84.50778443676346
48.84305633943041, 43.130120160769756
66.45241573589733, 129.82233284887613
39.260012839903304, 45.35018498656429
25.73324716864265, 165.6612331662193
94.89896417032601, 111.88501313305727
94.06171276115349, 154.04830552055742
19.73305155165179, 13.056452230247428
68.38552599575968, 183.15522082104977
72.34621502620527, 35.41765025359067
36.90244751659125, 169.43025731617388
78.01569203248202, 34.9175565067003
23.059665470749945, 78.3097386004288
79.0214179426495, 49.79393312176936
8.266502529854524, 0.9921383930360905
5.172823454218866, 149.68016448333776
50.42287238627586, 0.06360063022130547
176.30488774867078, 57.771133739618485
143.63446867590255, 167.04910545770687
191.84644912242499, 33.783045709514184
115.4141444802669, 103.63931876558155
168.51156301872342, 59.964203034630614
163.7607378474808, 38.33957588006247
134.0544287978408, 21.55941926337741
136.80059309389773, 52.054738715927584
194.60962410656813, 137.75722225304202
102.05915289733623, 40.40952337929396
188.94764119892764, 34.847158529368016
169.43477011777424, 177.4480918366808
107.35801968042547, 117.26259685712328
165.35861336530044, 90.6056297348207
158.4728888248717, 189.73759311580608
182.76854233987297, 15.827685376119138
109.53250039642322, 157.60380090599728
107.84622049699456, 72.6536650473447
125.31440911215014, 3.29706438053603
143.55696100114523, 124.30791914905863
189.1581590592212, 181.21064231197238
182.33201286169245, 56.89313377449583
194.2376094814068, 191.55785791843834
147.9532524407348, 83.9357555425125
124.58480852243457, 51.64446168667482
195.81746441943469, 81.11693868491636
144.65951778638373, 115.69302495300849
102.67037503757814, 153.356096554319
138.38517642264435, 148.66259644428277
168.37910139658766, 35.745605261147986
140.18454801919955, 185.41482200896928
103.47729087141289, 87.00346697489776
102.52268080439956, 44.414153224868905
176.08587626937626, 138.7667433048785
147.33775541445476, 70.42912107869358
135.5874799157193, 138.00056006599795
137.86273411193315, 170.958164101521
123.45374044709753, 170.66660719985316
134.0538458058777, 187.7951139010583
157.70861298736835, 42.586910977841285
109.79963781667693, 154.02312184895968
140.9973764425407, 138.550905637653
182.80051272394525, 124.44893363607703
114.60179279801385, 151.76013341223364
175.55594601883806, 122.41502100388202
169.9408694388568, 182.5701260109849
112.87554941091375, 11.824474262137198
113.97747398746839, 76.2343152440643
144.82449147724324, 10.972742218050291
166.52532490824092, 78.01060201216339
194.02159806600397, 0.13734055864889072
192.34439413677632, 173.53833980862888
156.51023032183141, 62.89839940464918
118.26608617064632, 29.057136715174448
185.72480882522385, 123.6586646077769
105.91564072724154, 81.00993976549486
153.8747648173511, 52.43854185239374
155.03418694039004, 81.57332503517185
171.31867688536698, 143.20271962093486
153.34856525907475, 134.84107619741482
170.80639237919866, 12.194128798523662
129.44388116524223, 175.513639349325
180.73738400226893, 143.35203477886458
127.79505325401973, 138.15897482442992
132.8612111394437, 144.12705937626654
111.49939765904442, 113.81394449987494
155.07487572864673, 150.65169297440792
106.0248207428868, 93.616521825384
185.03552646457285, 39.21918767481765
184.37598935850434, 194.5009292064292
167.83853167236322, 89.40693478550541
168.6695442540592, 98.72210111356475
128.94394547309645, 171.59690993180567
138.0494207590971, 107.97093572804195
166.59206518230317, 8.023366720601267
151.78375809354773, 187.85424922687835
193.802117827957, 198.15086218576502
152.41087762292798, 162.0623861544217
170.8006345437924, 84.97048200915201
167.38246062897653, 85.35232142866785
