160
98.82701691246943, 30.156374560607144
19.88664161824981, 143.35543052924928
42.924669095182274, 18.08352703180811
94.834085076864, 165.7271484840923
84.42615920457311, 179.12344344562547
90.96228540052402, 137.55117412664097
25.6359191637994, 50.38671902836484
43.316136729711346, 140.51591841450198
5.301881408548859, 118.49338374920278
45.40328884949237, 157.99241057853823
29.67686263517222, 199.74107618842856
34.22679047546066, 124.04523707379613
86.83064930476012, 110.89311401290247
10.316189132715836, 81.06751232589731
10.882129613274216, 3.2908884673994407
61.50386125716125, 62.73628216287322
37.66991569918893, 144.37626865730513
80.54458459595004, 32.680095452199716
73.36293497127527, 166.64876479312352
7.665808647257554, 198.3577994309875
50.76102265235501, 108.0842200525431
20.40535630193284, 105.22030379703718
68.65423225015051, 68.82846055170603
9.210300875163341, 191.08649876240372
94.90079933915234, 181.9364149272091
42.93651950365147, 180.75521401935424
12.30612570092125, 122.01303926926425
61.26168355834896, 173.33620879688823
38.430212530418586, 93.90748337684977
33.76669845904521, 131.54746371082598
12.452656606384664, 85.45991442027866
31.404653912445966, 126.34542689534186
50.323828856809115, 103.30043915614164
77.98857598762527, 154.8688178208009
14.960435484988022, 143.8688889720033
21.93861896906827, 49.95988572726044
30.054521392151713, 118.43994567202196
43.54363516774104, 88.68709126523726
0.0666710273904485, 41.64389389427337
18.605961916285047, 119.8553359303183
37.70671735855961, 9.101260882185862
58.87132794613454, 56.512079327869884
94.55051137787284, 114.65439950871608
51.925206644855734, 133.6224922863732
79.7873915655145, 55.75785707469716
55.655248290876955, 150.32686291399625
17.585080638746092, 103.38390755886581
19.173555107174103, 91.23434638147079
64.33996194913873, 147.5389973045898
85.40779702202266, 145.98890166730286
63.30237865085084, 156.1029388683331
23.952809567839793, 113.2723587739245
65.3515057023827, 76.18802520131463
49.13253611621931, 117.09361073320046
16.476255953449904, 62.48424841483911
30.311544461106024, 116.21117902030394
14.978806384446742, 123.47308308569583
67.32889887944673, 58.463832548124884
62.050885179202794, 40.02546277107998
3.1260772430010353, 127.91735472666066
46.69387934882199, 148.42924336741822
30.9415005717397, 81.62718432330891
49.72406692397854, 139.10393533402933
60.77628335789524, 73.53874060805194
30.4798030591857, 65.58728543870475
63.29694379493416, 162.48049351789638
63.75838474167666, 115.90784014076002
52.77897728284381, 108.26537169478914
71.67401243862103, 85.2202486400707
81.77950537476242, 142.2433338123942
92.51067795384012, 164.33541323640202
42.611680442968044, 43.189676103625075
92.30758406619334, 1.211370370654552
75.69106133765328, 90.41476620906829
73.64681271157171, 19.200612695461203
54.75190048446584, 48.509911038239274
81.35163328227314, 147.92767399487246
71.99259477992412, 158.7497837270584
82.01504098809427, 198.03342215231862
81.55491626775404, 54.133813452982125
146.1672522793016, 19.385959479612236
177.2411152375277, 193.97831272887922
157.07533090481772, 18.08352703180811
105.62099062556943, 169.79838594264208
115.57384079542689, 179.12344344562547
184.05014310753182, 138.28542368271835
127.95772917795122, 128.03945721193574
102.55096311481041, 149.18308649048697
194.69811859145113, 118.49338374920278
149.87470441768903, 171.3726741589484
189.518885804453, 195.12730978800107
176.28691277902888, 96.42469282758148
113.16935069523988, 110.89311401290247
189.68381086728417, 81.06751232589731
182.69835040798748, 43.61260461499059
103.78688909989783, 4.678794084283777
108.37729140224046, 197.5222841393806
131.3099627403398, 69.42849293321885
126.63706502872473, 166.64876479312352
192.33419135274244, 198.3577994309875
126.12985384881515, 120.94574491838021
179.59464369806716, 105.22030379703718
142.73435843611537, 60.947281270642684
161.47790968694048, 138.76397018065205
105.09920066084766, 181.9364149272091
124.06157654215477, 112.75340694593814
173.7052067915745, 135.6847491207249
123.31917493462188, 166.17259790118138
143.18043008014, 76.57274364273815
186.4497689383198, 166.84778832648308
108.14527600755707, 94.89134338538292
121.10978990491597, 180.97700248162684
162.71832901116767, 27.549434017237306
122.01142401237473, 154.8688178208009
185.039564515012, 143.8688889720033
178.06138103093173, 49.95988572726044
153.7770758915356, 180.99710279554233
156.45636483225897, 88.68709126523726
161.94878870617632, 80.64018558965442
189.39304616368187, 185.7191960650528
157.929182978727, 38.19172052006827
185.21419382522498, 51.537391447522026
118.61602727142527, 63.173418282417074
161.5101269671987, 98.71286292432706
132.3109844624983, 79.04326538937542
144.34475170912305, 150.32686291399625
111.0977396234303, 36.42126813766411
173.46035878039243, 77.00819787086036
135.66003805086126, 147.5389973045898
147.63381876580118, 174.67864722156207
136.69762134914916, 156.1029388683331
176.04719043216022, 113.2723587739245
109.68495514751527, 28.35284516452614
150.8674638837807, 117.09361073320046
183.5237440465501, 62.48424841483911
100.09750257326185, 52.463263437839224
153.41355084287034, 57.44054312416578
132.67110112055326, 58.463832548124884
164.01665629336742, 1.79139623992699
196.87392275699895, 127.91735472666066
188.40894377580585, 90.37356028040742
169.0584994282603, 81.62718432330891
150.54779079440985, 64.62780681726832
132.4279696882662, 45.98321201867015
114.08436955815591, 83.82685476149985
136.70305620506585, 162.48049351789638
136.24161525832335, 115.90784014076002
147.2210227171562, 108.26537169478914
192.96950164860286, 128.10853327853854
118.22049462523758, 142.2433338123942
100.07440216518813, 113.17883091532126
157.38831955703196, 43.189676103625075
107.69241593380666, 1.211370370654552
102.58741161003822, 158.27935427660793
198.593787477906, 26.636294165643946
145.24809951553416, 48.509911038239274
118.64836671772686, 147.92767399487246
128.0074052200759, 158.7497837270584
117.98495901190573, 198.03342215231862
138.3225141406957, 28.305687630541886
