192
20.706854337196955, 31.086747571434124
43.70131691968272, 44.62515204876887
21.917356085040463, 157.09380805997466
9.46189845324622, 86.4470607847044
56.565344330243086, 110.19931343715416
70.25246718072648, 46.82002649114692
65.2943570186624, 164.15808905377062
83.31270936026046, 34.162860175882855
98.51702154175713, 59.74659144111762
40.74725955176305, 82.44084454066882
5.8683950565356575, 11.413001652984178
66.2774998946924, 30.224637408348954
75.29687407268281, 20.67811175286034
65.3606155542087, 104.22293829416287
32.15643872313151, 198.79296471887588
33.978534391565795, 62.188856002134685
2.3675358797435653, 20.348984529623813
19.511674200672534, 134.56234205134524
98.92874101486252, 115.41681816409069
94.30495719854773, 90.06512436708283
92.62208014814894, 80.60535368390408
70.55801444966788, 7.016966571458849
27.042737121718396, 194.66851403716026
94.93386629068875, 44.64234125543791
35.08260449784396, 94.42797981400213
96.86043380838748, 133.03067849742214
0.8894811770994493, 197.75261132189354
72.59529158341806, 49.45269085606465
37.7928593280964, 32.09078138284773
52.691343235657854, 3.607755915737254
43.865987483186466, 123.45057713814806
62.17367781727312, 88.27018464661171
34.41727964287625, 129.13566314561996
42.671663260042905, 91.051553050487
81.075261384006, 181.78304741591057
55.90997943940385, 115.01910366413198
64.85957313767337, 134.00421313502906
98.38828326842557, 148.72410137394064
96.84732873673317, 176.08221895776643
86.15259757904373, 159.3091751217523
8.366213894489317, 183.50384816604765
94.48813008478439, 114.90125118700345
62.14384663480252, 163.65747524211832
41.23854301780512, 187.95880116211197
94.14342514011722, 172.42800403498362
9.569828835187966, 30.400395916330393
21.66808656879786, 138.05193868914444
86.2967129585424, 186.34385173393895
98.07463434922083, 109.86377220086352
85.39343596232403, 194.91905436631885
78.11975265020882, 54.44768588349096
55.10124628904276, 74.11639587175094
65.79225153740104, 188.2099365199398
64.98670857775274, 192.15886253455454
56.38656941476437, 7.488372284654887
97.19976111055163, 119.80822461222932
11.175764568907166, 126.40893665674923
7.19733865048704, 4.719618370451872
37.85357061452606, 176.5110905830402
2.566490442118907, 132.76607438668788
72.36542146659052, 124.50747337252804
28.44518164191624, 91.7389529618021
36.55813418731645, 14.776664587342081
93.80445498123878, 127.11262607865427
54.83426448750382, 82.40919380313218
65.74788682238723, 48.316838330097525
56.73574752010643, 14.290841889446714
82.56421729583697, 46.74020573563242
31.901070804577724, 97.7773107934959
48.82913118187113, 191.10180952417963
83.89164813291075, 183.93236496191548
8.645211714337242, 26.00798698894595
55.65974687987863, 148.02227241622666
62.024120113925086, 80.65409548872861
37.80864652729743, 157.60348945614598
28.95452043686726, 177.3610157440599
27.640018870044138, 51.595181819831424
47.37103199223422, 194.63012202418523
98.81493650217514, 53.26092478076016
69.02953615947195, 81.78378417713574
24.91549392988469, 102.31564783468852
52.07839173259495, 45.91539194429502
51.23294285849291, 79.11610506578693
21.455905857754566, 57.19033981971926
85.89705237719832, 147.91749887114227
16.449353840018887, 100.60544249277335
16.20490525522884, 133.26451319610607
95.18071157810847, 140.09224834082045
67.59554323053094, 36.74755816902808
39.44648000518781, 106.92542617733898
53.31475518235539, 97.82328684473134
47.39030469998726, 51.46544927683823
94.25553324016398, 18.963587982443553
67.53966954865115, 134.49703203205698
71.34905608311792, 92.12989031773336
89.19013173184337, 19.582579497000484
46.664523914324896, 5.0563273906029105
39.038482371549485, 170.34761948416744
17.53714702175191, 31.90725151744733
78.01812480225958, 187.54757001905742
82.57786087012785, 167.1874754744742
27.37796381306392, 134.5953521210643
64.86437333096762, 178.20591857873026
64.61186540472778, 44.52513237716633
97.46623539315287, 41.02642124045251
81.86043496962326, 159.2792360652289
19.514532834793574, 83.6763207948489
48.66910474805578, 44.59251412408454
87.41038772121877, 109.88420500964129
87.56287191203982, 3.101546938425659
83.16927271562, 135.33860018807314
10.096243091998879, 97.80073523959108
179.29314566280306, 31.086747571434124
156.2986830803173, 44.62515204876887
178.08264391495953, 157.09380805997466
190.53810154675378, 86.4470607847044
143.43465566975692, 110.19931343715416
129.74753281927352, 46.82002649114692
134.7056429813376, 164.15808905377062
116.68729063973954, 34.162860175882855
101.48297845824287, 59.74659144111762
159.25274044823695, 82.44084454066882
194.13160494346434, 11.413001652984178
133.7225001053076, 30.224637408348954
124.70312592731719, 20.67811175286034
134.63938444579128, 104.22293829416287
167.84356127686848, 198.79296471887588
166.0214656084342, 62.188856002134685
197.63246412025643, 20.348984529623813
180.48832579932747, 134.56234205134524
101.07125898513748, 115.41681816409069
105.69504280145227, 90.06512436708283
107.37791985185106, 80.60535368390408
129.4419855503321, 7.016966571458849
172.9572628782816, 194.66851403716026
105.06613370931125, 44.64234125543791
164.91739550215604, 94.42797981400213
103.13956619161252, 133.03067849742214
199.11051882290056, 197.75261132189354
127.40470841658194, 49.45269085606465
162.2071406719036, 32.09078138284773
147.30865676434215, 3.607755915737254
156.13401251681353, 123.45057713814806
137.82632218272687, 88.27018464661171
165.58272035712375, 129.13566314561996
157.32833673995708, 91.051553050487
118.924738615994, 181.78304741591057
144.09002056059614, 115.01910366413198
135.14042686232665, 134.00421313502906
101.61171673157443, 148.72410137394064
103.15267126326683, 176.08221895776643
113.84740242095627, 159.3091751217523
191.6337861055107, 183.50384816604765
105.51186991521561, 114.90125118700345
137.85615336519749, 163.65747524211832
158.7614569821949, 187.95880116211197
105.85657485988278, 172.42800403498362
190.43017116481204, 30.400395916330393
178.33191343120214, 138.05193868914444
113.7032870414576, 186.34385173393895
101.92536565077917, 109.86377220086352
114.60656403767597, 194.91905436631885
121.88024734979118, 54.44768588349096
144.89875371095724, 74.11639587175094
134.20774846259894, 188.2099365199398
135.01329142224728, 192.15886253455454
143.61343058523562, 7.488372284654887
102.80023888944837, 119.80822461222932
188.82423543109283, 126.40893665674923
192.80266134951296, 4.719618370451872
162.14642938547394, 176.5110905830402
197.43350955788108, 132.76607438668788
127.63457853340948, 124.50747337252804
171.55481835808376, 91.7389529618021
163.44186581268355, 14.776664587342081
106.19554501876122, 127.11262607865427
145.16573551249618, 82.40919380313218
134.25211317761278, 48.316838330097525
143.26425247989357, 14.290841889446714
117.43578270416303, 46.74020573563242
168.09892919542227, 97.7773107934959
151.17086881812887, 191.10180952417963
116.10835186708925, 183.93236496191548
191.35478828566275, 26.00798698894595
144.34025312012136, 148.02227241622666
137.97587988607492, 80.65409548872861
162.1913534727026, 157.60348945614598
171.04547956313274, 177.3610157440599
172.35998112995586, 51.595181819831424
152.62896800776576, 194.63012202418523
101.18506349782486, 53.26092478076016
130.97046384052805, 81.78378417713574
