192
92.51138818553241, 74.59914916012809
81.37718329764606, 125.26952030158331
62.744680261450334, 70.26915312330601
31.46796387382783, 130.71955638707365
45.166150827136306, 16.792626559696934
11.219238516704133, 12.824127046181788
82.87396587065452, 48.03980429606576
97.80804934656247, 40.54572674551928
16.419552693637364, 150.02842039637198
2.915086348530771, 97.7694201830642
74.6630834942411, 196.01493085110403
67.13173039401686, 165.69611595501993
89.86484442379859, 193.468225827605
93.4779689151258, 172.68002701206072
33.25824385449921, 74.17965089865335
17.68291549755262, 162.1552047420424
81.03743687125213, 195.35976245422532
87.65682843806132, 169.27682889540333
58.86180288963973, 104.19662536565146
12.50245075848716, 168.44683504550378
12.886415218622327, 106.50490706969077
35.43141021310815, 91.75108290587426
91.58537896517073, 24.109574922770815
15.467025301722249, 199.6098271792942
77.08258939125642, 93.17086702987511
77.43866257302732, 25.704293754884745
65.49421301042766, 40.83475871744015
51.93246845669249, 151.02751305049975
97.76321343910641, 182.7939023907323
49.17148654878061, 40.81427186511435
9.678456363840294, 195.63255479868866
23.808175681317067, 170.17673390387938
54.29862094537413, 55.351921188846354
76.3544986561652, 110.24260496149292
56.263444686369176, 192.62934550110526
8.025427061098123, 105.38352291247894
56.50660218861467, 159.24696106416613
60.03434555057163, 79.51071435705266
53.13911513762268, 18.439113336238734
62.69009242396603, 5.144804622288213
94.82495939351526, 61.7592252074491
6.426833788004771, 20.493564404737796
32.032393943956365, 174.27539323600564
15.729750905371088, 70.21893739221885
18.576134907776577, 113.89585968582705
50.06083295125362, 137.99214999613173
88.16566845693336, 61.4533607283968
34.25758443196341, 182.7364552160244
73.63086118664422, 69.73460553338597
43.659626066071326, 174.61677862192488
2.0270716899147168, 113.87900796799981
64.84007650009482, 137.7726011480545
45.96791995372719, 19.574211059281943
81.25178287607058, 128.60526275249384
77.55226405834235, 45.24129918411725
10.695910381978768, 151.46299498956245
36.462515938977944, 33.592795721099186
73.46782547401702, 59.356930771546004
12.456236783971974, 103.55317799452253
63.50409395099435, 72.86892105712275
53.83043672026858, 138.27404073326213
80.71151946738712, 94.6277020558216
25.591264400345594, 4.707739732383853
1.5089756789900544, 104.13258501522469
50.305877604139816, 32.890310552164934
53.230025912955355, 128.49439876185062
25.33019484433846, 182.02108203966023
14.805723590660392, 125.6739630334955
52.19320572490103, 72.82244502291174
10.34043083978895, 121.82950231918986
81.02803007628421, 65.25511748066617
35.898217724974266, 173.0918208217412
63.25637664884305, 9.862588160238172
68.98999166185293, 149.42059918538231
29.024644255732422, 102.8434052973628
38.99695001257093, 27.9766752942352
2.7936392965475454, 95.49781562664965
12.578830201916336, 23.104071816700934
1.7907543595603648, 92.46664880667332
3.24500238683626, 106.25230497252535
93.49249760927552, 139.9360009488046
72.8575970248287, 197.3315351450992
85.21841693242507, 172.78400704628703
23.33376092231003, 37.749891034466884
38.854352689111636, 82.65849947309599
3.4874242290047874, 141.5557461417976
32.82559854177462, 134.19013672622313
13.842781261827808, 199.99330346467946
24.8648784897332, 25.807463105051443
5.805859489241949, 194.70458580483398
9.188568723379497, 31.015550302414184
70.08590297406406, 24.564871822503818
88.61769529169212, 13.496917161294487
43.94421503099268, 94.09609357637831
35.93245392175077, 126.74790620094481
59.41150351820822, 152.671114123991
92.37310390359367, 158.67182322885674
47.37081779494379, 198.06744261954285
80.60637980733696, 132.88632079700596
38.86668016368885, 195.58374083801274
44.669759517965836, 99.19792954322739
72.02024422356794, 63.79846495266352
92.70623190698828, 128.13914145020172
66.51473140643346, 25.70844856493617
94.83190337842305, 98.48220971667914
26.01050466396808, 0.8542498668630882
42.66812526973373, 190.9872140254396
19.56587739489606, 163.5786642751621
49.63610880611503, 130.30747945861586
95.10102795747278, 77.1356766446527
21.331909685348315, 44.151339316007785
26.79774605444434, 166.22792155739495
107.48861181446759, 74.59914916012809
118.62281670235394, 125.26952030158331
137.25531973854967, 70.26915312330601
168.53203612617216, 130.71955638707365
154.8338491728637, 16.792626559696934
188.78076148329586, 12.824127046181788
117.12603412934548, 48.03980429606576
102.19195065343753, 40.54572674551928
183.58044730636263, 150.02842039637198
197.08491365146924, 97.7694201830642
125.3369165057589, 196.01493085110403
132.86826960598313, 165.69611595501993
110.13515557620141, 193.468225827605
106.5220310848742, 172.68002701206072
166.7417561455008, 74.17965089865335
182.3170845024474, 162.1552047420424
118.96256312874787, 195.35976245422532
112.34317156193868, 169.27682889540333
141.13819711036027, 104.19662536565146
187.49754924151284, 168.44683504550378
187.11358478137768, 106.50490706969077
164.56858978689183, 91.75108290587426
108.41462103482927, 24.109574922770815
184.53297469827774, 199.6098271792942
122.91741060874358, 93.17086702987511
122.56133742697268, 25.704293754884745
134.50578698957236, 40.83475871744015
148.0675315433075, 151.02751305049975
102.23678656089359, 182.7939023907323
150.8285134512194, 40.81427186511435
190.3215436361597, 195.63255479868866
176.19182431868293, 170.17673390387938
145.70137905462587, 55.351921188846354
123.6455013438348, 110.24260496149292
143.73655531363082, 192.62934550110526
191.97457293890187, 105.38352291247894
143.49339781138534, 159.24696106416613
139.96565444942837, 79.51071435705266
146.8608848623773, 18.439113336238734
137.30990757603396, 5.144804622288213
105.17504060648474, 61.7592252074491
193.57316621199521, 20.493564404737796
167.96760605604362, 174.27539323600564
184.27024909462892, 70.21893739221885
181.42386509222342, 113.89585968582705
149.93916704874638, 137.99214999613173
111.83433154306664, 61.4533607283968
165.7424155680366, 182.7364552160244
126.36913881335578, 69.73460553338597
156.34037393392867, 174.61677862192488
197.97292831008528, 113.87900796799981
135.15992349990518, 137.7726011480545
154.03208004627282, 19.574211059281943
118.74821712392942, 128.60526275249384
122.44773594165765, 45.24129918411725
189.30408961802124, 151.46299498956245
163.53748406102204, 33.592795721099186
126.53217452598298, 59.356930771546004
187.54376321602803, 103.55317799452253
136.49590604900564, 72.86892105712275
146.16956327973142, 138.27404073326213
119.28848053261288, 94.6277020558216
174.4087355996544, 4.707739732383853
198.49102432100995, 104.13258501522469
149.69412239586018, 32.890310552164934
146.76997408704466, 128.49439876185062
174.66980515566155, 182.02108203966023
185.1942764093396, 125.6739630334955
147.80679427509898, 72.82244502291174
189.65956916021105, 121.82950231918986
118.97196992371579, 65.25511748066617
164.10178227502573, 173.0918208217412
136.74362335115694, 9.862588160238172
131.0100083381471, 149.42059918538231
170.97535574426757, 102.8434052973628
161.00304998742908, 27.9766752942352
197.20636070345245, 95.49781562664965
187.42116979808367, 23.104071816700934
198.20924564043963, 92.46664880667332
196.75499761316374, 106.25230497252535
