224
67.1641065280777, 165.0842489723665
93.4055918481963, 176.3706715621151
32.5666446574931, 165.45302520278955
33.168566458477, 45.051484067744305
22.24315612799164, 92.08727301042242
74.27621103454916, 109.36368696653193
0.9421610590764331, 151.15676862706093
36.71287851854848, 6.765047713582262
28.538052806770295, 168.24809885290873
31.99328965785171, 196.0493356740012
0.37909104343480937, 145.5296084305774
85.35499507572992, 150.8325403325629
47.1967509276581, 89.38994305069127
44.05936598778154, 55.73704865299995
43.26156466575622, 29.716954608114065
67.91243359399957, 88.48134745115267
57.62671938771424, 86.00003135533143
30.383126242893045, 26.79269364806465
81.69536247757893, 6.626575508043917
51.76545034960469, 196.12368193386814
40.71647737786914, 159.74406087995555
17.138532455130168, 91.2134966438818
17.45598221435629, 25.775066694890086
64.62061743750148, 87.96861953059842
80.24794192737994, 116.54537169975453
37.17469868625049, 157.32060828023114
89.34399802224371, 131.38204615024125
22.371512498008634, 179.35286568800626
27.406982640644067, 144.14760972619018
76.30865680762358, 77.44134845364415
86.255251418732, 97.15260756118573
7.555861154478492, 90.13820520373628
56.27851203277345, 158.62211042224328
51.815486283962045, 170.35696150342613
50.93243285970342, 72.45352064534933
4.3516567901638386, 70.55353128103098
14.416992765815316, 90.6385948795945
17.37950583936093, 97.13464815604368
54.296184675266495, 147.02816674604003
36.379029174264744, 17.301481274795318
79.35242308732796, 79.19773950782543
72.31586149347294, 186.90667355476222
80.1393053636329, 198.02214621300539
46.80021928958286, 135.12785190681754
87.92447241318976, 4.896353991112544
23.49120372620405, 125.35232636041157
44.00814946279168, 64.88632331415477
55.55016661905604, 4.7793093266091375
57.58923980107481, 81.9554069858219
67.74900665488053, 149.44753374152737
48.781785466630424, 128.50685540134742
99.31699701312024, 37.007898819821506
2.5652595937236624, 151.14603928951982
78.15671753711516, 50.589390226219216
70.2990106961457, 42.6946495452756
63.21960673697986, 33.21020223712112
64.9073709467758, 130.7937264182215
73.96413233626545, 0.9774619586785249
44.89857779683574, 75.76244541131615
93.56908791924349, 55.250129737085494
42.73395362486994, 122.80570247465339
58.29251607709454, 163.9432991281161
94.38988844379952, 58.20348001353895
50.98329261540222, 85.13496149321756
30.95665525826711, 139.41170647392966
5.812862371659366, 9.71536893113032
16.841225734072907, 77.41685851004368
28.13543269449874, 77.14082252352247
99.56371351854496, 122.20532988298548
90.62599642240342, 81.14738552108503
9.768708015590622, 98.30535038860648
26.818900332599046, 155.83756558329873
43.638310274962656, 58.36162072674865
36.6324535435871, 186.3214025118087
22.573745578930456, 40.05578137857407
13.761570353407546, 135.7939101626054
12.125174147347082, 87.51788737063147
77.27839768199308, 107.27516392277926
52.70372715409448, 45.43580660488313
78.70249001529551, 33.3946773166564
4.772231381504755, 156.09292885736343
54.30498023866988, 11.851861624011239
49.185687403087364, 70.5343642616222
68.88653262522402, 90.15242930436678
66.42683217037188, 122.5077677413627
10.900995699649563, 121.85018223904069
8.915264945032941, 9.749986259770616
37.92115579331102, 165.01824106494288
96.09401055822674, 33.53816883703511
35.715458582428475, 154.2270774318261
85.96900944842362, 29.196005680070304
85.73543167871328, 172.32843532526826
6.507228202545723, 32.34353771311249
10.361102761395458, 39.350768476477405
54.38831457244843, 41.647764263103085
88.94135508126894, 199.0091792876047
53.201527943012664, 179.0598129134885
50.088633858575584, 146.5572400014175
77.5171273594109, 82.16801021709388
98.42228978253584, 54.76839123474293
22.720540838951553, 35.03299511199833
99.2602471493258, 154.0273383214228
29.58982924433885, 148.39340252768793
83.63598141797618, 126.94190855269395
33.173835962997124, 146.37197320686147
6.035301845686014, 157.18964097699114
93.9066783573896, 170.6011428200515
19.696137930030577, 27.99959575157871
98.44419750463007, 140.30136954420362
8.552691107823184, 147.059268790207
2.480545435778725, 80.03853222520969
70.0717547985966, 167.5309726395811
34.363469758052375, 181.85290149563775
99.47397842558935, 114.7680992368072
47.93961920848261, 186.34135359021948
18.70385760543313, 131.03446687632834
88.43325922208813, 149.38168671844198
78.63453720491756, 157.59673799674056
50.46668663140961, 122.82683222511814
3.6830869733120553, 126.7656775737945
89.65534248267032, 106.76739333596119
62.336890931433345, 73.97137270532572
50.93243652565208, 139.69458676796353
66.3150002614584, 193.7829988495654
24.06217061580672, 33.57876574834569
18.98807301122014, 6.593337847261371
48.75851470450973, 11.15780544828986
3.8679626346647678, 193.96261577622911
14.501895566567956, 121.7102657446097
49.89907894529202, 116.57935300311463
13.58875071057425, 162.85313544141405
34.873544438088736, 71.00793093281258
29.52516275148551, 137.31895799193515
72.46780914890624, 38.32339238427882
26.426024065970388, 27.30524436977404
41.59477285331455, 178.3251419333651
61.18949869903613, 148.5959212279385
52.4992620229107, 188.49538292709337
53.454371028772904, 162.07122961140297
73.25621437212621, 173.16043366041785
81.67484717163602, 186.69818633455577
2.770458345119331, 155.44539058633356
69.48497760993085, 23.805907407414328
75.39407209505609, 28.53829204362379
118.42263921123524, 144.44922481418243
179.97540740459067, 195.80919686677112
176.49199567139112, 161.70014247390588
194.93930908075768, 98.3426712198737
127.22411152347422, 45.04820553113584
155.07090483708876, 187.77846629520192
148.91174556750502, 188.2680382923113
163.28712148145152, 6.765047713582262
145.3036875221466, 143.40661382586077
118.68223623989084, 124.16306533711084
199.6209089565652, 145.5296084305774
114.64500492427008, 150.8325403325629
103.18791295462243, 61.84668420720687
155.94063401221845, 55.73704865299995
106.12969008630508, 29.48313205205666
113.60628432704605, 113.37626656880518
109.94204878337682, 46.58056481910173
169.61687375710696, 26.79269364806465
156.72474660218288, 14.235091421981426
148.2345496503953, 196.12368193386814
194.19495013630566, 130.78838316482114
166.08246672602877, 39.73552630124748
119.88759848368001, 0.46371070148159
121.4015017418504, 140.95299132950916
103.17795804675343, 165.93449924771178
162.82530131374952, 157.32060828023114
143.35177148994015, 111.62560820916474
123.99716661867586, 164.1893232222959
152.71586244356016, 74.83750736895638
131.619298354622, 57.91654001425006
113.744748581268, 97.15260756118573
158.3073079446976, 167.31710227692716
131.6739167114241, 187.0198549224837
186.0502629996558, 161.98984276566884
132.0412292344344, 0.6973330496656382
195.64834320983616, 70.55353128103098
150.2890354022124, 111.28464093813358
136.31568904538895, 130.8632313705546
163.75414260501418, 141.2567895999611
142.15703914824252, 25.590469718339047
178.89976298760746, 67.42788842772099
189.27793619259353, 179.11346443853157
119.8606946363671, 198.02214621300539
145.3341003568207, 119.83992037315929
129.53611754647147, 19.663199901619887
157.63570067029426, 178.6751779706516
155.99185053720834, 64.88632331415477
117.06775192387063, 43.57748697409167
192.9998281243558, 54.73965887760384
167.29545308476702, 103.1194103045653
192.5389172085952, 84.27747462511317
106.89646762779266, 72.7063560550786
195.83106915794198, 78.66534541547914
104.70910597999999, 3.462539375181639
144.39610859966632, 49.16050470614086
136.78039326302013, 33.21020223712112
163.7081101027855, 94.5067024689103
177.09197510405897, 59.96704086920914
194.2418613964074, 83.2090541811134
184.46832926950546, 48.64558635333827
103.04069656362145, 173.78691253400237
147.81434540029448, 108.47115579789394
119.28825523201027, 134.75997219099997
139.4838270223501, 158.06290661738836
169.04334474173288, 139.41170647392966
194.18713762834062, 9.71536893113032
126.63002519617966, 141.61115132502118
157.5125563263546, 80.87121318494215
124.39208699895306, 191.4208265707256
135.44350345914566, 95.5919601533743
190.23129198440938, 98.30535038860648
199.53960966902756, 153.18446232580584
118.40343524487287, 16.95197067120693
163.3675464564129, 186.3214025118087
190.4280243205539, 62.67081633165217
169.36924341137512, 169.59403626620627
194.23935825246278, 152.86019346524992
137.7597193059753, 122.28968869077784
106.86675116899193, 47.32174947969434
167.90690999983659, 81.88859418117302
