160
46.240546407312316, 80.46129108052486
22.70101625100024, 176.79323295243657
30.40260595606642, 114.77972369846282
77.02460362845312, 173.51005728489287
34.9071312654455, 173.52541699022214
3.28286357950158, 163.13477754110633
66.32450537367326, 144.63096785847986
8.471480058707812, 112.7725772531443
23.59281317027379, 160.12101959843983
58.668449118796914, 29.649357687807722
36.01060522386632, 178.72132495175163
3.499642120722797, 1.4959233029562
39.65864855694812, 68.25954366252404
81.04845668939686, 6.526836929714328
53.35300063937071, 64.07335028905811
85.39657733291139, 94.89621658384215
42.63297364199943, 146.52672338445828
13.850140572980266, 159.32147645719044
61.14597919010681, 186.98961147993714
12.320842979771962, 91.57589144499173
45.71010551585935, 131.0758587460054
7.796946945681402, 103.24457947781418
12.468271634724564, 122.67148536272633
67.20884311029009, 112.68771603418604
53.33055273402926, 131.7480862949896
82.25385988356499, 186.96507618533616
5.828425923938656, 169.8431179458442
79.57359546472519, 88.36070829856126
7.678956715304032, 81.72079748159939
22.95022389332979, 107.90511877859515
56.1590145728342, 172.53265040775648
29.76303982691209, 147.21403129952824
2.2690315682920357, 138.28966229741397
22.207227114625425, 155.4217427521309
38.79357113745899, 184.51589574221947
92.37917491489382, 187.67351119508416
77.92085308807123, 72.09418129458473
94.1720287958658, 79.88100993734953
9.30970193223905, 163.65202327932064
76.16167033067492, 69.00909455503236
54.71106870073302, 161.33534202818345
31.80346202596239, 117.06797581672693
4.442435703510604, 48.729321236633545
27.808591721986293, 90.68170759587828
73.91674832803419, 127.38518992750714
0.5175040059034259, 37.405421487540636
71.78935461760935, 38.52184596650873
4.264867640022857, 123.07805925644692
65.25062365359584, 141.67936671053758
92.86434489611189, 116.84071672128061
52.7006689636922, 169.31015545301727
37.19062495072983, 46.17685882803404
65.99147766533413, 124.64903355211882
98.7764721218909, 63.18258789384329
17.630386502854194, 75.69116272951817
55.77172065826478, 152.4455287321549
9.419502805564832, 102.75185899389642
65.32491473239537, 9.612235303125232
44.10136830989213, 111.23750420238457
85.67769146632637, 104.29144477310797
0.5084553816966633, 33.22974763843336
90.61596243882663, 103.67443857045564
94.28635229192469, 152.78768576654838
81.85455223580163, 131.20240802263748
23.04175510490063, 42.72795644317688
68.3729527461179, 2.8401564241471675
52.44019156473604, 24.637036516540462
8.63937409118985, 195.98926479379003
64.85534669459241, 196.38867911464368
30.356039094615223, 72.64006568839334
21.165905846262053, 144.50512090544677
32.78538408971653, 7.116040692223391
24.666359323255996, 15.099246756545437
97.00339477829786, 136.28519280579098
68.89613799591733, 111.38135107558878
61.53371595711332, 45.29381224953915
22.271979201227545, 198.64957613086796
16.877146420172533, 161.46030822365776
27.709918893530833, 117.92607814088058
58.640988238109536, 1.2013813022493984
154.27079630614293, 19.922878666039168
115.0291580090834, 196.03243476579794
186.69679349951485, 190.70246417860994
172.05597216366357, 141.64273725483622
111.5673145279629, 187.86755435614444
150.35488527633314, 91.06060730777781
124.0783010135987, 133.9951090596849
132.82558122825793, 65.73170709153737
193.84508345982036, 150.9188150437579
105.43078890625831, 106.71425924512722
156.46962007619283, 103.93091323358156
149.3719620714714, 38.29940038831738
178.54056320680368, 26.711042782752337
109.64481972537958, 27.073178194341097
126.95297390395753, 65.60165149180975
188.50327410484093, 32.67926113977229
107.19191052896562, 108.16581922442225
122.35510561597711, 162.59144026175295
173.13371932415757, 112.31779793019241
191.44223143661054, 11.824718420126313
192.74088189570253, 81.5142672779182
181.24897779065162, 179.19852326309788
189.77100749192329, 109.17383998480989
147.58331064292798, 120.40184339688179
146.41521755594232, 179.14623876963066
134.64227506105027, 190.0802067669381
180.60323898065246, 183.6754073646427
193.67607341928021, 63.071290704630336
162.27231154956576, 152.23773153187196
109.65777295554126, 91.05063077057834
147.95449155470456, 199.417724179998
118.55698729627645, 186.36417335286416
131.39714358785687, 151.06683899904732
105.63942053285831, 143.68625794420126
166.51164735739957, 194.51430690106983
175.24021951811494, 115.9459209125028
102.6992259148117, 53.65064512656019
125.45023217934302, 56.23881367801842
113.75417370264387, 173.5335589757281
121.4764159120873, 10.069656163346563
130.6895720091444, 120.36480193058385
106.90768608889236, 158.40192518871592
157.2283686019548, 1.8936869032681658
172.35072601132984, 27.86680334192504
105.2584924907598, 105.11080855242784
161.13913473549076, 79.09690962916783
133.84923455083, 25.832464443216317
169.3538281030922, 64.91951505600827
188.1451898357824, 174.03065223060796
111.33843582083108, 48.556458680224715
195.19242559888576, 149.2023625963084
102.63640824894694, 111.62465846280509
127.38814238600703, 74.24861754136174
125.20799774487416, 4.465699437774351
126.67509618220633, 18.51527213531505
120.70138498653708, 194.59583414835916
154.95369951047198, 60.81763403432727
148.58406441688368, 81.2244162586907
131.98340266027833, 62.73430301171232
148.73346372980564, 180.42192860115333
158.7047697668694, 58.50262216485762
175.7316731649574, 141.74114664882072
152.44459680410299, 156.31057133691365
138.3349290660279, 96.61472961242832
139.17822637886042, 51.027816304264476
146.14978692304342, 46.90823080800948
126.48639814873458, 63.35539617938959
118.16363347859917, 197.767902171588
171.88155685983077, 165.8043965271482
195.70579529664425, 135.69948742471894
188.93037464118754, 114.44528036590663
115.27926730317327, 11.140523336507568
123.6552625886545, 12.537092848551335
159.0736557446037, 86.86757160179006
172.08757094130357, 66.94498795623136
177.24371775499208, 38.27340950369129
148.19057034733453, 171.4350527215663
177.82897272494677, 176.24681386249102
148.95732684949672, 141.56564825019703
175.4225299032596, 12.920830150617245
