160
92.61668321927698, 191.47278296223698
16.97075834941184, 121.57949165182013
44.90739102282486, 24.853073189984176
72.92219228647924, 173.92862682692112
58.97623523672687, 184.89894454833055
63.57034018975529, 123.19368328856997
4.8761884138640905, 79.32356659061537
85.17142178639386, 154.23252505734354
40.011030262125225, 172.87862903466961
7.411801479343783, 140.52339706272065
44.73877310119839, 62.01217316394716
43.99728861565221, 151.58129921655132
89.43612678788413, 137.18752738570544
8.466896461536022, 195.6574974433607
94.6542222561776, 173.9456075405038
44.11183036063153, 185.8729229641311
49.777378642115856, 171.68578677273527
55.26795262496108, 184.9841718968457
2.8829429935448903, 4.3649611316830095
1.4224060479152256, 143.69940038381503
59.81317045090697, 18.96988526354082
28.526125494632893, 32.00055615171238
39.25994210575906, 22.987242673948003
30.874234026232205, 119.70800372109301
35.95929983936418, 159.92743166095062
76.05767594963233, 115.50408507216913
56.64263241047621, 165.8911243598142
39.69238889696748, 78.12707845991005
89.5273120552625, 85.8343219071607
59.64442344390842, 140.38928291813136
95.7103934276304, 97.54945079342845
61.41561724318465, 79.07217171301583
20.22260840640059, 21.366586743709505
20.48730911449137, 29.104065193105665
14.811852484507359, 127.03685817509924
97.01759046665991, 70.54595618871315
70.01330989830625, 9.103864442957942
38.437294718282075, 197.55680971749248
62.28898202777422, 135.82019822831165
39.03221649346842, 27.34093338526138
57.52630782660797, 111.70387896592347
15.14494006806012, 155.8470779748528
0.22630908439302821, 98.41635509966747
32.11155049416953, 165.31949611562905
25.701631391220058, 26.148468284287407
88.0494992522803, 54.33898032279534
32.957232878087005, 81.25776547757049
60.65217229142089, 29.512958612564066
65.32430598627379, 140.9664046477727
16.229020099628677, 178.71835956295655
15.256676363520372, 119.27687566810006
34.40242685141496, 0.5445414081765021
71.44837883139458, 118.0930308186468
37.97178785157642, 84.55480863553166
30.188909577614844, 138.6698558675779
69.28376546176798, 24.140889732729676
84.1868472382546, 98.78735239146789
61.34381911474127, 132.12629900907993
6.413309738994622, 127.04772277783059
36.92839140133293, 99.43227325410977
20.949913136803577, 139.11020997198546
24.57143746158349, 10.969893531133357
94.12447787546958, 73.366760845511
44.094592024740464, 5.30201435017208
6.839735254359347, 107.68222023402147
75.28484626377457, 14.652397272582519
51.40409407790869, 56.37403994791963
50.21317146700298, 38.918790552080296
13.106336779058914, 39.19726928040428
60.30204560492447, 121.86441563986259
14.680592709530382, 165.784756538393
38.62663353136324, 10.805243138815147
32.96430012382672, 152.00128588587927
31.59105933529537, 148.63606939936497
11.66974391152431, 139.08213083932952
13.635159704983213, 45.403166561083786
39.52262029987641, 46.61028321268517
16.108663481220532, 102.56569511614484
2.4207739216844493, 57.766354605894186
3.043250266058195, 90.04460002471679
107.38331678072302, 191.47278296223698
183.02924165058815, 121.57949165182013
155.09260897717513, 24.853073189984176
127.07780771352076, 173.92862682692112
141.02376476327314, 184.89894454833055
136.42965981024471, 123.19368328856997
195.1238115861359, 79.32356659061537
114.82857821360614, 154.23252505734354
159.98896973787478, 172.87862903466961
192.58819852065622, 140.52339706272065
155.26122689880162, 62.01217316394716
156.00271138434778, 151.58129921655132
110.56387321211587, 137.18752738570544
191.533103538464, 195.6574974433607
105.3457777438224, 173.9456075405038
155.88816963936847, 185.8729229641311
150.22262135788415, 171.68578677273527
144.73204737503892, 184.9841718968457
197.1170570064551, 4.3649611316830095
198.57759395208478, 143.69940038381503
140.18682954909303, 18.96988526354082
171.47387450536712, 32.00055615171238
160.74005789424095, 22.987242673948003
169.12576597376778, 119.70800372109301
164.04070016063582, 159.92743166095062
123.94232405036767, 115.50408507216913
143.3573675895238, 165.8911243598142
160.3076111030325, 78.12707845991005
110.4726879447375, 85.8343219071607
140.3555765560916, 140.38928291813136
104.2896065723696, 97.54945079342845
138.58438275681536, 79.07217171301583
179.77739159359942, 21.366586743709505
179.51269088550862, 29.104065193105665
185.18814751549263, 127.03685817509924
102.98240953334009, 70.54595618871315
129.98669010169374, 9.103864442957942
161.5627052817179, 197.55680971749248
137.7110179722258, 135.82019822831165
160.9677835065316, 27.34093338526138
142.47369217339204, 111.70387896592347
184.85505993193988, 155.8470779748528
199.77369091560698, 98.41635509966747
167.88844950583047, 165.31949611562905
174.29836860877995, 26.148468284287407
111.9505007477197, 54.33898032279534
167.042767121913, 81.25776547757049
139.3478277085791, 29.512958612564066
134.67569401372623, 140.9664046477727
183.77097990037132, 178.71835956295655
184.74332363647963, 119.27687566810006
165.59757314858504, 0.5445414081765021
128.55162116860544, 118.0930308186468
162.02821214842356, 84.55480863553166
169.81109042238515, 138.6698558675779
130.71623453823202, 24.140889732729676
115.8131527617454, 98.78735239146789
138.65618088525872, 132.12629900907993
193.58669026100537, 127.04772277783059
163.07160859866707, 99.43227325410977
179.0500868631964, 139.11020997198546
175.42856253841651, 10.969893531133357
105.87552212453042, 73.366760845511
155.90540797525955, 5.30201435017208
193.16026474564066, 107.68222023402147
124.71515373622543, 14.652397272582519
148.5959059220913, 56.37403994791963
149.78682853299702, 38.918790552080296
186.89366322094108, 39.19726928040428
139.69795439507553, 121.86441563986259
185.31940729046963, 165.784756538393
161.37336646863676, 10.805243138815147
167.03569987617328, 152.00128588587927
168.40894066470463, 148.63606939936497
188.3302560884757, 139.08213083932952
186.3648402950168, 45.403166561083786
160.4773797001236, 46.61028321268517
183.89133651877947, 102.56569511614484
197.57922607831554, 57.766354605894186
196.9567497339418, 90.04460002471679
