208
3.4281085678295686, 147.10583337968745
71.14945501064017, 151.49226580152114
28.076219344175215, 27.850297179024253
63.44479262597027, 73.15205181799674
84.44733558903741, 150.6439164750533
84.80995799432436, 197.0189019544556
71.18430638633167, 3.0038970831874456
66.39584058316788, 2.6742398904307185
3.7244278356586946, 87.2842406550636
64.50974694034637, 26.945824655815475
52.714300578128494, 132.37679281210006
2.331915588287947, 107.28301756468144
26.9691620060065, 29.09454885941509
34.26282028377481, 101.40402233740777
56.169205642219275, 97.41706408240212
98.99336157126905, 12.909172592868746
11.087470579738955, 114.81769822138641
96.88975246215966, 180.32305199887972
58.40374236116672, 124.75843509219402
69.06919627767239, 3.2694582362178926
50.80486738219345, 158.11564527699227
16.14928393832914, 25.470782687178108
73.56615115204833, 44.69182999440737
7.003267523755818, 155.7080151338251
86.21222745392824, 176.50254919988015
13.767180193550942, 106.27795733629128
93.18973605218592, 21.770410474973943
7.863758455493874, 27.86884130341367
33.253631780907476, 119.43326895598902
82.75983622358568, 183.30898460844662
68.76148313478434, 56.15671918274365
15.217948846459162, 85.75597774893227
26.991308231680676, 44.074510197737446
8.969420290229301, 19.427088892707857
32.185050956439035, 110.84824895425226
72.85761403136829, 48.28642660257492
86.2120603532313, 9.041450539566686
70.15825384101133, 5.835383251205739
3.6545819682325953, 17.364482307948602
59.37385866665215, 142.94490669697367
86.02280934518296, 143.0248299987024
85.25774939290876, 104.87052021861574
50.73828282581228, 189.6530655163301
20.359400074986734, 142.5091609909682
84.45439490036891, 69.03994610951436
99.7212973729613, 143.28727280772137
54.54393254380625, 184.06078130623226
46.36520479923061, 74.78522568112295
9.764966937983544, 44.93420509229422
91.0652541703922, 163.35942150243926
23.89520678554746, 159.58533378864834
15.276317424238428, 116.47909966606653
20.608016785827743, 195.05960763883988
49.84782419393936, 176.34495956312796
65.77923040467269, 181.64528480883806
91.52694172904674, 11.809290720220611
30.691177935043978, 188.95115263463336
6.274748228680627, 129.29080455463097
18.355567088170833, 161.56902419782767
84.8220815017944, 37.24822257759701
81.669066633788, 26.926635928174925
35.569321780864435, 56.63112565204847
70.61823399939358, 160.55639853365255
81.91754066730562, 97.35927687240633
45.17098818183758, 151.1878648569793
87.55944763389245, 22.343824394950552
81.25173972652803, 142.1044911168632
59.568561161652454, 11.895735344292934
27.96108988710786, 93.97459527954577
42.33306673903964, 81.29432238935854
93.02818810840455, 86.3776165570356
19.630091105629866, 83.0100041906912
37.49441752597481, 160.69758512241847
77.28110557459962, 138.4336201476257
24.277285903916336, 174.17974416400224
45.61039740060859, 36.11878867900031
98.4736488545813, 74.12152191251171
72.33448100126986, 91.65374784955753
75.33644733437885, 151.5850337337584
33.984846417891305, 169.45315745687176
68.47058026461004, 91.3627319490211
65.21820230815591, 141.33525262020177
50.413683232507964, 30.484470470498582
79.61011411058271, 79.9298898251217
95.68324122999483, 0.07950697003378249
99.71194287636138, 4.375923443943153
99.46119544438686, 66.19930310113438
67.62593845633957, 85.74275430283878
55.81260204982462, 159.51250096889999
61.432830771808355, 72.6273928007529
95.74689521094545, 41.819662064064445
64.43974141926597, 4.404781600759011
24.654710145879122, 101.75290921090776
43.07332565923595, 13.583808560062138
88.55840905494269, 131.48366338914968
74.56218490872183, 162.1667988869929
86.20472215965738, 46.096465071115404
89.00915754149814, 168.07047167968258
39.30730320486596, 57.569583844297554
54.494522405502686, 165.4924883537889
59.272100036192896, 116.60655662238122
87.41647652206892, 44.169157995084184
72.93009097745912, 156.16090735973552
33.07701085574091, 96.42759453852159
60.6024185256108, 45.35053055268157
23.373428553693685, 197.54045968323106
53.85039099469052, 163.30191317713084
49.46645716902498, 141.8976621810902
63.2875255978317, 92.57891240385632
18.962547073831114, 166.0221673652555
57.434974632482636, 166.15431954691678
12.816342568779216, 160.91304671385208
93.25705719062796, 108.53774572214351
0.1780259786313798, 143.55086986640632
56.25185355595903, 125.58844823748075
11.578323517910716, 90.71180276856634
88.30216528049638, 104.7700095974898
82.512639524927, 73.59790987396595
13.350661136515473, 10.213307717329933
11.681210837924194, 18.923662563879052
94.37639156592935, 197.83386137716224
26.403334648005337, 194.33064302449137
93.19691801079168, 127.00246784158016
62.823139686244055, 76.47644908989233
75.3085400374754, 138.72707771256694
70.62205106833646, 71.30905082795277
24.58446325488466, 23.663512341813565
90.19963300370361, 184.3508877761159
196.57189143217042, 147.10583337968745
128.85054498935983, 151.49226580152114
171.92378065582477, 27.850297179024253
136.55520737402972, 73.15205181799674
115.55266441096259, 150.6439164750533
115.19004200567564, 197.0189019544556
128.81569361366832, 3.0038970831874456
133.60415941683212, 2.6742398904307185
196.2755721643413, 87.2842406550636
135.49025305965364, 26.945824655815475
147.2856994218715, 132.37679281210006
197.66808441171204, 107.28301756468144
173.0308379939935, 29.09454885941509
165.7371797162252, 101.40402233740777
143.83079435778072, 97.41706408240212
101.00663842873095, 12.909172592868746
188.91252942026105, 114.81769822138641
103.11024753784034, 180.32305199887972
141.59625763883326, 124.75843509219402
130.9308037223276, 3.2694582362178926
149.19513261780656, 158.11564527699227
183.85071606167085, 25.470782687178108
126.43384884795167, 44.69182999440737
192.99673247624418, 155.7080151338251
113.78777254607176, 176.50254919988015
186.23281980644907, 106.27795733629128
106.81026394781408, 21.770410474973943
192.13624154450613, 27.86884130341367
166.74636821909252, 119.43326895598902
117.24016377641432, 183.30898460844662
131.23851686521567, 56.15671918274365
184.78205115354083, 85.75597774893227
173.00869176831932, 44.074510197737446
191.0305797097707, 19.427088892707857
167.81494904356097, 110.84824895425226
127.14238596863171, 48.28642660257492
113.7879396467687, 9.041450539566686
129.84174615898866, 5.835383251205739
196.3454180317674, 17.364482307948602
140.62614133334785, 142.94490669697367
113.97719065481704, 143.0248299987024
114.74225060709124, 104.87052021861574
149.2617171741877, 189.6530655163301
179.64059992501328, 142.5091609909682
115.54560509963109, 69.03994610951436
100.2787026270387, 143.28727280772137
145.45606745619375, 184.06078130623226
153.6347952007694, 74.78522568112295
190.23503306201644, 44.93420509229422
108.9347458296078, 163.35942150243926
176.10479321445254, 159.58533378864834
184.7236825757616, 116.47909966606653
179.39198321417226, 195.05960763883988
150.15217580606065, 176.34495956312796
134.2207695953273, 181.64528480883806
108.47305827095326, 11.809290720220611
169.30882206495602, 188.95115263463336
193.72525177131936, 129.29080455463097
181.64443291182917, 161.56902419782767
115.1779184982056, 37.24822257759701
118.330933366212, 26.926635928174925
164.43067821913556, 56.63112565204847
129.38176600060643, 160.55639853365255
118.08245933269438, 97.35927687240633
154.82901181816243, 151.1878648569793
112.44055236610755, 22.343824394950552
118.74826027347197, 142.1044911168632
140.43143883834756, 11.895735344292934
172.03891011289215, 93.97459527954577
157.66693326096038, 81.29432238935854
106.97181189159545, 86.3776165570356
180.36990889437013, 83.0100041906912
162.50558247402518, 160.69758512241847
122.71889442540038, 138.4336201476257
175.72271409608368, 174.17974416400224
154.38960259939142, 36.11878867900031
101.5263511454187, 74.12152191251171
127.66551899873014, 91.65374784955753
124.66355266562115, 151.5850337337584
166.0151535821087, 169.45315745687176
