160
22.5247063146207, 36.27330179390497
98.23653974096699, 20.027748935666185
55.92468677770998, 46.55363760522458
22.790554738825996, 136.66173835291835
16.676014651076088, 150.49378435944953
99.26843819327074, 77.97359826945463
70.91512374798631, 131.4309873147187
44.78018512841276, 159.93910124399258
36.186205074508706, 187.99931513604506
36.606131493797776, 144.54833787114717
54.87187929370936, 84.13597076966909
60.23119446182912, 192.0086289087995
81.87464602276174, 152.2894863325522
56.35401659872289, 94.31318157285271
47.19233580319583, 147.47345175857492
96.7522740589801, 113.36871168549573
43.89024208985106, 184.20977730669426
94.27303807148245, 32.99866655951491
37.66277287391822, 43.55977996654296
69.36810640156195, 149.15156123564697
98.2911957079927, 159.4366526756363
35.00776491832123, 5.961017949209413
51.217878211666815, 42.401593142523254
1.0946339831835772, 125.05031436889392
79.5310728912499, 34.437555957437624
1.2978491598756463, 189.39234014129804
48.633376069663036, 126.06070800289517
48.576439129297086, 65.01974356927059
51.62528758077325, 51.56301003763362
18.00451118019514, 103.81798239903063
30.55902256349595, 62.21820067897903
93.87652731101373, 24.526552149115233
36.929067864007244, 36.53013933278577
90.05254384274683, 5.445940974212441
12.614392015774811, 116.96988238839656
85.8187739259048, 14.32899720114235
11.059626557909642, 89.01482223221005
45.46455447191734, 134.6677231041619
96.58502667716238, 60.67788829238803
81.38912862905114, 25.670872259830823
58.7851639084358, 145.14210654795062
9.9545217770819, 182.170818387699
56.70289041404289, 76.03898483917993
38.736865167402556, 53.314923718967
86.82020857779513, 6.252774906573407
2.8340792299768935, 17.976670331822238
55.701880510469586, 34.36745446865932
47.20029488898888, 79.72513797230923
99.13890265421676, 128.32552787625102
3.3221917196757147, 112.93236789672326
57.13500148839813, 62.99230333392204
8.647642780338582, 116.886476590178
4.05119657188094, 121.87743651221143
85.57485564297365, 190.3311213980873
27.91825955090364, 127.55901225205594
83.03181535965105, 172.7475096110634
10.961537244746385, 62.633059671809015
69.95431147402401, 160.1118456409538
38.67633733842477, 137.6859618215155
55.404988180008836, 118.98292421750047
2.185644924073088, 184.4958300567326
43.222531415152524, 17.159504606341798
79.93896543636149, 124.79034961502512
30.06580350063517, 98.5916050769921
69.04256908937957, 135.73166393971132
90.18882957106457, 91.28093619849847
9.614715277757103, 87.92446200242185
96.82674561498382, 100.02984562651267
53.291368645601075, 102.2944238976104
3.137220178567034, 39.945792133670636
70.91667444489563, 102.89839892845748
47.70872506978806, 172.67222964437627
28.610177135930314, 89.58749491732013
48.39898278320518, 74.66757816574719
55.815869785621274, 81.19974168590183
46.53599793312879, 192.74964352969755
48.73320175344821, 46.67818082846513
9.854504721192669, 135.47028717841738
41.93430175746261, 123.57920995482885
37.88464496012533, 191.64017940934826
103.06177385286477, 29.691971848146316
109.86018396657232, 12.343848452716589
150.82072359960392, 9.213444267267379
185.4084332094073, 156.4443804137873
107.50459499112839, 112.4833135844189
118.44436366824921, 4.504561385318273
135.96367360302673, 148.27669845468753
198.97683864818237, 119.94014712694651
169.47298490469205, 131.12396654512014
163.39386850620224, 144.54833787114717
146.24329618132617, 159.16488832126635
139.76880553817088, 192.0086289087995
118.12535397723826, 152.2894863325522
195.17095469310854, 56.20126037587889
152.80766419680418, 147.47345175857492
137.26308179663906, 52.203703312996886
185.63871406166416, 158.76311578076735
133.2484518805734, 7.122917643998639
168.0136448850665, 31.105135176130673
118.6321211886127, 166.0778529719005
101.7088042920073, 159.4366526756363
133.9181850547621, 48.15128466919207
110.10866610792395, 71.46735915512063
198.36587372865483, 183.57463806245494
120.4689271087501, 34.437555957437624
140.21704737389638, 160.44378659725268
112.1004852948666, 193.89082810909318
151.42356087070291, 65.01974356927059
189.5528508846861, 116.44337382437972
187.96420016478334, 150.56678166071706
169.44097743650406, 62.21820067897903
155.75369661934258, 48.927254813542675
172.5984926711309, 64.42786655199215
176.87725624899434, 33.97784627532712
187.3856079842252, 116.96988238839656
131.41033107966388, 47.38068230979599
188.94037344209036, 89.01482223221005
107.0319904120665, 180.3353379810416
159.21331807033596, 136.49088363084854
184.22133203784722, 25.333363328329206
105.31629387743105, 106.74341488511243
140.7600438903056, 168.5199764741708
141.2615994116824, 26.32205810478212
161.26313483259744, 53.314923718967
103.62965192399228, 17.233226092269007
156.7385148366057, 2.1335198132596433
190.2686518225522, 53.87768525271983
187.51985456372364, 3.4014013112165786
148.8809334562583, 57.52220717417671
160.059745865767, 126.45899489846275
136.48536995164392, 119.3507779491377
191.35235721966143, 116.886476590178
171.78005406037346, 186.44827458196258
128.69864554587815, 188.31062493809557
197.7805207923987, 195.93391748831272
187.4490694001912, 110.42840363386
181.98952673197658, 49.56216038659213
130.045688525976, 160.1118456409538
106.57985946876569, 190.00660195290044
178.0403544538315, 193.15279311816684
172.50593600389152, 191.75790404526398
112.68873718592828, 64.20539453962594
198.22640634899298, 152.33981889075002
161.233592572027, 96.01630229427388
178.71233437856483, 99.32767147477304
109.81117042893543, 91.28093619849847
190.3852847222429, 87.92446200242185
135.7084165088799, 23.45448235041556
193.52773695976998, 53.47010030047228
160.23049998050493, 110.29128159507289
109.13547051702092, 32.93612682576597
158.1148536184932, 94.91444447143111
105.42384537157669, 160.35271340662248
177.086231093219, 19.842891585045884
144.18413021437874, 81.19974168590183
164.77739993446534, 175.29154390946488
107.76013964793792, 39.52215650165532
169.54739341704163, 156.66675510855637
135.5998050856004, 197.6213186535494
149.56772441722268, 164.84678574227942
