160
82.1994968238653, 60.961440097672025
11.16829617929018, 79.22993357600839
83.3634173070075, 2.5596383599151125
56.936238223819934, 60.82412567594193
36.70784909454282, 28.674748319005804
48.667450105260954, 17.956637785872935
26.98088325432233, 176.6765377091534
32.16198837013975, 32.89116369096997
10.842000298651227, 128.68920696328047
16.844384542629236, 40.36757487571248
70.21849210551426, 88.84000252571761
51.823823655051704, 78.29647650283445
74.5671999016703, 38.66441837111188
25.122661993022465, 186.1723800162197
9.495904427790425, 36.66915688257126
13.042101106917741, 77.02132048282797
97.0392363672832, 189.49272853388257
15.199105372655806, 65.88028515936864
29.843729094056627, 118.02791464669005
98.4747780619021, 165.94963900178595
95.68699316793368, 151.11104784793747
78.28561705237342, 7.404021874657715
23.358698545798276, 98.55622665185481
81.9345068695223, 137.8379746464486
72.83787365559283, 167.36898248873715
47.10814881060564, 191.97002083771036
25.85252161554185, 135.65900073269881
84.06548160002231, 166.25807903511523
71.99643303533374, 90.40203754861683
48.69572131873723, 182.68882671664727
91.30879097748112, 163.5660845030697
46.321676261925845, 94.94875435588023
16.231853413075193, 38.62999991665814
41.09593076419742, 41.30886006705644
55.916396337241025, 175.46891313501766
27.739926802281115, 8.631908590856415
9.553015094308858, 142.4962033004939
8.57049501390344, 60.90220074420468
93.46509467959638, 52.761643867004665
22.225954768155784, 150.66477647898756
31.101542561846784, 189.350634736483
22.509408819545452, 12.803609486116024
17.653894552648254, 68.10402531375253
89.8065911772183, 178.55643606427486
5.420376490564067, 126.3835027817185
2.838510763287303, 115.05510685851955
59.816514827612664, 160.67587915986502
35.65895319478369, 153.82711221786653
44.185259863266936, 39.664677985924655
31.16847314925054, 132.8195979676228
84.78125137299054, 72.59987357664535
40.54646081659985, 102.97862926541887
12.713809600667291, 17.24142453244333
25.590475135247694, 106.28997145972295
16.08543137860454, 12.525396636691198
73.62720788866287, 198.07341531383713
77.26647200385264, 94.36378046962555
38.26862400643509, 112.0306166619736
73.66394977161545, 28.58533691509497
39.10561991997848, 196.83000367678778
69.36644404011851, 96.62005541275053
18.446279590201335, 136.69652389997867
86.09500682984752, 30.49551728578031
74.4842339970877, 120.87556494709087
14.460101724746544, 70.69437691491822
61.87819691598472, 126.01524213941948
6.85926787893689, 23.81062008025279
3.8513309757827585, 105.63880544462756
78.22329129491675, 112.37502943677617
24.384786701474923, 115.68650995287959
83.32256730955945, 160.1964545971968
2.0935742675943274, 78.24343461073862
91.81614098289553, 67.43821239460738
29.824580118999634, 66.46568352961859
63.28548692921498, 37.033073872780236
72.57697943704625, 137.23696016224955
88.89859859852923, 138.13483146498282
33.4226630993423, 109.17761415050163
77.03680700973871, 129.61415810187353
85.49731225032512, 67.9718874757529
171.1376172603047, 54.70830553626227
126.23990865916535, 81.14630474826818
139.04877467963638, 43.36940090096144
143.06376177618006, 60.82412567594193
111.31423550326971, 18.359299754815428
180.37591889077268, 69.05604512029662
146.44875049382335, 123.36350999730135
122.71456485900842, 50.21121472480845
198.45338966047171, 146.05617670521838
165.76381888987711, 70.84656888934606
136.86589814347232, 81.74047466372562
100.70493179776167, 4.372120586557204
124.60127587326512, 66.87420848011882
174.87733800697754, 186.1723800162197
175.53498527556286, 75.57439977527827
175.26377016878104, 145.5407726569194
102.9607636327168, 189.49272853388257
194.8128969071378, 63.412624576563694
112.94968809042842, 188.67882463932835
101.5252219380979, 165.94963900178595
139.66660525079385, 190.00139645420762
171.98462926274905, 43.52349762678851
182.12963839810854, 55.5512840405975
154.04435014419516, 166.8053263734122
158.6118190845816, 174.1301249402883
137.84540852946208, 199.342844773803
196.92040975588202, 155.00837501177068
115.93451839997769, 166.25807903511523
106.19274071461004, 93.34252720492013
151.30427868126276, 182.68882671664727
108.69120902251888, 163.5660845030697
105.8210941146838, 37.82823461293656
183.76814658692481, 38.62999991665814
127.80939760416595, 92.78335315009878
128.26038581589577, 157.34019613863234
179.07530383942753, 23.058906718730388
190.44698490569115, 142.4962033004939
162.90300333354656, 102.57823699174655
103.28691924604237, 98.43413877430807
183.9147070220279, 174.9852511807493
168.89845743815323, 189.350634736483
174.2223865841451, 32.20181129577377
182.34610544735176, 68.10402531375253
120.54697963138892, 111.00749506027121
168.95517027347222, 175.02337402648462
144.73007004785683, 192.94054592765815
173.64858223496142, 192.10846277565904
183.00259055058515, 163.61233958195743
185.7823141869952, 60.374247059440236
168.83152685074947, 132.8195979676228
120.12328192935661, 3.394195663559496
148.01161411963344, 103.17968899098848
187.2861903993327, 17.24142453244333
174.4095248647523, 106.28997145972295
124.50358047644185, 79.15559809065624
118.20539274702986, 152.92640689562907
109.1276486670842, 19.69096598921054
161.7313759935649, 112.0306166619736
165.11629113014268, 63.0893908975698
112.05934864720095, 158.37709247982698
111.06469321524051, 26.918159129625742
181.5069437220573, 119.56124209084538
110.99671596906948, 42.752214817960166
184.89918089052594, 168.57765040138898
187.5937395226363, 24.63755611952465
151.89387819915373, 65.82372086550066
189.54151389663724, 35.93466756937684
129.92085465488617, 118.20788294236013
121.77670870508325, 112.37502943677617
128.88122335166958, 132.75978584604303
156.2369186760859, 129.60725392569685
148.66311342314032, 62.847429602252205
100.89897824439899, 67.54919444922731
157.0899028637043, 48.49780774402379
151.67514959320033, 85.24930288111945
140.7056662875152, 186.0629503941136
173.5314784898541, 126.32474748188652
111.73526617282654, 70.62229825857091
136.5210416505097, 85.55898271402353
119.45609454764306, 47.8493894274324
