192
40.77276316577566, 79.5239221307335
19.878730798288014, 111.85792363739087
91.45430405784684, 7.628233487192593
61.42124555569117, 107.98355310263594
38.15975061826903, 182.280755415069
59.38007483872953, 34.81003530674036
67.57014359694283, 160.54693142957458
10.544445883611397, 183.78166064948724
42.20525922607504, 49.17202514733871
39.184845931654635, 171.25057294389768
3.6058474102138915, 29.040431737999395
77.91736140409873, 79.65139581143103
15.423735902845115, 116.20486353594681
73.83611165228727, 157.82332466743983
15.285973149295295, 91.10395080990057
48.470364476870245, 75.09464736169885
25.137204613892806, 113.19445136584037
25.846637711742705, 132.01771398674882
29.582956125032577, 174.7562201098803
13.335209505180423, 164.95846909708277
34.67329369036484, 173.94770962067523
91.79653360576873, 103.60879489549623
78.67242614216988, 110.18798807485406
15.214353654206235, 163.88085948875448
88.22116309157862, 121.78628123564144
93.24055465070043, 133.24816190034974
74.77046521294054, 176.12967366817335
66.18336244936651, 92.71560122106469
92.62429071623819, 0.9697751219876594
2.834801054457692, 47.09980581609206
54.00502316294086, 30.383277419150588
21.47116380951659, 162.28061224787393
79.53557520079741, 61.01639671262256
69.53475035831644, 23.551018034510275
18.64921910588285, 137.15803232761687
14.333956971609519, 4.962767636146359
83.0923843497169, 99.67841511102614
64.86214483460674, 89.47622813994599
66.6677744135786, 88.71836280434157
26.045003248905196, 155.504774788468
13.87196039477917, 62.53939301490632
78.65408980920891, 108.15533955428735
24.077390431219303, 146.174595956704
99.70916308463178, 23.168571332180477
73.33257051753799, 41.94210150725175
97.47417733212484, 8.92038295576858
86.26295738013617, 142.84501302385104
93.02967055862219, 73.28084748758687
93.75552423490404, 141.26297382873082
59.01976205473487, 119.48048519589949
3.127330075807655, 151.49408581068707
36.29675476700838, 148.63258022875414
8.93822207390842, 58.404444775717835
76.66877371997242, 134.74106703269635
16.24691288335557, 145.23125217798113
5.178358474982736, 56.34516221695218
29.660466220104624, 60.27257014672335
37.03503179251678, 190.23360441385302
87.31391540517153, 104.98699743424898
16.52324528754847, 59.02847652362411
37.110273207001455, 84.70862554210775
61.38732066029527, 144.6090281336918
14.051358460894637, 107.23508099847344
39.63595982045918, 19.995802210657978
76.94762545299272, 180.22239745885182
41.678928047562515, 85.07129777729902
87.29046914994166, 194.85389026164077
87.31992855511123, 112.91710248065303
51.88002490923277, 164.21123611123016
30.044845538445315, 21.90380133266119
21.70191121419537, 180.31025382708842
64.20670723161808, 12.557215606981153
49.11021845327433, 82.64355540906058
22.88703973027144, 4.207037994730101
5.4750156470482425, 8.86230586196688
88.38276152136552, 37.061664959540195
19.13775257530573, 147.50665322594202
23.52905823390794, 17.03057871893674
44.062072239916816, 63.80501546357764
41.09022307136437, 91.01776294951729
57.81164263205122, 13.942057662207263
81.405197687336, 199.72671349950735
80.99982906196166, 25.5279727454816
34.75696136869004, 127.07599476328816
46.67337268340218, 175.69517889867348
58.524227176516206, 122.30253793328771
30.456005901116477, 195.54985269127104
3.7732971507665414, 193.27936526683771
3.419452427736447, 3.8469520663021006
17.870257794502397, 60.816257339166626
65.43706121582065, 6.1594983333424835
58.13212499966579, 103.03007604960574
37.86671564065524, 125.2935516364878
68.60233306648804, 180.6211974749145
83.2610381228212, 71.10212670794822
74.25114242912134, 114.36704095015
96.70693506378926, 118.83893070791108
57.038058081303156, 159.65848167590576
14.261066647860643, 133.68036345745818
53.83784872588186, 21.731057162374356
45.76138173381031, 151.23403019543875
44.871381270653885, 35.15884223860848
72.66489167306467, 166.95052056542056
66.38044338900421, 83.27912178184893
46.260473452175, 195.4725486523039
64.7151130894232, 145.0643422895061
31.00735881602801, 131.5266428318616
17.11984228215445, 100.6892659406174
80.1110757847117, 62.73924855348605
3.6737589337489274, 77.98654342968423
42.18418099956238, 8.486489616667825
44.58857091402275, 72.13958360401402
186.4999673948298, 1.4354220593998823
180.12126920171198, 111.85792363739087
108.54569594215316, 7.628233487192593
138.57875444430883, 107.98355310263594
116.44601395036939, 167.67443019010273
140.6199251612705, 34.81003530674036
132.42985640305716, 160.54693142957458
189.4555541163886, 183.78166064948724
192.25022691363228, 105.26635267685167
160.81515406834535, 171.25057294389768
196.3941525897861, 29.040431737999395
156.5476664775962, 34.528419096871254
184.57626409715488, 116.20486353594681
126.16388834771273, 157.82332466743983
184.7140268507047, 91.10395080990057
151.52963552312974, 75.09464736169885
174.8627953861072, 113.19445136584037
174.15336228825728, 132.01771398674882
170.41704387496742, 174.7562201098803
152.22155793256073, 173.98882753721568
165.32670630963517, 173.94770962067523
108.20346639423127, 103.60879489549623
162.25303426986764, 128.8444688279821
157.29394443149997, 108.37691423090881
111.77883690842138, 121.78628123564144
106.75944534929957, 133.24816190034974
125.22953478705946, 176.12967366817335
108.66075594257481, 93.00028885165248
107.37570928376181, 0.9697751219876594
197.1651989455423, 47.09980581609206
153.81416357492995, 35.247597070769075
178.52883619048342, 162.28061224787393
120.46442479920259, 61.01639671262256
130.46524964168356, 23.551018034510275
114.80532236858433, 193.64764208447568
185.66604302839048, 4.962767636146359
194.49085116027265, 54.34045654803281
186.28803986399518, 77.6891468162475
174.31662221828202, 128.2964040735185
173.9549967510948, 155.504774788468
186.12803960522083, 62.53939301490632
169.34832319370003, 154.95220391040291
175.9226095687807, 146.174595956704
160.2169596920786, 27.73456077921712
126.66742948246201, 41.94210150725175
102.52582266787516, 8.92038295576858
109.1379677888078, 162.26370016345692
123.20397108343575, 21.09958439721793
126.63498584646862, 94.43328124382941
196.8357234076344, 63.804194265004014
196.87266992419234, 151.49408581068707
196.65467532565523, 162.6362247515371
154.38540415339827, 109.47969948399793
177.00443572917422, 169.40173363456432
183.75308711664442, 145.23125217798113
194.82164152501727, 56.34516221695218
103.22797718292935, 21.4264630165631
165.9958929494935, 155.39150057801422
112.68608459482847, 104.98699743424898
183.47675471245154, 59.02847652362411
169.7826945882018, 86.1294931916963
138.61267933970473, 144.6090281336918
185.94864153910535, 107.23508099847344
160.36404017954084, 19.995802210657978
117.60226206613862, 197.08984533458528
158.32107195243748, 85.07129777729902
112.70953085005834, 194.85389026164077
166.65120485354956, 82.69260943161623
158.21967400156393, 180.76963914966825
108.56768279253278, 73.73878143736741
178.29808878580462, 180.31025382708842
135.79329276838192, 12.557215606981153
169.81608000740363, 37.0489336605798
177.11296026972855, 4.207037994730101
194.52498435295175, 8.86230586196688
111.61723847863448, 37.061664959540195
185.7923138433631, 128.06813635444908
169.69267008447406, 4.43550840187712
155.9379277600832, 63.80501546357764
158.90977692863564, 91.01776294951729
