208
19.645134057248576, 172.36817488641537
93.12489121610149, 92.88589295988422
4.4736750200627835, 89.65214411167189
82.5543652102225, 57.381347668436405
80.32537442381584, 173.34907991841533
47.4266462482544, 170.4860990468511
43.08284637162623, 70.20630874447943
47.89937745567474, 14.07354100062809
28.454254341717245, 96.07966428838583
36.389910556944194, 81.31129888122518
80.75931072531583, 27.105520976875205
61.2604602174012, 81.2650767346399
17.317070412123947, 98.53991923435555
17.333355315393174, 113.39367164422099
47.424642284730815, 134.28904602954236
20.3538180192632, 92.01672950716981
48.34166534981673, 103.89077858504155
97.1208384949552, 49.582901508543166
54.213414274595934, 187.44315883908766
84.20802955867134, 56.34408178242738
35.35867459606346, 91.96396405989304
58.57862175853247, 42.48616109543312
62.19524980824265, 28.322524962870553
32.95653394135366, 86.05837926349672
35.31291501655278, 161.55167695389036
66.97622223731938, 183.9794181912342
64.21439652066046, 20.920075718444544
0.5869808939004351, 166.5962933344454
96.86546481965055, 148.85465502047376
53.5731555422611, 151.8011189418242
71.53313672902355, 133.27888279725988
70.67703388665319, 92.97052770340379
2.696181026541977, 177.8749329165179
51.690358353121425, 139.45032727741562
51.98495957061216, 95.54811779387492
96.74211599240459, 77.02097956775107
20.044563742822184, 59.380705354034056
25.827965557948218, 166.18405126725833
82.86660321231986, 122.35340192033439
80.19067242625302, 89.42752719694033
93.55699979213868, 5.037743467632552
12.520123272456566, 131.70010501549655
58.87479671060791, 162.52475219546045
5.168293513002342, 47.19396623641951
16.585873660938447, 87.50487067667099
3.8651607966989516, 179.42546279425443
6.059348713206503, 85.06780609280817
3.6403327757746906, 138.57231849196182
61.95576043406863, 104.01394640641277
44.15680842469113, 32.35228864025977
48.407171008751575, 96.7149691909349
52.70940942096544, 64.55055158471052
8.100136720657947, 197.11684363146352
65.38296143080862, 13.808031272959667
56.711276184151814, 71.7740616272224
4.076467100873504, 147.19285755092534
26.196390066962703, 82.45109020725883
80.04615814372103, 49.72607415467569
84.41629455710286, 137.51309179782496
72.92203139577755, 73.26540785482615
37.821985387811495, 53.84228831866402
21.258263709126158, 17.48175329202999
18.62277862953865, 36.22171062893593
62.55722470024897, 173.39027043632032
41.10280479352217, 140.85486539788968
87.92643054289587, 105.31437093515888
4.0630624497663845, 133.67770810043055
83.61169307175662, 85.13197000346884
19.514686124453597, 29.667692955701995
32.7271563896459, 123.86391779785164
62.20308145724606, 135.67613426503752
98.12612425364978, 69.8424079893094
82.10735354324524, 14.722411740643643
98.15762580553013, 113.25793229834488
49.82442063210905, 183.3892332520296
14.317571688311858, 96.06430290555878
2.878870071636193, 41.510133564396746
78.49687791119837, 78.29371402395536
65.47190285774182, 153.46153643897495
39.53724164656133, 23.270208004620365
70.96918647970162, 77.18848209954072
28.195818719710218, 123.00975513280308
92.4380078224263, 143.9002973324894
41.17379132001459, 192.74274977627525
72.11047231578017, 119.59971460310273
41.07656703642497, 20.349209993399242
21.874847619885486, 13.574145495001844
46.755003340112836, 38.8100182168299
65.82166926540603, 36.838632981458574
96.24564276354515, 127.46096045773712
29.01364552319673, 118.85460642213633
47.80929520067312, 10.417612223624184
98.24890286129306, 42.59028819372859
96.90924280799777, 110.33372153817137
52.864519174504295, 19.267968926619883
71.8690790085333, 128.7578593620361
56.22923641077347, 95.4039852414351
94.45844539182673, 87.10903641568903
31.21529352093403, 13.784915524834297
63.909225909360515, 149.75973694086485
8.274867039213285, 59.3998579905298
60.99919691202692, 140.13228648654905
91.64025508624421, 137.96911231719272
70.83490778418559, 165.69159266816206
2.4990189485958547, 173.35905193833497
74.52849613995843, 150.21386412041403
46.78249196584705, 167.01105597338014
14.41576126435985, 116.81387174615003
78.88333907568298, 183.43903545186714
18.62781348844883, 135.05106992971233
0.22697807788764068, 45.16894232391091
80.12122414575855, 175.33888953163944
25.70213484601983, 193.7072764967547
64.65251606270299, 161.97634643481788
26.12045553225353, 48.282310230480796
46.788620937266735, 168.92216497268947
81.0170902851949, 10.684543900154008
11.114332899342328, 16.743482910489615
52.4586128344562, 122.5467719808044
23.120124885531123, 72.07689434402968
37.407267421910085, 17.226871580459346
32.14328699492343, 7.458070798574146
68.45545499556839, 29.389450949882768
60.982807884493674, 75.14703405203575
83.80058419181582, 24.15030580664357
35.534689706675, 183.34223008099622
41.702221422451636, 195.83090749986764
96.6735526365113, 39.08748730764287
123.3883101931215, 170.728708668207
117.57826972558499, 88.69857308827005
195.52632497993721, 89.65214411167189
150.4812808707658, 91.79227637672878
119.67462557618416, 173.34907991841533
168.8331004487135, 149.41423765975549
102.46357314487796, 138.866715892509
102.81823825643902, 39.94986443025872
118.23811118335144, 38.25562402441434
163.6100894430558, 81.31129888122518
134.9026712659719, 23.937290204451365
128.12703337283526, 2.077992659655248
168.10580319299257, 50.0659118751613
182.66664468460684, 113.39367164422099
160.04381484867184, 145.64431731571094
109.92970751976901, 82.43498107368798
151.65833465018326, 103.89077858504155
102.8791615050448, 49.582901508543166
121.86295771091586, 172.7608258491414
189.82899463095768, 16.075082572453226
157.39110935333147, 65.13468466597494
104.31624629755005, 80.48004676916773
137.80475019175736, 28.322524962870553
104.04091939175929, 30.453849424167846
105.4935904477566, 138.45043627576484
133.02377776268062, 183.9794181912342
124.63846730949624, 83.99532730113765
199.41301910609957, 166.5962933344454
103.13453518034945, 148.85465502047376
146.4268444577389, 151.8011189418242
184.40775279822438, 91.63125898456803
129.3229661133468, 92.97052770340379
197.30381897345802, 177.8749329165179
142.27921225908534, 96.53496081178578
153.7491005858069, 64.61049698915566
100.88985716281883, 115.50434196586643
179.9554362571778, 59.380705354034056
174.17203444205177, 166.18405126725833
117.13339678768014, 122.35340192033439
182.98790867682357, 131.7878028152489
138.08981614197626, 71.72527628474414
190.74682199009206, 168.6743267561742
166.19697845210115, 108.16465683875064
194.83170648699766, 47.19396623641951
148.1699391637762, 86.88918574547266
145.1196700434265, 182.27498702682036
193.9406512867935, 85.06780609280817
196.35966722422532, 138.57231849196182
138.04423956593138, 104.01394640641277
179.64700064186434, 23.099411132281023
116.13001679617537, 30.811274659742406
142.1620812153255, 34.47992310577042
191.89986327934204, 197.11684363146352
170.64178802652037, 4.6898434373512154
142.62809562360923, 146.27061406453655
185.65155101741067, 188.354055281963
177.52048595969947, 25.336029363187063
119.95384185627897, 49.72607415467569
115.58370544289714, 137.51309179782496
164.2045802774843, 127.72432063107762
167.9172056459225, 44.239575357200735
178.74173629087383, 17.48175329202999
181.37722137046134, 36.22171062893593
110.56647086733327, 132.4469346864763
143.4709103731485, 188.795809757156
112.07356945710413, 105.31437093515888
157.3784003838521, 182.77265865651245
126.99564470976505, 41.45549613846873
180.4853138755464, 29.667692955701995
105.66139305763772, 104.9315877616003
137.79691854275393, 135.67613426503752
104.5938038051212, 121.91740834836612
164.71399069961043, 25.662021185553606
101.84237419446987, 113.25793229834488
150.17557936789095, 183.3892332520296
121.81191978939945, 37.57683236180125
155.82007860744093, 23.25103110438831
122.21178143817389, 72.21887331190105
134.52809714225816, 153.46153643897495
160.4627583534387, 23.270208004620365
