128
1.4465757466808005, 196.5108034624358
7.406292135033032, 137.04783739682392
31.217344258856848, 78.68928518083979
97.82551881023164, 78.62676395681596
43.26579680035986, 26.84630806355277
88.32275581928738, 118.55721522830311
14.945509687761094, 9.690790461635324
84.35562585988156, 80.27652380338996
23.630623303572264, 89.90484570109005
61.18562688436581, 129.93245437270343
93.81232511675913, 53.35320739743232
44.29626663530537, 51.931158060792825
63.521308065055536, 138.0830558700643
10.2320817690705, 113.1200697273588
77.4008013512155, 56.04018383316238
52.22014120048142, 91.43399357105493
10.07095738558601, 9.36659721753259
93.7139810489086, 165.30291938353116
73.48040245964384, 156.77441236150037
81.03635093767743, 143.51697577261447
21.15266144282033, 102.0212646397239
65.35363298350968, 98.5333825886356
80.69626975212746, 166.24910863089903
90.72259262018032, 14.149285509553767
20.045146157520577, 175.08328727021077
48.215201704908935, 88.18255539669522
82.77484427266774, 77.94689372705167
72.2334423681714, 186.87170912268795
35.63238565618908, 188.21687551306047
29.139371390389623, 123.7541538047715
12.595809055182961, 152.50794800290677
88.5138504414895, 85.63589152737363
82.73788557123567, 54.61766828993917
96.67674839388856, 163.83760777647157
22.728885220256345, 168.5470928338502
72.7051703103918, 71.98309382410206
47.66606415973476, 161.26226456648018
71.47349606334214, 136.17117781228174
7.1200382020321085, 145.75923695420957
8.960286079838987, 172.53539651451607
56.91584643492238, 115.34817332238836
82.33045787606447, 88.81708169742151
2.400870950371903, 198.7360594530333
52.18708124289423, 190.5482077619078
65.77599360258964, 102.63057673844582
0.9461308712573668, 72.26082211235862
71.08661688569956, 51.409310231900804
41.776699036756206, 132.97729497546203
198.5534242533192, 196.5108034624358
192.59370786496697, 137.04783739682392
168.78265574114315, 78.68928518083979
102.17448118976836, 78.62676395681596
156.73420319964015, 26.84630806355277
143.38740559260293, 87.97456193986115
151.7426043667364, 62.426680358790286
179.92961259841644, 128.74271127150985
111.67724418071262, 118.55721522830311
185.0544903122389, 9.690790461635324
188.59567146680786, 16.679794321971265
197.07818712927482, 62.46021317273751
157.66673667385933, 87.81819537591468
115.64437414011844, 80.27652380338996
176.36937669642774, 89.90484570109005
103.95801298082861, 199.17081954164883
190.05358217412945, 51.7577817987962
139.8691029202665, 20.659951280215118
138.8143731156342, 129.93245437270343
106.18767488324087, 53.35320739743232
136.10502924140354, 161.94735568342284
155.70373336469464, 51.931158060792825
136.47869193494446, 138.0830558700643
189.7679182309295, 113.1200697273588
122.5991986487845, 56.04018383316238
147.7798587995186, 91.43399357105493
189.929042614414, 9.36659721753259
134.20938708742477, 43.91297007109025
106.2860189510914, 165.30291938353116
160.77102023165554, 94.89322056292242
162.9290011531316, 141.17922738643796
106.38374070050718, 157.4127450195579
126.51959754035616, 156.77441236150037
102.00854820203485, 92.09382061316755
118.96364906232257, 143.51697577261447
178.84733855717968, 102.0212646397239
134.64636701649033, 98.5333825886356
112.28007778351883, 177.33029426237
119.30373024787254, 166.24910863089903
109.27740737981968, 14.149285509553767
124.88000562885819, 152.35583154696053
179.95485384247942, 175.08328727021077
151.78479829509106, 88.18255539669522
117.22515572733226, 77.94689372705167
184.91962217175012, 158.3208597585977
141.5800019190047, 169.2971802000884
127.7665576318286, 186.87170912268795
164.3676143438109, 188.21687551306047
133.13320383587327, 149.85572860909303
170.8606286096104, 123.7541538047715
177.97565166713392, 80.91615534646905
187.40419094481703, 152.50794800290677
170.81154361750404, 141.91426396365006
156.8626675744957, 89.38605923277929
111.4861495585105, 85.63589152737363
117.26211442876433, 54.61766828993917
103.96252776666529, 192.96542954403085
103.32325160611144, 163.83760777647157
117.1345866949606, 43.314772497546095
177.27111477974364, 168.5470928338502
127.2948296896082, 71.98309382410206
174.7240881129203, 18.891560267206465
152.33393584026524, 161.26226456648018
198.66498243315618, 98.98486336324936
128.52650393665786, 136.17117781228174
119.30007888854539, 179.31039464423156
192.8799617979679, 145.75923695420957
191.039713920161, 172.53539651451607
143.08415356507763, 115.34817332238836
117.66954212393553, 88.81708169742151
197.5991290496281, 198.7360594530333
112.60284546462628, 62.75793158569991
147.81291875710576, 190.5482077619078
126.08474173243707, 129.5739885925911
134.22400639741036, 102.63057673844582
199.05386912874263, 72.26082211235862
184.68610692134575, 173.82339548872676
189.43204180662744, 25.0392752405199
128.91338311430044, 51.409310231900804
158.2233009632438, 132.97729497546203
