240
28.09439291895839, 146.20830284915246
31.19774690700656, 179.808480034356
45.82788651254678, 50.02455535047632
51.16149995154433, 71.97806629764827
28.643659268309335, 102.8013933131686
33.97272216663197, 17.032500490087372
57.19730289078953, 151.53397181499295
86.18862812857688, 13.111730084215235
40.9691317230897, 71.81615836334687
54.8296858213769, 103.17896247115392
85.25011071996991, 50.68292019195951
77.2712910843428, 195.82091028916668
25.342682915435148, 150.720241592729
96.5698583144189, 56.8576061984256
43.16292756014094, 81.13842167142793
64.75310292966488, 36.69283705330237
27.14314763539349, 152.88915750631668
52.81017337559872, 61.81940474212716
83.19495124968665, 187.33484091477737
93.9355610381038, 195.55748193341617
33.17919312643001, 87.61815708074677
77.64118480093668, 105.38909170655195
95.17931185260886, 80.62386240301657
48.26117843771326, 57.80010849693119
57.17406337164714, 127.9987174824386
44.548639399086426, 59.19604704487814
33.97138036439031, 38.37394525941495
54.764924938268116, 53.883398925310914
1.9189968076303643, 183.78956314986027
87.84490912243696, 76.72118906354142
23.36010996645853, 72.06521575011257
59.82738163409755, 55.600428414220744
41.581778371500654, 9.56765748192774
25.012490804369264, 16.899862932716445
46.786926818363305, 70.15220082707852
11.521216525858875, 21.43821755058081
49.68298968118026, 11.342101379136885
94.90377731485552, 71.35199761737896
52.64674339255521, 3.80740660088545
96.55951065289113, 143.8451721895927
56.36540990363581, 68.34822141557302
96.37791964704232, 169.17433210717007
81.1689370009794, 105.61850453957321
23.37921312624338, 116.6566623699456
51.65773339335637, 53.558224746401706
32.046963869990336, 48.892233657503624
96.57413739031396, 120.6255169675955
19.41192833757882, 81.73700813741937
70.56716777007281, 173.04303457301955
49.04471473154018, 78.84429160759046
36.85464647425718, 84.53680466908085
35.612121884752945, 128.67119511435357
57.743706700172766, 112.73111502113352
22.833414747505984, 165.48506409241574
81.41430397851437, 136.6898067622338
19.18050307534273, 160.61603683182932
36.08860293614944, 95.73606359134902
72.7594379643876, 187.2691655589095
78.4649546064235, 92.2813197159217
40.23220311165713, 47.13612815205546
13.109930474153687, 113.10609095749815
23.21294887249229, 55.60633325573534
14.854686083744127, 176.9044915857379
34.20690503680355, 169.56975940576217
19.44951194846577, 62.99867167064175
39.01917476437921, 135.35004317538238
39.3476359473759, 96.25579858700522
65.39317175194064, 106.4612518425357
60.55901709134878, 180.921602566353
55.06749444586532, 20.771717868037904
56.87690395797308, 79.19329997341217
51.01250430644856, 134.50658308461465
2.444520467002647, 187.7090923262487
11.794068633315085, 15.595797030965223
82.28783043536433, 77.55470504352299
3.479329345369038, 69.97878471160257
71.97826685344971, 73.66038034595651
66.7261603526369, 77.04089957312789
74.3117033600669, 105.12704994189272
73.4188688532893, 141.002820645432
73.15920159021707, 173.7729071419324
70.09786879849969, 192.44673093565586
67.36948271939357, 166.60890868649798
18.064083776965635, 102.38875158509559
23.06256986185222, 110.01090537547657
50.60499280237308, 161.68631510227047
58.40473626790021, 122.31496973780929
60.531598554055975, 178.18602390760995
89.1498277408085, 31.877378760699248
57.34689944486815, 47.13417382184806
77.86451650240828, 99.40697332154305
50.8040579317977, 83.02917647993944
35.45687652142055, 92.81787135328061
88.91587550236423, 60.95701100335129
61.21667001002601, 140.79784650650637
50.70584132397362, 176.22475181973033
43.10432377822985, 47.82628656022043
60.275511574286945, 133.2231842290222
9.191272600909983, 169.97885370562875
49.64475745525204, 85.21622718051181
62.088151828970595, 3.343061863311636
92.66068929470221, 159.68325032404016
97.80750789976912, 134.29254312223762
86.56315688888255, 85.17253304228245
50.41364065606872, 113.1797016114696
3.167395620271729, 57.62594075954597
9.704332960905349, 18.352669755880612
59.30013260748551, 179.4539848125021
39.06975976078099, 192.10353301198188
71.02268081420976, 110.07984248006618
79.53049543400155, 90.24686562035873
44.26557140339372, 7.866586367823891
8.940125167904755, 20.123572414543656
51.88123266322216, 153.99627497627785
72.02506452883753, 88.46100336094895
41.379975103677204, 36.02048495644124
62.72154224277139, 28.334018352314928
30.371341115961492, 93.57101262208465
59.64205708311828, 103.64797363932263
96.74730814114093, 46.25625834049618
82.09233317183671, 93.5054030435553
35.523989813717904, 69.38038899652234
32.381139598603646, 130.38656843688742
45.151770280013245, 18.402873091837858
0.6492782104774886, 15.024830195406835
78.98133014282743, 18.015049048618614
50.30614026139468, 129.7041255772222
18.340029411612647, 92.29440260237179
12.481459865767574, 89.88415427871217
57.50705356342497, 108.40791796743812
88.62937766811167, 85.81660820554914
96.83609830012139, 191.33119713647423
5.6443466780251805, 44.34114772794422
11.82164574433232, 177.3764228732405
88.21132194009658, 90.34909363486318
79.65405404245585, 174.18412512291505
89.67431710734081, 113.54778052875845
61.89212440435426, 86.43431757115312
11.183917854580482, 30.632300037823512
8.234050173791363, 67.56694085137383
76.82688958636629, 27.150077180745956
56.449839149958144, 196.26646301829118
56.2889084850402, 76.9563559019109
2.881098202646226, 30.238732365161457
9.326767415004833, 106.22280853309354
75.55865331151172, 78.43063506127903
91.87968810759259, 154.6718398759066
22.280769822740144, 90.4142171757677
69.71102109243107, 48.7818445019911
8.01753630774532, 140.46310767118345
42.18912450257536, 84.96547616030487
24.940055230513558, 154.28996500880984
75.43312081803569, 39.80112055032499
22.264886272244244, 147.01423599703256
40.84535038315506, 132.43500651124702
65.44812287480906, 55.612448912726386
30.83607443670826, 194.67393079931534
44.12119321312791, 91.4824840164836
30.152216295557956, 46.28849522608982
11.854525304795892, 69.12694535907131
171.41331769300297, 68.29661696991607
163.18278521309858, 180.56544625739053
170.91219036466134, 25.320861602667932
166.07761819314385, 102.00920917692588
110.88663560632969, 64.90946421010733
130.56128969955972, 77.5605313160402
141.47070605593487, 89.59132969381187
102.82806603853791, 29.37529996361381
112.93448453157065, 68.0066386120328
172.68495398196714, 170.34341461265575
170.13278333957953, 112.54137158763457
150.47702169172015, 152.83524640933558
159.95807295413152, 120.22441372191193
140.553418524474, 29.879844970498425
152.33278293426883, 50.62229269266385
111.90108691203304, 38.41530319274034
134.71770546551465, 91.21059455899344
101.2861720443378, 40.3013724336339
121.85214898358402, 112.41545167721631
126.88128869006019, 152.1405012959569
147.2652140325755, 80.70379933784449
155.47733613038125, 76.27267137113245
144.63039971129894, 65.18897430740871
143.18924452660633, 1.658191350965521
198.30923013568267, 137.14479926182378
101.5210306881674, 53.48067405842119
126.42697233710587, 6.912457824006113
148.76190741916892, 131.44090988175577
118.578307998431, 170.00872235183678
119.38134225287202, 142.336585261082
175.73409213694356, 90.33653988975875
168.18779145128605, 18.35393466730848
136.61389078363328, 82.0024489200686
115.26244996749838, 13.66289878249296
147.39888689915188, 121.38346581667759
119.3098001688677, 47.56281880502762
138.6199915168771, 63.92470522316358
175.2551221001333, 79.90275135952263
103.92366021107443, 57.242401468305836
154.1397767839134, 151.8887928634498
175.39388493183867, 20.27454523972947
141.26730299958345, 197.97122128197006
181.19443946689512, 109.56471929473895
142.5206497353312, 106.84922344483343
109.92425197191288, 31.158284220381873
124.99133114633926, 4.217804480059728
107.4896691898254, 84.77123490281122
134.2706763237366, 38.82235980456383
132.71429497900374, 94.12396596704366
196.8105258981201, 110.28870541852338
114.30416186059232, 38.72011329586724
145.67685451629757, 187.3599074956677
107.37322180247418, 162.27535192562172
140.58899075568735, 94.6894305532775
151.4362549431068, 188.27890292506922
177.08930151976134, 124.70366576067148
104.59013703669743, 84.12036276246442
146.15795862555956, 197.01670148645343
196.57845508617748, 171.925441745288
126.55728662002895, 53.66062606649085
193.489909369443, 134.53611483259994
132.25949365821108, 22.90075870248247
159.6834294201486, 121.96606131067038
105.1456988139133, 146.92578833904759
199.94708483120615, 47.45372773795784
135.43230747917562, 67.66945004669485
181.65381549463547, 81.47493960253153
153.87835008936824, 177.37528445688937
193.47574716498846, 153.0682551766343
151.30199436035417, 1.6677895473929505
108.13643882789414, 6.037325337090316
110.71717077020476, 170.34460057175764
124.63224464700795, 117.79706646913806
151.1077696994469, 45.40503627390082
149.45018904892635, 127.54957605263304
150.26864049934392, 142.35448925999862
127.74655497769236, 101.4508743499712
170.35031055150753, 21.959495032425757
105.29314289060534, 55.5272175586073
191.8886497156544, 199.86345668729456
