160
2.8606777081731316, 59.305458242148035
33.92156099007837, 2.1015149826322466
21.527682643347244, 179.5008163594775
24.644525422884232, 169.45506724856955
40.17011249475324, 88.26570236246273
0.8981180046976234, 118.31543309164675
50.148895892974025, 141.06602737364295
85.8982328606773, 71.32306667695143
6.725719019215692, 124.88130497389864
64.31064483011025, 149.86219866256044
96.58878872274313, 18.64494415741744
1.3831492433512782, 148.4352483949009
42.162034366083624, 78.50811198125581
54.18868244029088, 31.89093265927405
4.8772708698012535, 58.46852311576014
39.939569285970755, 175.91721457406143
19.91993255038248, 96.95950976740772
97.70002604557443, 167.90897087244352
36.783666057446915, 8.706969657219199
6.354684697206681, 34.187461248745855
31.48383309957049, 176.81536541924197
89.53792941540094, 87.30050596509267
13.445125373235367, 38.46444947412555
28.009102587514935, 194.0453164612644
93.53671967214844, 51.26166480339025
3.224602870184956, 91.44110420358535
61.19431707784965, 7.3048194782620035
60.37369079683471, 193.93927651888572
59.45789312436523, 15.375467361921258
91.50532536655817, 11.522181597371706
47.49048528704185, 27.924447959961718
6.953719176299367, 68.10495084443322
87.33415549156976, 184.18540762877765
40.05321279016177, 35.73081724325509
17.589729229874006, 167.31798939408438
37.38246593518559, 60.04928719921061
56.546481923434314, 55.931408499289105
27.452934451097267, 161.47095353508521
65.69840985637411, 92.93169968759636
45.503060294242395, 184.35898991729985
2.157283855709624, 50.326660126937114
16.428331429756692, 145.17683587450077
79.69190398757456, 49.34643275135748
12.748556693594338, 73.46857675474645
52.37079509066146, 144.149657728301
90.82399735467081, 19.4592263491161
27.271604101310675, 188.36377416708004
27.440937063445283, 38.75074213776672
70.3775324927045, 154.05435655203857
26.61323918195213, 192.83962572245622
78.12536345382374, 69.86366315507236
27.64818293029555, 112.56181945326765
69.2258872307674, 19.584099635545194
25.200274335406757, 163.77069635031194
33.70996295485924, 165.36430187950756
52.35657709061756, 111.9086221416774
52.9536506596385, 172.60196154175696
29.339055866311625, 85.63032973735025
18.746702995048803, 34.946817234362925
66.74536094727274, 177.1775553779966
45.163408161476895, 193.73311284990115
76.96202682194708, 114.53417360771078
37.69651755104056, 186.96792218412799
84.54653127270305, 18.30095961402405
41.918965545056906, 195.72953805400797
53.979780588395464, 16.597423881118623
78.3394041653067, 79.13211480714548
8.936881593037981, 119.97473640443515
16.182757055894214, 160.1901752297797
36.501716085871095, 71.87474054116825
96.60162645157423, 23.642305883917093
85.85653228563511, 62.27371351681088
8.161763250575572, 3.923740923637986
69.14934733349854, 188.83410749075807
36.60409460816639, 135.31601421244972
53.75901270112795, 35.60131615511446
68.27223856932221, 89.44360502390987
94.48288015137449, 112.21066233536877
81.9308109013635, 29.963631040334903
21.307454212636667, 149.59663954633905
197.13932229182686, 59.305458242148035
166.07843900992162, 2.1015149826322466
178.47231735665275, 179.5008163594775
175.35547457711576, 169.45506724856955
159.82988750524675, 88.26570236246273
199.10188199530236, 118.31543309164675
149.85110410702598, 141.06602737364295
114.1017671393227, 71.32306667695143
193.2742809807843, 124.88130497389864
135.68935516988975, 149.86219866256044
103.41121127725687, 18.64494415741744
198.61685075664872, 148.4352483949009
157.83796563391638, 78.50811198125581
145.81131755970912, 31.89093265927405
195.12272913019873, 58.46852311576014
160.06043071402925, 175.91721457406143
180.08006744961753, 96.95950976740772
102.29997395442557, 167.90897087244352
163.2163339425531, 8.706969657219199
193.6453153027933, 34.187461248745855
168.5161669004295, 176.81536541924197
110.46207058459906, 87.30050596509267
186.55487462676464, 38.46444947412555
171.99089741248505, 194.0453164612644
106.46328032785156, 51.26166480339025
196.77539712981505, 91.44110420358535
138.80568292215037, 7.3048194782620035
139.6263092031653, 193.93927651888572
140.54210687563477, 15.375467361921258
108.49467463344183, 11.522181597371706
152.50951471295815, 27.924447959961718
193.04628082370064, 68.10495084443322
112.66584450843024, 184.18540762877765
159.94678720983822, 35.73081724325509
182.410270770126, 167.31798939408438
162.6175340648144, 60.04928719921061
143.45351807656567, 55.931408499289105
172.54706554890274, 161.47095353508521
134.3015901436259, 92.93169968759636
154.4969397057576, 184.35898991729985
197.84271614429036, 50.326660126937114
183.5716685702433, 145.17683587450077
120.30809601242544, 49.34643275135748
187.25144330640566, 73.46857675474645
147.62920490933854, 144.149657728301
109.17600264532919, 19.4592263491161
172.7283958986893, 188.36377416708004
172.5590629365547, 38.75074213776672
129.62246750729548, 154.05435655203857
173.38676081804786, 192.83962572245622
121.87463654617626, 69.86366315507236
172.35181706970445, 112.56181945326765
130.7741127692326, 19.584099635545194
174.79972566459324, 163.77069635031194
166.29003704514076, 165.36430187950756
147.64342290938242, 111.9086221416774
147.0463493403615, 172.60196154175696
170.66094413368836, 85.63032973735025
181.2532970049512, 34.946817234362925
133.25463905272727, 177.1775553779966
154.8365918385231, 193.73311284990115
123.03797317805292, 114.53417360771078
162.30348244895944, 186.96792218412799
115.45346872729695, 18.30095961402405
158.0810344549431, 195.72953805400797
146.02021941160453, 16.597423881118623
121.6605958346933, 79.13211480714548
191.06311840696202, 119.97473640443515
183.81724294410577, 160.1901752297797
163.4982839141289, 71.87474054116825
103.39837354842577, 23.642305883917093
114.14346771436489, 62.27371351681088
191.83823674942442, 3.923740923637986
130.85065266650145, 188.83410749075807
163.3959053918336, 135.31601421244972
146.24098729887206, 35.60131615511446
131.7277614306778, 89.44360502390987
105.51711984862551, 112.21066233536877
118.0691890986365, 29.963631040334903
178.69254578736334, 149.59663954633905
