240
56.04582408676582, 14.110408433772971
99.53994054777226, 47.4805342220713
65.9584048481463, 83.6387589618608
71.38035966334344, 132.96989718642016
26.96097503396109, 41.21236970659065
58.622765790450885, 165.52783565917534
44.77212201236251, 105.62296808069698
1.8816325957781999, 164.86504531755662
93.21229200625973, 181.41246955083
36.390083734706714, 51.80734694451797
49.996163198197735, 78.06287507080265
21.309733631572534, 164.18714630198554
44.74498550245474, 145.6900530558542
70.37186210487718, 74.61820990122354
42.52015636419448, 124.89632921079487
26.886377799374692, 75.69112099927426
96.98760408832946, 24.04719825304565
64.21799068320442, 78.84754204883266
49.51819639500536, 132.75075608864842
90.08166292630469, 174.49516524328635
0.6112550271931667, 76.13066854903632
87.15494602209942, 164.73916179518912
45.84105188060082, 176.3089180167026
43.606626909699955, 130.99033668309175
76.03119092938523, 35.74690820928994
28.765328497095524, 92.40452677972866
82.74097386753157, 57.21684590745921
31.091872860392506, 187.27256564134063
77.87422849791079, 59.52972554941374
78.69181609746798, 107.97807639008549
97.68444568138926, 188.04307898409456
22.583702789675712, 150.63158071485586
91.6609457585452, 102.90471206944937
85.20313744055599, 66.48032473035984
50.12134825058546, 197.64935363285727
73.8175452983493, 50.27622162244937
45.06817644212397, 97.9547909525257
21.951241070170134, 139.14970460975877
55.629827330127625, 112.20012163671908
41.58740538437597, 188.4948935012436
25.990755655199074, 120.5289052489939
41.96350528440227, 133.25430605058415
66.01974048116294, 76.76637279756751
82.2248449864781, 166.11951336383544
19.226110283522445, 138.12039739030507
29.645621793884906, 122.98217224448446
72.60588881557543, 171.44159943966253
75.85103505536955, 78.9488033513913
35.45706941830157, 108.88083843313524
8.48878972555822, 163.07580544240437
40.08884484059419, 49.506784398731135
81.5628164518279, 110.61512036630327
8.490378504647776, 54.06690662512918
90.26127756806294, 121.52564812987873
7.333403629906758, 33.56361107234842
63.80534473792876, 96.54764542227058
38.874354558495284, 186.8359626586478
93.92204288741314, 65.40131126714948
37.63988198421818, 134.77695756234425
7.619217805107068, 18.927328264181625
87.46568084055633, 68.87832488435222
90.61457215636263, 14.723086107260258
66.05933893141469, 68.97754259811475
59.49679398785724, 108.77693977806605
78.9952533493475, 96.50177185833729
90.96708361140215, 136.51035956281152
62.03446027455247, 78.6449354013713
56.70967207129624, 46.94556149059074
88.3503879879222, 195.09810681114809
76.93118083813624, 37.0963896710321
83.47660272661956, 173.785910716296
85.08008682903977, 168.50959127859832
39.16473894903389, 154.5711695214988
99.55240367928073, 191.53268236059938
22.285621112740586, 91.13770257322697
7.383896656070622, 7.328432537703101
56.735445708374854, 18.06839445479408
50.23720258659609, 166.98092445265917
53.47001184865982, 141.25406511860905
55.972864128918616, 117.88892741007697
56.81356584453905, 131.05793770484863
51.46504731966681, 95.32346011221277
48.05609922557416, 174.40753795632256
91.47890950970091, 31.832769222700307
7.08143936124409, 145.11367119795108
93.7561182686948, 148.17858179331836
85.5031981213292, 88.60690277606041
61.96549113839184, 16.729441814723756
87.85124226365375, 60.03085893197739
92.45043978315434, 188.7483202464074
83.05474087103845, 129.51273594848132
31.629559756056025, 130.3408809248599
45.90484408670261, 38.184858167213974
13.501409786284968, 183.44300058278824
97.99490057909706, 17.621957202911332
46.35705095991535, 47.79406389868364
47.47204573307408, 109.18585520158524
22.63428839600311, 101.90517071132975
82.21634437294634, 8.345698938154422
17.286185543055275, 99.03038699625625
63.16133020765123, 134.40640386628863
5.364022846592375, 19.9386674294052
74.37251566951258, 136.4961228518286
26.57862249731071, 165.52518927001694
43.40035485321514, 118.26657888808091
6.439781322975746, 140.03353999179052
74.37604940376713, 66.66113987343572
55.56981733562686, 84.46480862340822
77.58462572227735, 81.20109830236215
41.87749989071692, 145.09930201557316
14.950778462878944, 126.67921160961887
6.741647600391721, 125.71824732814856
93.56232894433624, 135.26622558403136
81.80423027248057, 52.216195241028544
48.54039992105932, 94.502572696821
20.435893184239852, 11.080585137596222
23.76386135400096, 50.74947689818086
88.18172693642148, 158.5117943651659
33.47276456212164, 29.686050324333955
28.13815552604735, 158.79568169772782
12.468013815515555, 198.8748128756663
49.23662162317153, 115.50989905151555
3.8666215341729315, 190.2842133535848
2.66102712793006, 198.5893363418268
26.501734148493128, 90.36627052885432
62.53039532137763, 36.586639707397836
41.25725820635206, 26.428482747334492
5.163076658698218, 4.066304482945382
12.47501636430769, 162.26709711828664
3.1504343264157186, 58.798203859798704
26.64345450950175, 114.7342163680739
50.579330324985925, 19.413323987875252
13.064687755724291, 157.4070394479149
97.82484891381206, 93.34112168450564
1.4147822123917964, 119.84723422283199
69.94832985654583, 61.76699092866818
10.120497127467043, 78.40692616010921
49.69805048366429, 25.597361909549466
42.06265967138092, 90.72235687235586
13.535046124352867, 115.41744274289995
9.349070255920388, 84.96559683227842
89.19890484732893, 106.35587925810115
85.95206454509947, 9.716687059234586
30.05098326162512, 107.73551349974122
10.381830424965289, 11.327647607306247
63.569537881838556, 117.0560733625393
88.10799450402186, 123.56547271252978
39.997378604668, 117.32363068520151
95.63434951488891, 181.81221240182705
92.34171248613909, 97.2601669499628
46.45247694010028, 20.441523426286466
91.2310408534627, 38.16709254231021
71.45937774273352, 154.12862996814073
83.51658216013381, 157.283692843289
34.16541885851079, 67.79264447102211
42.367933928159495, 140.04979720015677
46.80974671932183, 172.8340951411102
67.34626526890968, 188.75973612121152
70.55887527597821, 41.029393543093896
10.502149191614807, 174.21782042546394
105.99932707147661, 19.587447637196487
121.58137722955155, 46.383470829222674
175.4735286661442, 99.12101115176858
123.53615310535024, 172.4260948436613
104.01945311497046, 98.6966869972974
134.34117150350068, 193.9902806630991
152.77167194555506, 152.34095699194512
166.30277770667882, 87.75552724570358
148.69255411402594, 167.43140403899653
199.09029370035435, 28.511499549784425
134.47512805363473, 20.374150613361365
157.68049739596194, 187.69781467134942
185.20066196610873, 135.81269521322866
108.638740532324, 16.569504168060178
198.44399279881546, 184.22865143623847
142.3171273672949, 19.5863432152122
122.62461813302032, 51.021096435469325
128.0808760803276, 137.74168198823668
125.69623476099267, 95.25948755942166
168.83483916834564, 172.77917622213502
172.21041051908298, 12.532675407008998
139.36406377778263, 119.3388726694967
120.84730597144492, 129.3446373054041
157.22713541761271, 157.62971467664482
128.22282410006233, 5.203931548618956
152.59928267901688, 108.81217847966698
139.94742950951377, 74.73743403505091
193.25971015116843, 131.06914573065373
147.7474122833778, 107.00284912780738
159.1711663335534, 67.36639002834247
152.87284381691146, 172.08909419845557
152.05389040198688, 141.66362795909043
159.22273152615435, 40.281047677573746
194.7482783761976, 131.8742367426416
187.638498544586, 144.82806393695816
149.99161126341775, 16.432554618336038
121.32174234047531, 63.9324477294563
141.583874978276, 192.33325590972626
128.1968341287564, 189.47515373045536
123.72526937539364, 127.67617561625964
189.05428734091, 152.45457659894518
157.92896430324018, 74.12027197222706
104.06404879224996, 107.03425717800839
122.86386635855652, 169.89843024731195
118.21414687646737, 178.34424791467174
186.22069989887152, 83.83993597868533
169.60015262801866, 187.3952073137116
123.08729370731342, 20.206312151672723
190.66979488831396, 140.72557023703408
117.24600693072857, 190.0873982899489
101.31480386748176, 25.89622887794092
134.63422214378437, 93.16527946608628
185.3836130095582, 43.318519871828755
153.1456682021494, 116.07811271044312
188.76059176949792, 98.6190431422892
116.80001997189096, 108.1664718854759
126.43277182297624, 198.96571559708252
137.4271725301356, 141.70230583000873
171.55240446605907, 74.12802394840175
185.89646800901005, 57.8542989623976
170.2226959976056, 49.563569348531324
117.28813139006692, 65.7513671155141
114.46769629977994, 9.329856839521277
173.94440018932778, 116.35634030130694
124.57041223382849, 107.25969623831462
114.95144262540519, 191.26792435012322
180.89057133471727, 66.807365332571
121.52248114555033, 103.43593833385827
174.19891428648586, 172.15837059193515
107.12313467362864, 88.8416628805127
150.04045643336923, 179.03069900201055
189.35291376507303, 192.38338241524949
186.27539831880136, 129.45614847737025
143.14972344736142, 163.01861204824309
106.40745492805141, 13.941646471135716
196.04075064297797, 48.178919374673846
154.462964557467, 79.20871167564343
195.7601513089743, 177.18155783938764
148.38587348966342, 192.18757409179972
159.2959625999368, 96.76503241797822
