96
89.45113564501186, 163.50368955375745
72.3008475695776, 110.93211187310928
84.38260210984335, 26.940584493201513
87.55130036165806, 137.42092569554055
85.82514526656307, 65.82835015209648
68.2482132486128, 110.33673610960714
81.39442456427875, 46.66012766631824
59.57671521963086, 139.53261461701663
69.5216951694147, 50.37479959508977
95.52364268988802, 81.03498800567266
58.472467877084156, 138.07286548165206
51.85636348811815, 12.168598481482684
73.53151817098534, 12.401554719953678
57.642064152969, 161.38508922097347
76.45511738161345, 108.40263866992319
88.29410212933246, 115.5606283319037
110.54886435498814, 163.50368955375745
127.6991524304224, 110.93211187310928
168.71995373930386, 187.0371590738178
115.61739789015665, 26.940584493201513
112.44869963834194, 137.42092569554055
159.8640235382422, 187.95070725964845
190.48869030003064, 150.04778891226692
188.35561847135747, 186.06445254388495
111.02833059513493, 105.75495693491762
198.1564175235702, 177.1564421822155
102.61463286792437, 85.1122871851226
126.65971129859038, 194.06689037497662
179.98931346775186, 169.39751156876747
106.89672678005711, 121.61045587206445
146.00840436969654, 14.403609933744722
136.48950810531284, 123.30545160342905
158.08752350080098, 56.27414477425052
114.17485473343693, 65.82835015209648
131.75178675138721, 110.33673610960714
118.60557543572125, 46.66012766631824
159.85185469682483, 102.1136060833348
134.55339936218905, 185.10711248454047
149.35290976071275, 174.14701082394075
140.42328478036913, 139.53261461701663
177.77234169227944, 62.31436023196568
153.3259985582727, 73.51864681039937
130.4783048305853, 50.37479959508977
150.19583768721728, 153.8157978564842
104.47635731011198, 81.03498800567266
190.05940340357128, 71.64290533738257
143.85232424668823, 160.50018083867138
172.15702974043197, 14.69106892579386
150.27988825997434, 31.19778330132803
141.52753212291583, 138.07286548165206
148.14363651188185, 12.168598481482684
126.46848182901466, 12.401554719953678
192.9131101341124, 57.12319772514158
182.25206244261378, 36.57473960838069
161.63200026263593, 91.89096989072027
125.57120045235641, 44.24306266189677
114.43362104789146, 195.57498952547996
118.86894519883757, 60.99516371412681
163.66422730511977, 60.24943281533457
116.42930946877684, 124.29246100474884
101.09122382380316, 111.1588304413079
196.37512039755512, 96.51420659325044
142.357935847031, 161.38508922097347
123.54488261838655, 108.40263866992319
192.34868784376295, 158.92770134293443
172.79065650149704, 95.57556787092192
111.70589787066754, 115.5606283319037
147.15941834324963, 58.237527496636375
125.63512541511129, 66.55216074129113
168.08890089277793, 109.3034180723536
149.59424719242944, 166.59714174396532
123.51720978703064, 193.40716883796682
177.3856719403136, 142.90370991337815
109.13432438269763, 74.54688771960325
115.28173875189877, 50.30288693337
171.22596385028424, 5.722286146203848
104.05566484332111, 187.81633015915017
113.53001837904606, 29.653658903510504
144.25530900227602, 145.97819166345502
101.36046080066647, 168.4215942778997
179.86724639714532, 9.563903539679997
148.84212728984463, 100.28447648022652
160.26982547628631, 134.11825029083906
146.84372858755174, 110.11182743600254
152.72510415345093, 187.35883571581152
163.3567403388238, 94.39339788873855
161.59680669875718, 5.329528765304881
154.3553508228323, 39.722429218989916
153.72019610947046, 118.91612354837645
175.63065375960772, 197.53847664506142
124.40332363488686, 35.348176829458744
123.72377279559011, 114.27406587979489
175.45101361066867, 137.81890934939145
131.81671765955969, 127.91822199288059
100.93290353645529, 196.06745249071523
106.47028949300065, 146.0417031852748
