160
40.22378865837529, 57.120037851252924
71.6252465169357, 17.80855819504663
61.80246300644574, 56.96123656742647
46.18578760790528, 5.257948057816386
94.53412241756831, 170.44464573332934
26.81376193282222, 134.97561191538801
75.49919632208561, 146.9042173413949
55.232195717186116, 165.60770107705974
23.914097289665783, 69.7972570994686
79.71325795954918, 54.61028901949945
54.170322036840304, 12.547345862863878
6.850557593428396, 17.621486738572823
78.87691311741285, 117.65096953637266
30.44137793559235, 131.32826231015252
85.66391093200492, 142.51334918072712
10.658623788253063, 154.01182509762052
63.690283825465514, 164.83250345244608
62.97133640883194, 34.513620972094586
42.23041481019657, 96.87033342186344
96.51756804603086, 115.70450667366397
39.34865832410386, 188.59452118591773
14.582251147116132, 189.35026584867572
72.09508567245334, 44.04846922339034
37.16633116299211, 126.99889541930638
0.6368882410485832, 124.77202533472813
25.722633272392624, 7.064124420723861
84.71682483668069, 182.2215460645606
77.9724939760643, 180.59195603325898
6.772662796267204, 104.91629532414335
27.446106956312498, 89.42380793753375
8.715037848859408, 172.5421974894723
0.19536468724276057, 32.75033751504752
10.838976080631891, 3.8066228275781544
60.351562951166486, 56.11270884146266
56.43781937142861, 163.57870480159335
60.168403190864574, 177.56564149122295
93.52453119626458, 85.74984925779015
15.6632785506011, 181.78768817871202
92.48981518739369, 120.85345769247924
48.690826579157495, 101.50794781031796
4.739254122908232, 83.7923052806486
35.808924692952395, 2.3711976942959234
82.88825732797345, 51.9724470082626
1.5578529480102299, 88.80018313140239
13.72037787194359, 192.76058088408462
73.98620616589051, 42.69932470290194
47.87703456639788, 92.54549534157788
63.731604137947485, 28.898640422346556
3.9460463977552873, 34.54088835233116
78.3411350763012, 132.17254593729285
41.65703495509885, 188.91152203051792
4.423250377107369, 156.58488562392597
76.13145097291672, 74.01245441734086
97.97940596216374, 48.79301446898716
93.8767320625849, 56.07638328474873
55.896585652574615, 114.95279810341106
37.042984108021905, 120.12968094645484
34.97942329377144, 184.085119103515
48.374670337051604, 154.4068242126091
5.754071969426688, 2.60434040865154
41.478507823900955, 16.730167164915798
35.91454686875078, 90.57090869578867
34.36784018288274, 175.09513901327875
12.049935389420819, 172.0302628157193
27.463328987510604, 190.77694254388098
20.32255154616066, 60.261139893563254
92.68452572257048, 134.36020628684025
88.42676974067744, 94.30024863862121
33.96706194397049, 147.0475108739366
36.3121220181419, 176.29337522646443
18.721870162027322, 163.33538524890068
48.424642860796375, 116.16902882819933
12.050033392628912, 173.74220674391242
88.92802950111067, 169.12547147958634
24.747691862944833, 101.75530519323699
36.152222841894165, 141.15479835991255
65.45980151731777, 38.41505049827669
93.82006534359658, 12.031262324431813
71.34182960974059, 187.68479437295892
55.04895955907251, 191.85411546473892
159.7762113416247, 57.120037851252924
128.3747534830643, 17.80855819504663
138.19753699355425, 56.96123656742647
153.8142123920947, 5.257948057816386
105.46587758243169, 170.44464573332934
173.18623806717778, 134.97561191538801
124.50080367791439, 146.9042173413949
144.76780428281387, 165.60770107705974
176.0859027103342, 69.7972570994686
120.28674204045082, 54.61028901949945
145.8296779631597, 12.547345862863878
193.1494424065716, 17.621486738572823
121.12308688258715, 117.65096953637266
169.55862206440764, 131.32826231015252
114.33608906799508, 142.51334918072712
189.34137621174693, 154.01182509762052
136.3097161745345, 164.83250345244608
137.02866359116805, 34.513620972094586
157.76958518980342, 96.87033342186344
103.48243195396914, 115.70450667366397
160.65134167589613, 188.59452118591773
185.41774885288388, 189.35026584867572
127.90491432754666, 44.04846922339034
162.8336688370079, 126.99889541930638
199.36311175895142, 124.77202533472813
174.2773667276074, 7.064124420723861
115.28317516331931, 182.2215460645606
122.0275060239357, 180.59195603325898
193.2273372037328, 104.91629532414335
172.5538930436875, 89.42380793753375
191.2849621511406, 172.5421974894723
199.80463531275723, 32.75033751504752
189.16102391936812, 3.8066228275781544
139.6484370488335, 56.11270884146266
143.56218062857138, 163.57870480159335
139.83159680913542, 177.56564149122295
106.47546880373542, 85.74984925779015
184.3367214493989, 181.78768817871202
107.51018481260631, 120.85345769247924
151.3091734208425, 101.50794781031796
195.26074587709178, 83.7923052806486
164.1910753070476, 2.3711976942959234
117.11174267202655, 51.9724470082626
198.44214705198976, 88.80018313140239
186.27962212805642, 192.76058088408462
126.01379383410949, 42.69932470290194
152.12296543360213, 92.54549534157788
136.2683958620525, 28.898640422346556
196.05395360224472, 34.54088835233116
121.6588649236988, 132.17254593729285
158.34296504490115, 188.91152203051792
195.57674962289263, 156.58488562392597
123.86854902708328, 74.01245441734086
102.02059403783626, 48.79301446898716
106.1232679374151, 56.07638328474873
144.10341434742537, 114.95279810341106
162.9570158919781, 120.12968094645484
165.02057670622855, 184.085119103515
151.6253296629484, 154.4068242126091
194.2459280305733, 2.60434040865154
158.52149217609906, 16.730167164915798
164.0854531312492, 90.57090869578867
165.63215981711727, 175.09513901327875
187.95006461057918, 172.0302628157193
172.5366710124894, 190.77694254388098
179.67744845383933, 60.261139893563254
107.31547427742952, 134.36020628684025
111.57323025932256, 94.30024863862121
166.0329380560295, 147.0475108739366
163.6878779818581, 176.29337522646443
181.27812983797267, 163.33538524890068
151.57535713920362, 116.16902882819933
187.9499666073711, 173.74220674391242
111.07197049888933, 169.12547147958634
175.25230813705517, 101.75530519323699
163.84777715810583, 141.15479835991255
134.54019848268223, 38.41505049827669
106.17993465640342, 12.031262324431813
128.65817039025941, 187.68479437295892
144.9510404409275, 191.85411546473892
