224
26.83106488498317, 118.0435916426761
71.68933515873188, 141.66700171902647
24.799921492554443, 36.38250223681298
75.72435110920962, 42.41791403803723
2.3630651476558295, 12.409939050656416
35.44913658793939, 76.45905943682745
4.170395119854431, 193.27504999187815
22.049846514058135, 154.38909980622273
11.813358959274955, 154.50859194162666
15.109901012275772, 40.31881882493102
59.13805586832828, 10.855257792356898
56.18755812297511, 42.62218539963143
60.34440553940588, 177.14785249692216
30.930225445737523, 45.332511497066584
44.804358530272104, 178.57217537215996
7.062081307486245, 193.51121793177379
31.87279814393572, 182.8868165601379
98.47148026161372, 9.774475744628974
28.82084521660503, 78.3499359801635
13.434425880234713, 161.5537422584212
50.26539631101401, 130.07171908398263
89.26712479245884, 117.81946490927884
70.39894259770799, 123.95674819343199
73.05982290315029, 117.3713299032773
81.42355149223438, 97.40893379438569
45.643093560614965, 33.47351732161474
8.752529957115495, 39.73718200118883
44.458278538376874, 123.59792860187449
25.43017356561059, 27.483294980967088
42.82233328013425, 28.318665615742987
97.88991877829805, 113.27933624673399
26.11859152732624, 12.733117621076806
51.26823594258142, 4.387530728933986
62.85564638239974, 41.56128330652902
17.251869829852794, 130.65347810205944
24.98942902574712, 73.91618578060964
73.19628421732507, 144.0065523253759
40.30813344165224, 173.94885309363687
68.835734118029, 8.781631167888083
21.894413722417138, 126.40495756240071
84.20481807046062, 96.29809396442299
97.1584995905039, 116.36974866636783
8.907075015465837, 21.485503106555637
75.85087867109483, 59.726562445785866
40.08192707490002, 26.486332412702616
16.14221082822238, 192.6315946154079
40.14245990691217, 76.15680193065741
56.50438755733885, 4.881954142552103
91.17382146225204, 93.66371679735808
93.98228901664298, 113.45536476182976
39.567383684749714, 80.52200964378815
0.48457045110991137, 38.7693723911102
19.53855851742975, 191.31238961271316
86.59895010663308, 89.26253777064055
10.615326950345194, 104.85022915967541
49.22099367838436, 192.86443064961534
73.23858868193417, 107.236606855312
38.5218635550829, 142.89883000209053
4.585647424049721, 73.69883135022131
40.81180234781231, 138.86832454894966
38.66149456277971, 168.5762686979726
89.48920356765231, 13.917043314963816
13.171897875595938, 16.2920946299449
65.34696299369557, 39.27434728663211
10.18643831433642, 34.11161920131571
94.45708655234097, 144.94060317764797
57.30208620527064, 130.99506768288003
23.272824897421064, 4.7079435118641655
47.33783249531327, 112.12672505452647
92.26418767272463, 34.64015874429971
32.94431828548308, 7.62808893161786
6.177968131284118, 27.208625417098364
56.858061084958855, 161.303565328898
51.61221545754514, 183.96779097006728
69.27613608975136, 78.52761682055684
39.29370013578528, 62.64501412062935
83.08758370122915, 61.75580006228476
29.938141880063718, 103.02371227354914
71.25710996168729, 143.28100154952176
52.96455152067172, 167.69563347140334
64.07254789603826, 73.42320749618669
71.67854015865723, 105.6053057995294
1.6180591314727821, 9.173039010147166
80.32514933612362, 102.0757745565829
94.57968200684422, 64.01590207963777
97.46376843839822, 82.3751456846477
1.4657252938610865, 101.2673495444535
27.32624494335364, 34.8206530671487
84.20088578991603, 23.721837881580754
98.47067480372588, 109.87177092971265
30.07786535146636, 137.42009329758037
57.798165179982675, 76.35257280235533
23.930438320756153, 195.07452994571116
40.90255134068671, 163.01239544248386
17.868824521336357, 25.69606600491774
29.447217274789995, 123.3408832405142
79.64843840827297, 111.9959129826339
95.42304081053958, 174.6834455273026
71.14372512550626, 167.0208621248122
94.46600140596767, 25.973006478653616
23.583263259891428, 68.16632545996124
97.4064971248055, 93.47965078571751
75.8300188477159, 114.24621126597094
11.73042682921962, 82.54614454258706
61.96313868969432, 180.5378306208405
51.80663346475758, 180.68852795509463
48.14641571781762, 82.05098747208956
66.23508735292731, 43.97561796650782
29.378529885266147, 91.97119214849295
11.599620084122709, 189.6955434105329
68.75282692980615, 58.04959487606476
91.84207704637423, 82.09971393939198
88.1169709841273, 170.0996212950517
4.265388600455145, 85.73584841288823
71.64148988389995, 195.6292455598988
64.60978531374575, 82.61435792800533
10.485309191157121, 29.706586393600375
82.36611257779397, 167.40688341164164
68.19132579385241, 151.62159763689783
65.68825549008898, 116.8486548583324
51.07567394043574, 56.747439326967886
55.54833587815644, 117.58472672945972
97.99747974153311, 76.31760122152227
71.14367020158153, 87.51582771578141
0.28145948835963663, 121.70381496030085
10.780139216228369, 110.43820696115556
52.866787570755505, 156.8957344105959
55.82626420678519, 85.2587759300057
92.73065251765539, 71.30037481665094
78.33102046322425, 41.61665865761359
6.580569179716189, 143.22377922913452
83.62251206191372, 128.06106289656952
1.948161516189939, 128.0300242342887
34.889139622284674, 115.81138934531987
10.407220503737925, 124.84333997546895
76.91443308701866, 32.03777437417521
45.685550097095906, 101.18446523549893
33.20211239596518, 96.16598375891232
58.83869317568493, 107.35033336544299
30.250056858296624, 109.63996961173557
51.44216108350358, 69.36065102282778
96.72933965055309, 111.92357139467157
53.16848255484595, 187.1533442332856
89.2281847115928, 45.57711254389165
173.16893511501684, 118.0435916426761
128.31066484126814, 141.66700171902647
175.20007850744557, 36.38250223681298
124.27564889079038, 42.41791403803723
197.63693485234418, 12.409939050656416
164.5508634120606, 76.45905943682745
195.82960488014558, 193.27504999187815
177.95015348594185, 154.38909980622273
188.18664104072505, 154.50859194162666
184.89009898772423, 40.31881882493102
140.86194413167172, 10.855257792356898
143.8124418770249, 42.62218539963143
139.65559446059413, 177.14785249692216
169.06977455426247, 45.332511497066584
155.1956414697279, 178.57217537215996
192.93791869251376, 193.51121793177379
168.1272018560643, 182.8868165601379
101.52851973838628, 9.774475744628974
171.17915478339498, 78.3499359801635
186.5655741197653, 161.5537422584212
149.734603688986, 130.07171908398263
110.73287520754116, 117.81946490927884
129.601057402292, 123.95674819343199
126.94017709684971, 117.3713299032773
118.57644850776562, 97.40893379438569
154.35690643938503, 33.47351732161474
191.24747004288452, 39.73718200118883
155.54172146162313, 123.59792860187449
174.5698264343894, 27.483294980967088
157.17766671986575, 28.318665615742987
102.11008122170195, 113.27933624673399
173.88140847267377, 12.733117621076806
148.7317640574186, 4.387530728933986
137.14435361760025, 41.56128330652902
182.7481301701472, 130.65347810205944
175.0105709742529, 73.91618578060964
126.80371578267493, 144.0065523253759
159.69186655834775, 173.94885309363687
131.164265881971, 8.781631167888083
178.10558627758286, 126.40495756240071
115.79518192953938, 96.29809396442299
102.8415004094961, 116.36974866636783
191.09292498453416, 21.485503106555637
124.14912132890517, 59.726562445785866
159.91807292509998, 26.486332412702616
183.85778917177763, 192.6315946154079
159.85754009308783, 76.15680193065741
143.49561244266116, 4.881954142552103
108.82617853774796, 93.66371679735808
106.01771098335702, 113.45536476182976
160.4326163152503, 80.52200964378815
199.5154295488901, 38.7693723911102
180.46144148257025, 191.31238961271316
113.40104989336692, 89.26253777064055
189.3846730496548, 104.85022915967541
150.77900632161564, 192.86443064961534
126.76141131806583, 107.236606855312
161.47813644491708, 142.89883000209053
195.4143525759503, 73.69883135022131
159.18819765218768, 138.86832454894966
161.3385054372203, 168.5762686979726
110.51079643234769, 13.917043314963816
186.82810212440407, 16.2920946299449
134.65303700630443, 39.27434728663211
189.8135616856636, 34.11161920131571
105.54291344765903, 144.94060317764797
142.69791379472935, 130.99506768288003
176.72717510257894, 4.7079435118641655
152.66216750468672, 112.12672505452647
107.73581232727537, 34.64015874429971
167.05568171451694, 7.62808893161786
193.8220318687159, 27.208625417098364
143.14193891504115, 161.303565328898
148.38778454245485, 183.96779097006728
130.72386391024864, 78.52761682055684
160.7062998642147, 62.64501412062935
116.91241629877085, 61.75580006228476
170.0618581199363, 103.02371227354914
128.7428900383127, 143.28100154952176
147.0354484793283, 167.69563347140334
