160
29.48099038627896, 66.13361022733433
51.82182961795867, 71.08862590699869
32.297733997463226, 13.655131825553735
10.357825150859512, 0.3785795569742234
83.0534763060494, 51.43329151878113
7.502706081131317, 22.749645248007155
24.2480524313738, 127.33128562884706
93.97637218853217, 192.32776718885938
95.91797778708833, 4.176484314399809
44.930187118131734, 191.34409468042193
51.293947954152394, 78.53429419513557
81.52647450657527, 165.88891904913038
82.66066694570992, 185.24785477945812
3.5836450540219333, 195.09321265883435
44.50881534355642, 75.90109925089756
73.69926087806392, 189.34342873086624
35.470927892660754, 100.2440968183191
0.49973344765883443, 11.724404249446053
41.45832510856062, 118.01298076685976
40.82949448946152, 140.33773859110985
1.1584688614501792, 149.14341121821397
97.87937826452558, 3.1335298117425525
61.14002034030509, 95.4494612167724
19.30004830367642, 150.55080083080333
92.76113151300775, 65.76104904346406
53.781798103385945, 101.61468036949881
45.46530588977109, 126.00532505696589
83.37822764294704, 40.10564307316955
63.60989213000302, 79.22912390543455
56.5099316096553, 165.72070243752214
84.16765734211121, 104.55610317524042
79.11965978503036, 150.5452366201211
59.91057114776025, 15.316119301605703
34.47825757468971, 124.5074270358537
8.526714314587714, 65.89056723004757
94.93649919533937, 73.79291745389807
96.42020950226038, 20.09029668547686
29.990700897741974, 48.543999225976386
16.340811544416734, 184.60690077860147
2.6528856744170826, 183.8931977896807
12.740526972226663, 29.28103622133207
17.629374928689025, 52.387517835974215
85.38216313551293, 107.33939068863754
56.23696800588709, 198.43599880735863
48.154664586542125, 173.76322876643616
16.3509859795855, 73.83097103999106
76.87250011449387, 30.719841508291324
58.48743652855957, 160.2891865740671
12.708797283976804, 173.90673277403482
26.26028789637718, 132.10925314797024
21.190685680655598, 24.21814396873332
7.532385140835762, 9.060345847130801
41.929660972626294, 183.5702457565064
93.9839098345343, 151.08062399013843
12.368474219301417, 116.06560278082807
39.004318199852264, 88.47265878924995
29.784349862925406, 55.99597559694469
46.41155096032033, 19.807684824586836
52.238943050424645, 145.99279772499648
60.17941655584447, 103.83187214760324
86.27575236091968, 81.51880498582487
1.8686440825007589, 198.9940662966249
26.457933077946894, 97.50862046502388
5.193435874999308, 74.51062468278387
73.36884178459555, 97.44419227823605
93.09585724751027, 138.84640180073373
53.04391607270974, 160.34810068141522
26.420390075255785, 178.46752274280126
76.44516599294889, 78.78074045794008
35.53196367329411, 43.91004142008268
33.55421778993851, 158.41889292621667
53.38734938560944, 6.295463192034867
26.3611376584186, 94.71885618020382
30.457240856678357, 61.9813035503576
36.7067265412545, 168.59561937257996
13.389424402051786, 17.43443042095658
66.39862015813772, 184.0329702499963
40.54008227951653, 173.35276601684347
52.41483932129296, 93.16428833731894
66.26880571753507, 83.12208882753123
170.51900961372104, 66.13361022733433
148.17817038204134, 71.08862590699869
167.70226600253676, 13.655131825553735
189.64217484914047, 0.3785795569742234
116.9465236939506, 51.43329151878113
192.49729391886868, 22.749645248007155
175.7519475686262, 127.33128562884706
106.02362781146783, 192.32776718885938
104.08202221291167, 4.176484314399809
155.06981288186827, 191.34409468042193
148.7060520458476, 78.53429419513557
118.47352549342473, 165.88891904913038
117.33933305429008, 185.24785477945812
196.41635494597807, 195.09321265883435
155.49118465644358, 75.90109925089756
126.30073912193608, 189.34342873086624
164.52907210733923, 100.2440968183191
199.50026655234117, 11.724404249446053
158.54167489143938, 118.01298076685976
159.17050551053848, 140.33773859110985
198.8415311385498, 149.14341121821397
102.12062173547442, 3.1335298117425525
138.85997965969491, 95.4494612167724
180.69995169632358, 150.55080083080333
107.23886848699225, 65.76104904346406
146.21820189661406, 101.61468036949881
154.5346941102289, 126.00532505696589
116.62177235705296, 40.10564307316955
136.390107869997, 79.22912390543455
143.4900683903447, 165.72070243752214
115.83234265788879, 104.55610317524042
120.88034021496964, 150.5452366201211
140.08942885223973, 15.316119301605703
165.5217424253103, 124.5074270358537
191.4732856854123, 65.89056723004757
105.06350080466063, 73.79291745389807
103.57979049773962, 20.09029668547686
170.009299102258, 48.543999225976386
183.65918845558326, 184.60690077860147
197.3471143255829, 183.8931977896807
187.25947302777334, 29.28103622133207
182.37062507131097, 52.387517835974215
114.61783686448707, 107.33939068863754
143.7630319941129, 198.43599880735863
151.84533541345786, 173.76322876643616
183.6490140204145, 73.83097103999106
123.12749988550613, 30.719841508291324
141.51256347144044, 160.2891865740671
187.2912027160232, 173.90673277403482
173.73971210362282, 132.10925314797024
178.8093143193444, 24.21814396873332
192.46761485916423, 9.060345847130801
158.0703390273737, 183.5702457565064
106.0160901654657, 151.08062399013843
187.63152578069858, 116.06560278082807
160.99568180014774, 88.47265878924995
170.2156501370746, 55.99597559694469
153.5884490396797, 19.807684824586836
147.76105694957536, 145.99279772499648
139.82058344415555, 103.83187214760324
113.72424763908032, 81.51880498582487
198.13135591749923, 198.9940662966249
173.5420669220531, 97.50862046502388
194.8065641250007, 74.51062468278387
126.63115821540445, 97.44419227823605
106.90414275248973, 138.84640180073373
146.95608392729025, 160.34810068141522
173.5796099247442, 178.46752274280126
123.55483400705111, 78.78074045794008
164.46803632670589, 43.91004142008268
166.44578221006148, 158.41889292621667
146.61265061439056, 6.295463192034867
173.6388623415814, 94.71885618020382
169.54275914332163, 61.9813035503576
163.2932734587455, 168.59561937257996
186.6105755979482, 17.43443042095658
133.6013798418623, 184.0329702499963
159.45991772048347, 173.35276601684347
147.58516067870704, 93.16428833731894
133.7311942824649, 83.12208882753123
