240
61.43678963402414, 161.7289051149289
17.112301415156484, 79.24211299752736
5.798526264555761, 82.19293001900773
70.30743632118256, 54.53595850742951
12.407918170854948, 59.26231500784884
19.791363254130843, 100.94571427627199
94.68412830371706, 84.83074217010697
21.091307978367155, 97.88893085974257
85.6090344930208, 108.10485816378134
63.0348806909991, 151.47489777063453
9.691854660070312, 45.45928668932443
41.7312943257221, 189.48382370482284
82.30530923938137, 163.6663557903283
13.653855990645868, 21.592289903936653
42.792395435267224, 129.429633307701
86.52674161599406, 169.29778169227586
58.85926672999513, 76.55181616564767
71.81665789125172, 49.15577976614588
28.25143396900647, 34.766641341769635
90.6775191198021, 124.36843299812062
24.91910681845148, 150.9782234995988
57.22561965362375, 92.2395954635986
41.94355213322328, 41.86969561123189
55.34063617801951, 102.4508973426772
43.611670359969786, 180.10988785222753
45.20557467236209, 193.762461944084
36.19474404423178, 108.18928177404112
91.86124547855547, 154.52563014693192
40.99343525612575, 7.223381428832823
96.17694657300842, 61.34385446234916
96.28887073178556, 94.78435805791496
13.462976159895078, 23.35949658445732
69.19823448033144, 143.32133855712522
74.65945562788748, 183.67231641629513
39.76534029375063, 117.4603860658623
10.550366442723423, 96.9122124466088
13.219736609787745, 5.716399595630946
24.213684777155663, 38.12864362714937
28.02407185391234, 21.991019534734548
73.01175096045726, 106.78143557501973
78.1359302003263, 98.39055085050651
53.02377414033802, 158.1579669365746
85.91845107153634, 146.18040004475034
1.5901832862900278, 85.92002300383315
94.34109009759385, 76.62138018828978
82.1748102410599, 79.57268269061625
33.57664899618048, 8.12785013689431
80.77653451566678, 61.52207103680034
84.93924104625133, 80.7755173034604
22.69258436820692, 13.898437916847186
81.07780093619463, 82.19836543661387
59.71562241218682, 179.86612056074193
65.94949243845477, 36.43536381345034
73.66048482472726, 154.6124716645905
46.15318022220747, 21.02469727572695
18.629992323220712, 151.41040262190648
14.975380717359204, 63.60495652086098
44.085451798289114, 145.56220006134686
77.95314820092163, 47.36795291513542
34.706877518298526, 62.612223118933
96.88524371848628, 48.00722274482136
72.36901938533151, 63.0046721293775
68.81144568746419, 94.75366939703002
79.54663832923941, 0.4424857346056932
45.820459872329224, 74.27981620174067
45.22062936061379, 107.37911295660078
99.36209605160096, 31.55144158041405
65.63601074810764, 176.29015879825965
13.423948108396658, 110.85989844200813
94.40360249094982, 109.95624825570079
84.57310422370199, 47.399372155543034
80.0708499462467, 46.66504436893983
1.9776960522060238, 111.84905646759057
70.74097507948443, 69.42551907887224
62.14658548308271, 169.90344091093925
65.27309863509157, 23.602846889994986
42.173383413026464, 20.371499656469556
34.144365106761626, 106.58489124212545
0.7894853602951795, 42.92708755884298
82.98630771037968, 49.858436658362216
56.98516965173748, 72.68080395141855
93.37886289776803, 58.65907918132105
43.24637799665364, 117.14989552114457
8.16874773401759, 74.16492888515566
53.28697305208421, 169.77825825687722
87.28628324372254, 32.54256676950127
24.96701510631132, 29.90289417745704
54.31556032307897, 1.1879881034986273
38.73171217290361, 180.83015753880179
1.2603700867483414, 70.244417611184
98.72865214737266, 183.81501887770796
40.167231620407875, 23.34719300312731
27.03676223793957, 121.2047473670721
85.57029769677995, 7.849332159482669
62.37301193452913, 31.50808227352513
51.733449853315406, 7.392989171157693
77.12188463925973, 25.480484648706692
25.912401301220555, 6.996743170810471
34.27819521138925, 31.97440863659744
22.571262125354785, 167.78207811515534
54.758581796766116, 173.29358407332333
60.20599403257185, 195.34160639549648
17.543339904022826, 153.83218923756363
44.115765914094396, 153.30730493755397
45.56518971213085, 85.14997954826484
43.80092069157205, 48.12012465800299
26.236669584451057, 105.56169866310145
25.83217904711841, 44.86553426798454
96.70475715093012, 107.08345157020244
91.08381008980311, 167.0040019692302
1.2542511962452707, 72.2117080340124
6.10896261636642, 24.277834982613822
90.389068824668, 66.49897086403801
90.49657541596491, 15.99360026650649
83.42453371242993, 10.864256926398209
81.05244021422962, 171.27631092101544
10.544816732156326, 127.68525054787257
42.16023896586021, 133.41377279502612
80.01352841433588, 40.99373286363175
70.63075635645122, 150.77050095106767
68.01935644040445, 156.5061453074961
31.089190235275453, 91.77219795302214
98.09619148780028, 115.30628990919021
43.46217752703956, 188.3564214046924
7.984756476089549, 38.33991878714562
82.19722260099125, 109.86806355564802
29.827100552726517, 93.20547285753409
85.42099385100205, 38.189073097537275
70.92298606186934, 20.935046929907642
6.349266905619599, 191.85361248540437
57.980258880539125, 148.84353384793314
41.851007193209576, 146.72485054204742
17.43531662413854, 103.75570923653459
93.48891663264256, 7.983907732902096
78.75982121576985, 39.49045148933561
90.79693945887449, 37.45517214798957
19.850587739886794, 102.67567552501313
36.60470011766633, 34.20033512525893
66.10945221654426, 173.73617635541777
65.83716213361564, 78.26279698713428
57.94396882888185, 94.96458315645083
93.80853470556796, 64.14185404761648
91.34604573066862, 59.79932957340692
85.54835266660996, 181.60033009952778
48.448145146509205, 52.83485581170622
41.82402081945879, 194.45233548241495
44.66292623417133, 147.83605406513144
4.464798893673616, 136.9135564034496
20.917920749945917, 194.2467368577561
65.65631247658902, 128.4599060941903
70.25632487204021, 75.71933267441248
64.3026900070463, 171.57655147911714
50.77348634347327, 128.8525719334384
30.668960233898147, 53.35936920455706
32.58685713688969, 132.12243723157883
56.93181795783221, 194.49877266310992
94.92222297432747, 127.27257526227626
63.65797683883729, 166.971250680784
36.564460250815145, 40.68050367687168
23.599231559190713, 78.48977042759711
124.13794934396124, 158.74480908411007
188.07538526539156, 72.92898174502153
123.15421073104291, 44.39708604826136
147.26126036224838, 16.942282128881093
141.592659970934, 99.38870402441621
155.16969176668954, 26.9510845530204
176.5398965778556, 146.89122581324477
167.2721936383811, 151.0851164059687
153.31329140441255, 85.19703638875535
100.75383437599837, 165.2538351060168
165.12710681159388, 7.037140984127133
147.8339717274509, 144.43475459801482
194.39441888443542, 129.03788001184026
184.20918852212682, 56.04952368904574
111.22370102389104, 167.4759026290843
111.24822301781477, 140.76149072970415
155.50013726043846, 65.01749600275886
142.84050827215486, 77.66471616514283
162.23988225806687, 41.276669058821504
122.34412355679672, 59.94454343375375
197.12934506510936, 180.55338857866235
180.0443417974264, 122.843690846107
112.57298090679558, 28.163487338754777
197.4940578248461, 69.16532107728801
139.02594352219197, 186.83516281545434
126.55766251103854, 186.4061211409405
169.91193351248148, 66.9918484106687
127.29119618559419, 171.88156847563755
113.78342816337997, 57.810414664554145
181.4676087141811, 111.60945612583006
109.95591382932467, 163.8434909392606
144.69732906115138, 8.640514116107557
186.07669685156475, 92.563954194904
199.48078939123823, 198.67149122880954
149.22256683051114, 135.66850875849886
163.62796788216448, 137.5232164092281
119.88961123936689, 74.9542153387525
109.96526577715431, 92.84530109107057
121.58483239035421, 37.676146413076
193.1904480998203, 185.23695664148693
173.4715040366983, 45.969901894429775
183.42533164354637, 116.78877197410196
111.6707105306895, 151.59612620040798
159.6295829044824, 141.43428228326323
171.52456653917235, 27.901869610404106
148.87051609299286, 16.60391027150625
175.77050927849436, 9.813587241858613
124.44899775276477, 128.1455385114766
194.1754394231229, 152.02870963695904
197.48080906984023, 86.34321825506011
170.59292655343182, 75.08997587897149
113.03860007266445, 113.10101165467232
140.6820442480347, 105.89694938398632
175.4438125516249, 117.97476068646986
107.14922616037599, 98.44324114853933
191.00097041540522, 111.9393458821508
198.66210738361872, 71.09245805979887
111.36216668978285, 88.36315791249265
186.29688700565274, 32.7814616636648
199.11308082555468, 127.1427002442133
101.37829744760755, 38.1399493725058
189.0329272889462, 53.66498720478556
199.95608340547466, 21.94131639134602
149.7385078103766, 12.69305107125447
113.72268658216271, 50.5653437884277
131.68548567853327, 119.67626199081822
163.80280905206072, 76.35643549313191
116.19129620122838, 186.830202684891
115.86346048157263, 53.46562932215229
109.44398837231144, 31.99835760296579
119.07891807439069, 22.194825002460703
124.49781867687373, 80.75948565353836
199.81320560417137, 183.36850009183587
165.59564338402305, 34.247568871489605
175.1808357234959, 154.50278403864053
167.43638618403426, 63.064556681810544
182.46497764346063, 10.105430251911617
153.85782239262065, 40.704742965702344
188.19998343981035, 55.77133787708497
194.30911119670148, 17.677781711394537
