192
39.91125440607616, 174.15371134826103
81.3627735298571, 57.385613666102486
80.9901694709683, 24.551986950398263
8.841981864628906, 12.125274327917992
65.3409405390352, 51.417247162573275
83.0442798727339, 178.1766783026418
14.704946652872607, 5.029555094945888
14.697598208667662, 199.73438709068895
83.56855888474078, 96.49776961941797
19.46444730240603, 129.9426238867259
35.650637586429774, 169.91979606647902
65.69428729448198, 38.671785921515635
5.39953016644229, 191.29260253548236
31.737279495740257, 125.75923569755705
5.08554185036052, 39.74872757562542
58.82451011626587, 84.60303208142253
65.23340779916217, 125.20679214276642
93.17931949110728, 4.09057528354883
58.521460213376365, 82.42353252064495
81.41853818541051, 160.76322890822428
51.563354867154644, 198.98417359695458
71.49266156791714, 8.472406841164485
2.6053226822439046, 62.91986542163741
68.22580430137629, 192.20905561509622
71.78638412545968, 56.215775048363945
57.71601390051393, 95.87057637340557
19.936229212024436, 98.40472556053834
28.756605591771155, 137.84974832179293
16.087661897481524, 60.51936691168207
45.74895631649425, 92.36872279575248
85.11083999544476, 160.51154402767554
56.03904433689129, 23.174177121843606
93.17310036847968, 24.507403597936737
7.4039312951454495, 106.23912468175823
32.155829657462284, 191.28958926437898
81.84901048746352, 128.37296397089227
11.55091794489227, 152.64892887014435
92.6599703440675, 52.69055872224515
23.93466075883641, 139.03380921953715
91.26665358660982, 66.50849455389303
4.232349041813322, 127.80381819806533
2.06141913590659, 71.27430183625384
99.54350004828434, 149.1837521741073
7.753299262445479, 137.2864487070273
20.538889068066723, 116.99796418001766
56.02096024913662, 105.46018167412842
64.72907360841143, 69.29324338021667
94.1534806512228, 80.68723515003676
13.726686400055243, 94.32820330688136
99.34310782669556, 84.58993791054635
63.167087702788336, 163.6376311526503
48.50196055411645, 18.088746196548858
81.0103195748301, 140.5938056161143
55.34252430485698, 40.74428963887098
36.431416225554266, 121.50552855201025
83.98777383767899, 108.11343870426848
19.485083360450396, 81.12225689851272
42.96619811074357, 193.22439310068887
94.82001799040376, 18.390486830201947
62.997454762218204, 41.200768272125174
44.37237781897633, 28.791848422684325
8.939371273158933, 90.03121096341644
85.43368292748457, 120.55836723328196
54.765903704474695, 124.46224659196542
34.41964706124034, 174.21290481443532
33.46994611115976, 149.7644000995217
54.51418602824612, 163.00441851163174
86.83110343136025, 46.40168930911256
48.198244691272045, 144.23182493598043
7.484649054738576, 56.15250925118127
57.45979423786133, 168.43051253173152
1.9826677429704676, 153.25678214517922
60.964861159682826, 70.14720875268397
14.079965026100927, 84.94731258586275
56.82609314437214, 6.195206472546899
69.1819533480782, 45.57821492969572
30.776531377720417, 150.4892230621183
40.86973657925468, 199.50696175449139
3.7371923374368787, 86.66009201390823
67.98119364586042, 82.08095861589717
54.842157203559594, 30.801700386247255
71.48426446551586, 0.20591203670778935
60.43497049229812, 11.042264022829773
38.99657602176744, 22.492374336335352
51.46982891383315, 16.232710800039207
19.343309327395986, 100.47121860911767
95.54927439347554, 50.75855622288006
65.27912030020379, 53.84920814363885
35.6261830172525, 29.86597677286302
39.737890635224346, 85.68381417120705
51.26159030020126, 41.81075451728915
91.72902424511177, 104.89891855537863
78.63741056998991, 121.45971486370897
83.35919566449323, 88.36207273586636
10.965054888247582, 187.37241963419672
13.055542776813722, 80.53162387305561
55.492442153019915, 102.60841041416802
43.909638158276906, 90.07977566475174
33.104734516506895, 80.6596546057634
16.93368804087677, 195.0022594104578
10.230058787538054, 49.63319667119228
44.55540421262465, 65.03920834028153
0.5273021090976382, 166.84668372548893
32.85254258338617, 157.98308348518572
85.95726184539053, 19.04401774523039
8.968862799062649, 122.8576877929153
7.640831880462473, 182.3251324564143
93.42519803679413, 47.22362004065379
21.263810069028168, 19.898941803521765
34.77041519402798, 15.860472643196367
4.9818962197205945, 109.68111538272292
72.39563333847798, 157.8115229762013
160.08874559392385, 174.15371134826103
118.6372264701429, 57.385613666102486
119.0098305290317, 24.551986950398263
128.54506917191975, 35.57893117430457
134.65905946096478, 51.417247162573275
116.9557201272661, 178.1766783026418
116.79874264073614, 9.051532024356757
185.30240179133233, 199.73438709068895
116.43144111525922, 96.49776961941797
180.53555269759397, 129.9426238867259
130.4266386916443, 180.7875688560414
121.74534910968417, 114.14386555718178
194.60046983355772, 191.29260253548236
168.26272050425973, 125.75923569755705
194.91445814963947, 39.74872757562542
141.17548988373414, 84.60303208142253
184.85094715392248, 186.2361002480226
165.08931117712757, 75.50083830314611
141.47853978662363, 82.42353252064495
118.58146181458949, 160.76322890822428
124.60035131274671, 121.33483255171068
144.61051109572367, 73.33229235795375
197.3946773177561, 62.91986542163741
131.7741956986237, 192.20905561509622
128.21361587454032, 56.215775048363945
142.28398609948607, 95.87057637340557
180.06377078797556, 98.40472556053834
171.24339440822885, 137.84974832179293
193.64949416262206, 62.43285228166566
154.25104368350574, 92.36872279575248
160.50387392935633, 89.98780996258036
183.14380390127374, 32.70683310094433
185.9688143458141, 6.315400377620528
192.59606870485456, 106.23912468175823
167.84417034253772, 191.28958926437898
118.15098951253648, 128.37296397089227
188.44908205510774, 152.64892887014435
107.3400296559325, 52.69055872224515
176.0653392411636, 139.03380921953715
108.73334641339018, 66.50849455389303
195.76765095818666, 127.80381819806533
133.79893647558958, 119.97753674382142
100.45649995171566, 149.1837521741073
192.24670073755453, 137.2864487070273
179.46111093193326, 116.99796418001766
126.88840309607275, 83.8727515718679
142.7762022565359, 48.9612931858018
160.1299682368378, 153.81416120153395
186.27331359994474, 94.32820330688136
139.33778881209466, 5.459248605336686
139.88132952053144, 192.64865949721397
116.54350818423231, 21.821090874883243
136.53923386168117, 134.48312891935444
144.65747569514303, 40.74428963887098
104.22274575380011, 186.49066838427336
109.7522146159419, 28.353902730874147
149.33287450640233, 136.98866110860962
157.03380188925644, 193.22439310068887
105.17998200959624, 18.390486830201947
144.11521387840025, 91.98102807610611
165.4913368876738, 108.68978959444865
161.90885528180394, 20.466152132377058
114.56631707251543, 120.55836723328196
145.23409629552532, 124.46224659196542
165.58035293875966, 174.21290481443532
166.53005388884026, 149.7644000995217
145.48581397175388, 163.00441851163174
139.7155394690996, 14.207662440784041
126.62213400792194, 181.43898941283538
140.0694180554043, 3.476918921573602
186.73393366811226, 197.02695673447738
198.01733225702952, 153.25678214517922
139.0351388403172, 70.14720875268397
185.92003497389908, 84.94731258586275
143.17390685562788, 6.195206472546899
130.8180466519218, 45.57821492969572
189.22989491076711, 197.7324716579882
159.13026342074534, 199.50696175449139
196.26280766256312, 86.66009201390823
156.49244602900188, 137.54458033809152
