240
8.950549005944175, 166.85100760327117
31.069535403713587, 126.77608830240902
26.266652494692607, 121.75118264129046
80.09851896599105, 157.8657194382347
89.42263854606082, 78.67196327203207
15.64408403461561, 137.07999425590597
70.98246578307617, 174.76157815485197
50.68417256090392, 122.5859128512885
53.610053118473544, 149.58188351433918
47.6213403736911, 66.36365988560007
81.92053241055704, 161.68565856131494
6.490929548136066, 76.76463865153441
16.347978263142366, 125.01156230177139
12.206011855857426, 105.99235576935135
78.57903939836058, 98.85651151699398
23.672474595114195, 150.44967449165205
36.1707156383911, 133.01794667393546
27.82946668869041, 113.39186616141245
47.24656152678578, 177.24211615124733
96.83529034220236, 5.244424242869201
10.534056817409756, 31.07042329654936
5.384069647040782, 192.0144872393692
65.3502740696968, 72.10739644609153
19.269111213937755, 161.02858560633098
3.1349028257858436, 128.89400389020506
39.85730216153182, 116.10444000059647
31.236733989626178, 79.31129111914659
73.84356137759036, 118.21751297968805
51.418300777225824, 157.27143375641202
58.62202410742434, 66.98602657094868
0.9022806271631829, 98.90718331447
8.92878837509004, 18.238835475473458
58.091202934084706, 156.90026214172232
40.99711673156511, 144.44598570832682
55.65880502677517, 87.72166745094304
68.54869444118934, 67.6246000962195
58.18712124427171, 100.42819956688592
76.38972446635016, 70.42388333407486
49.73025072117904, 143.85152599708567
46.670572704802666, 55.792752838532024
6.896157909573375, 137.829784416951
68.17965912910273, 35.491246743873084
46.892445257792886, 76.1027495953619
59.43788849037323, 72.68282266182969
57.50164900100489, 65.1930311426521
0.8306287402082924, 148.4946540678056
1.8159499063837359, 180.8395502046833
26.43216161226502, 90.40665332106073
30.245684781177317, 25.43559875094214
8.466826069462801, 35.84808240718661
84.53374015577882, 32.08444407333357
45.4679678125997, 145.48463754610395
80.63206544773159, 58.02190926564238
73.58409306653509, 13.734349408414088
61.86863206942158, 46.91344442350407
55.46745032368632, 138.45431613119732
10.179973895155015, 112.468187491013
97.9419457847039, 117.43632160153956
1.2929174520932598, 23.224977264598152
41.44473433967771, 138.92112175797217
76.07718421109867, 27.579532581936284
17.03638372131479, 62.52788987251319
88.387579782547, 38.60795234647183
53.881560821074295, 135.12417791534713
54.2007385488304, 1.878132619034858
66.26863075500987, 60.230434310505714
6.384174719171078, 144.69067363079853
18.084464502849627, 80.72870667990114
30.84460448164924, 72.75889292080205
42.48477957618658, 184.19551974836014
69.74289583194206, 87.48901466900206
16.222771164441255, 155.85422174102726
68.07418351638208, 51.46796970571924
63.27855942885644, 85.8919688615746
0.974462327189034, 39.60168860337633
36.61409217854525, 89.58704506621848
53.165730849108535, 180.95568612655651
27.88078615552279, 80.42054630132255
69.63843564772424, 39.450009507464095
93.33549846540436, 157.65498293619248
71.68030441528289, 115.53030727119503
92.99816660618674, 89.01236690754413
4.853320315985632, 38.62691539417333
18.46711641834914, 149.00446606817223
14.56015551697687, 194.24371175587012
47.42391549941781, 54.190839173002516
16.271276051734795, 166.54052061624154
75.57603958410535, 75.6415355709797
9.06395262997738, 152.44796866767527
41.841179002151854, 36.94287963403264
24.401315260859235, 123.17063771007042
91.48974371459116, 52.80599053578492
38.098380704595115, 35.45842523124796
48.73060683301301, 169.01429203783374
45.18302457682155, 58.52033631128006
10.536280128275521, 185.01511763921206
46.06950115156404, 179.50843244458719
15.298282035868393, 55.49522734979418
30.061486992337905, 16.361754226080727
76.97038202643144, 149.129363200731
48.820813024756525, 26.786168261409248
93.81867825740558, 180.62266269454105
57.69187579849992, 63.058772832621536
25.868814471308056, 38.73068101887813
19.310591605076745, 122.64228491733655
18.393632673982708, 15.98361860574351
65.39830857826867, 107.70243996913929
81.8190064547413, 29.122085665914344
7.6662776452117605, 150.01927970054018
91.18158736463396, 184.6681440648987
40.462469770606255, 63.075032733092804
17.85193910660737, 12.20651542010347
33.78434895121585, 199.8122241178142
6.766424040518537, 166.7384328258366
53.0083711158918, 50.20050113204504
5.600229861576689, 110.59858440878014
29.26166810541293, 117.34348443468201
8.100795744563271, 158.90431050848238
15.952558308957476, 149.99625040798193
55.334246012296674, 19.408315122893715
70.35857379942985, 56.32762711493204
85.27844237685952, 129.76063405791655
66.37573187297323, 133.75114322684482
53.683968346081144, 145.02806652469795
52.23727568928518, 188.79604448756544
56.74254678176375, 181.35520804094097
58.368119560124946, 33.795892253620316
4.960503703965591, 170.22445203922638
27.928304021907003, 178.09345644366616
63.42749016257048, 72.64072151918177
58.76007647824181, 145.54015375735185
33.30838584400501, 136.8186043687126
92.39015935545005, 165.50696664105044
65.45154684422792, 31.506329190375524
91.6991125071074, 56.51381512660543
33.29004921309875, 91.82632072673607
72.20742606521318, 142.6759149091774
68.64652137323725, 85.9221165957172
70.80427290173385, 59.599994424858124
88.48377113791486, 140.14092534165908
43.35290664225477, 27.640624971338724
79.4999735985646, 112.10855967346096
13.965700720393814, 185.60886284180563
88.8619785491453, 109.04775081453948
48.199188135983306, 187.23946237227102
51.828436767332384, 32.07170313655854
34.064076865932016, 183.30154241682337
11.619904374602353, 154.35379986241065
44.12057185980617, 178.89730242751497
80.26200917743192, 166.4405709064585
45.37897998694454, 118.72074709455016
8.736320219162785, 46.96329487433288
68.786707454027, 31.858603534533223
66.51407538736687, 118.88125034010872
26.13881941410726, 48.02549628685489
46.91786746024881, 160.97634291456407
76.8578862715976, 105.33207345855718
81.27844350504084, 137.81864179333812
49.094144804957516, 145.71851583937814
30.680053315446887, 90.27216459333516
141.48792155545806, 150.66077751864776
104.96267759346067, 174.36724077371147
141.7397091551199, 182.13089089600066
100.09138792370005, 112.75344017496893
122.52587123012458, 17.53635288983988
139.38311240334642, 139.61533974200947
109.37718961311054, 182.91531478694267
138.2332132524723, 59.208399466782645
182.1055628239649, 125.43341002630638
124.23514591947225, 128.4288981215312
119.72516868989537, 84.43854771975256
149.1539178414071, 15.521881443523956
133.98657019419971, 61.86826193666308
166.36011593897626, 55.16337085887599
119.79136649389565, 98.27759919331389
139.13056844046872, 171.9341977532663
139.89740124037428, 143.14712861088023
136.93124146402002, 36.253833584704154
143.3791286286493, 147.3601362779347
116.60918562022522, 78.58578022318596
137.94913776326257, 20.092730935409374
195.31084759931588, 184.0764728433831
110.74927550422737, 56.34467128458094
142.14315364877416, 109.52103979701988
167.17204755121602, 50.30760024363916
100.92481285121134, 183.8360651772593
175.4140037459978, 82.1024994132826
178.0361695215652, 156.29548027909837
152.47505844354075, 95.60057897674032
190.16509315820605, 42.333266249441934
169.24227230814313, 114.4552786698108
185.96552946842314, 17.48358170794331
137.66991127306545, 77.85941582537058
198.44899063262844, 155.59319885971573
102.34706490676658, 15.212039725331095
113.94433133419814, 88.74230936938683
181.61662251634593, 112.16852165804025
126.23981510971325, 11.796281092729677
106.2113882415582, 100.75296641350502
113.94241467502616, 110.80801072630865
113.33653295623652, 184.45555299625326
109.74602395266749, 98.07867843973864
116.62456323028934, 114.25122139775982
119.5296743661609, 137.28751766806684
198.4751312921779, 84.65219408805895
199.75547162857094, 182.62063571608772
131.11365771672638, 180.65640441129835
136.8345808346372, 16.123299702877823
138.97131232591465, 3.288005910553915
181.07568296869746, 45.89386300762479
145.61450923641726, 36.5594708022533
100.7049652050569, 88.78983461620804
110.66202539003162, 70.29803005964543
181.7831239004364, 5.366705459735455
189.68096127952404, 45.24192276115679
157.58832848481592, 180.0029786810097
137.87632774877866, 91.82627005966705
115.3904102825029, 196.7221483088917
189.78531561658548, 93.09842812318685
170.4398942818823, 159.6038368511365
127.04533715446217, 83.28130826109566
105.90137602592422, 46.464157809506325
180.95144650265377, 22.16145278406607
173.10800703236828, 78.92060737552143
103.4938413983799, 75.78614579887322
158.81371681010432, 40.547236734041704
129.80514249423595, 77.69573065796847
115.58226642401884, 54.33664326289862
127.4915253553865, 34.977215508532986
108.25000995785659, 105.26590522546697
197.7740561455072, 18.650226244405577
138.45018342659276, 143.8849879944051
126.01329913293404, 8.71270096657173
173.94692635142943, 7.531509747746545
192.05101596561002, 78.7276521127243
194.3142347315687, 62.98972288987341
111.27253719803143, 142.48168573957284
153.22604497145147, 7.368668415964708
125.80292766905994, 18.380125615177214
131.80306189000842, 132.6996674751218
