160
44.989974339192806, 56.10480356071585
86.40892771061081, 6.930545857033588
38.426791491397175, 58.97837524843188
11.918007235774164, 108.01816844322197
4.581157374152567, 185.5846662825167
18.5269829750482, 31.81143747528332
55.47681646561379, 159.62806104836434
95.5517668515378, 171.08359171576083
57.225246159410595, 40.66460739152626
77.71028108219807, 47.47219371318203
24.480868478745354, 35.55683123613813
78.1283107776951, 126.80607535919279
56.00356939013037, 12.597011538082992
80.68602151844651, 188.13128461203434
32.82540034004623, 158.59121660287045
76.61500763841048, 162.3909001699163
92.2852979369602, 162.22656331879958
37.45995471251371, 80.7826366152427
75.82700375651815, 123.31963418757617
54.95760062217882, 188.51519069242246
9.596215489250016, 2.405237264711335
14.006508059241995, 51.7667976820037
85.47986756423708, 81.62596352047196
37.88833506186477, 122.81886753762392
52.133856545282164, 69.36074097515596
69.83046321706856, 114.59426383714239
35.23922412377832, 102.49625549242884
1.9838633594845168, 180.4538931737609
57.84417433365756, 113.50050028844949
42.276334173689136, 2.5457993720757077
81.12967113420278, 12.061946713741612
84.08078010325765, 184.79617040560302
78.8728564052182, 73.9852621926619
64.65228922355554, 173.78963320016882
0.29080720089793566, 133.6954943205813
45.82112505865241, 169.7215950575378
54.8965448020646, 96.76408805584865
2.2465169381271632, 153.84999682462228
67.35718733629564, 137.84496346913804
54.721266909453846, 155.4724979338318
29.798919855916605, 40.81013612089808
30.196875577048377, 90.77770944774122
97.36961313559057, 174.12872964965123
95.89340534993447, 72.18033650068149
46.04047598915058, 184.78611594833046
63.853906856462686, 22.04939661923784
26.115033456607218, 72.26483083406788
44.91698592154876, 32.695856999496996
98.3543592203842, 172.5209772774218
10.910791982652157, 115.79742140267703
88.19650354331749, 40.500129594871815
10.059754720339908, 163.1337452964309
73.463101878628, 87.00910836874071
70.4570501702124, 148.5027356908481
72.0038208952442, 64.66521417931234
15.765707929780337, 22.04095614838537
40.85485163430936, 112.55420128081046
26.417275782950945, 29.87855405982909
38.059595977622415, 120.65506872320329
66.66532265546681, 47.14284447376096
93.06997404742157, 195.381427450368
57.51548854591303, 83.88576640332121
85.09709885499954, 167.97513959676905
63.79344488362533, 82.0915593820935
82.20018006971557, 109.14222155023776
37.70240007314287, 85.25347571784299
88.84366381446725, 116.56936226947143
34.27411626099729, 105.81363842741744
5.423879077268445, 13.005972012631872
90.08967317106126, 153.28042951799793
94.84724435940657, 18.336150399421935
77.53083756555367, 191.49487381742122
6.990371441507326, 110.03375074792056
3.66849658368652, 195.38836714731374
69.44030667657478, 32.88639604841575
72.01081714605606, 113.06625550693032
5.864391341391773, 154.7618529070924
0.17365548761977267, 176.2671327949274
99.11925077965611, 42.61794518243862
88.90243785585888, 119.98258970985604
155.0100256608072, 56.10480356071585
113.59107228938919, 6.930545857033588
161.57320850860282, 58.97837524843188
188.08199276422584, 108.01816844322197
195.41884262584745, 185.5846662825167
181.4730170249518, 31.81143747528332
144.52318353438622, 159.62806104836434
104.4482331484622, 171.08359171576083
142.7747538405894, 40.66460739152626
122.28971891780193, 47.47219371318203
175.51913152125465, 35.55683123613813
121.8716892223049, 126.80607535919279
143.99643060986963, 12.597011538082992
119.31397848155349, 188.13128461203434
167.17459965995377, 158.59121660287045
123.38499236158952, 162.3909001699163
107.7147020630398, 162.22656331879958
162.5400452874863, 80.7826366152427
124.17299624348185, 123.31963418757617
145.04239937782117, 188.51519069242246
190.40378451074997, 2.405237264711335
185.99349194075802, 51.7667976820037
114.52013243576292, 81.62596352047196
162.11166493813522, 122.81886753762392
147.86614345471784, 69.36074097515596
130.16953678293146, 114.59426383714239
164.7607758762217, 102.49625549242884
198.01613664051547, 180.4538931737609
142.15582566634242, 113.50050028844949
157.72366582631088, 2.5457993720757077
118.87032886579722, 12.061946713741612
115.91921989674235, 184.79617040560302
121.1271435947818, 73.9852621926619
135.34771077644444, 173.78963320016882
199.70919279910206, 133.6954943205813
154.1788749413476, 169.7215950575378
145.1034551979354, 96.76408805584865
197.75348306187283, 153.84999682462228
132.64281266370438, 137.84496346913804
145.27873309054615, 155.4724979338318
170.2010801440834, 40.81013612089808
169.8031244229516, 90.77770944774122
102.63038686440943, 174.12872964965123
104.10659465006553, 72.18033650068149
153.9595240108494, 184.78611594833046
136.1460931435373, 22.04939661923784
173.88496654339278, 72.26483083406788
155.08301407845124, 32.695856999496996
101.6456407796158, 172.5209772774218
189.08920801734786, 115.79742140267703
111.80349645668251, 40.500129594871815
189.9402452796601, 163.1337452964309
126.536898121372, 87.00910836874071
129.5429498297876, 148.5027356908481
127.9961791047558, 64.66521417931234
184.23429207021965, 22.04095614838537
159.14514836569063, 112.55420128081046
173.58272421704905, 29.87855405982909
161.94040402237758, 120.65506872320329
133.3346773445332, 47.14284447376096
106.93002595257843, 195.381427450368
142.48451145408697, 83.88576640332121
114.90290114500046, 167.97513959676905
136.20655511637466, 82.0915593820935
117.79981993028443, 109.14222155023776
162.29759992685712, 85.25347571784299
111.15633618553275, 116.56936226947143
165.7258837390027, 105.81363842741744
194.57612092273155, 13.005972012631872
109.91032682893874, 153.28042951799793
105.15275564059343, 18.336150399421935
122.46916243444633, 191.49487381742122
193.00962855849266, 110.03375074792056
196.33150341631347, 195.38836714731374
130.55969332342522, 32.88639604841575
127.98918285394394, 113.06625550693032
194.13560865860822, 154.7618529070924
199.82634451238022, 176.2671327949274
100.88074922034389, 42.61794518243862
111.09756214414112, 119.98258970985604
