240
73.99797486617908, 122.3073770823665
76.35640632202781, 184.21267110456432
97.67714925216094, 90.24807875001206
30.658907790666913, 190.5179478800874
45.07342637610054, 78.99317147346723
12.602406129600974, 168.62212859112603
68.29211533467596, 158.75785707672506
86.45161768865334, 70.82717142928927
1.9052280944124589, 10.807034770397351
2.565625011088213, 181.0585977813418
83.08698194679144, 113.53819867809231
75.80564618847447, 179.16219232455893
96.68787910210389, 53.34696361160838
96.8932658921845, 9.079443171019076
18.176930434870865, 147.66886641477595
11.964369142350762, 78.49956066054702
66.55939254980672, 0.15092063301107572
33.419753819991314, 183.31521389447835
83.56860957254759, 146.4735551691925
92.48686311681745, 129.11683304248507
42.92275042781323, 147.8145765363259
31.428047657373227, 125.45599773833716
11.706069246676575, 8.837322136187042
49.57662375035113, 111.64644548426593
79.56035845175275, 98.68305080777104
16.12257584649982, 190.27370317556188
25.06020559346769, 145.82743677899356
5.271999427670715, 169.98970025563943
84.00109831358277, 58.17260547429446
72.29928649186567, 109.80834616759707
78.3422450021721, 1.779884376604124
4.837406189724113, 9.912930337577386
88.58382730603208, 3.972987257417593
3.4485551528831038, 43.477833381070184
39.34025952769898, 64.8613548931118
24.456741336857235, 0.7465573084819432
59.34815015172173, 28.743417515836313
32.7740069710862, 112.24908088097128
54.18851639314851, 132.5225916084784
6.260662473824253, 163.33994142019117
81.41694662476706, 186.02107706049716
33.59157890802686, 187.46296544482283
36.50151226378927, 43.06838692924491
47.07570085511629, 4.950245596738823
55.36774681244584, 22.69795020415428
31.753095620453596, 15.177065226899122
55.66712751797467, 131.28921948437713
71.73158841113202, 144.77508694694902
10.76351910081199, 32.62867660982429
90.39940362130368, 190.2442264304485
10.84122812617393, 10.5116617345145
55.71990503330936, 165.1818892580429
36.42790079035178, 8.319851005536005
44.32717770139766, 59.87591390596003
15.386874298872987, 41.05121638851359
22.85370352156677, 10.245900775497208
59.23717908748009, 195.91973224280238
47.13851893924679, 98.48831846928523
82.64344983737176, 47.76047052469037
99.44627373652804, 61.420828552697614
97.13927146422388, 84.83713528492464
15.700808389554133, 177.91801754681046
95.60748630970048, 31.768127093387854
9.170460948997594, 112.8556488139938
71.9217238393455, 178.62078534116813
53.658057432433324, 158.59984029207277
43.35043311383453, 178.90295318985577
76.9536222150514, 99.15975142593705
39.651328168505685, 195.30006584532015
31.458566912887697, 19.2586021845208
19.061702055255537, 17.81578128967638
33.3485925508027, 11.436857599799865
75.86546074131938, 75.99765456078865
63.384724138089865, 160.4791441527226
86.0658264420271, 61.38148621365953
27.89984315892754, 73.53953098135024
34.009730815380536, 161.02812622022012
29.41579927999375, 148.56773883878276
63.30255357670057, 9.328433784926538
45.2676070295056, 64.33539393009629
89.5636255595171, 174.36657290080413
16.05335605544966, 13.93996282873957
55.81272600461593, 129.63966960889442
64.03352112638436, 29.351782821216933
97.03764208380773, 138.89838827431538
23.588067420430637, 187.02478338614972
45.081397623973864, 46.5098376197
46.24124376273075, 165.90085863728282
28.803132905204542, 131.0381945199834
2.250431213843407, 162.55127421533183
12.27464477244451, 37.6455633072605
5.067825040577678, 130.99704094206706
91.96197826753402, 64.99588463469014
44.30122957996273, 25.66423183168387
34.39764655312655, 93.93265313556725
60.379120942588905, 175.97663469897128
20.908156119756605, 113.68686099474952
86.18180591388224, 14.6507132967014
38.611922058559244, 197.28094867970782
78.47356975911367, 10.838931526613681
40.23129024047225, 139.84428352716373
97.47820640339474, 104.79115383935873
41.88187365165421, 48.41356668190944
67.82568678369822, 98.04084568030802
91.00089618791318, 62.52606216457535
42.86393976150358, 142.21512133609883
63.82781896841535, 130.92514656576193
76.82293479004, 163.99171297685407
76.17884083151861, 146.27281857052188
6.761370091502272, 112.66208541763136
80.0252013863633, 9.055789204855436
81.87321884214292, 106.6493542577623
45.12557533390778, 150.10380951535743
77.14046011319694, 67.01715620240584
46.90863404691583, 128.0905965402052
29.45425883101538, 61.47653351055824
18.061395628231935, 112.42304890601444
31.187227849610423, 162.3343357731993
36.46220457310982, 85.93043512892567
72.15184807863109, 194.63545211942088
63.98743680455926, 6.414743084123131
22.092837301362934, 138.3944141177714
87.78346557805324, 32.432331172478946
97.67923716585268, 63.792800130301465
97.3400971874468, 67.86193837252232
65.45592415663364, 162.8691474033299
94.71996556521425, 171.06980155187836
13.38534686202455, 109.16514909366757
90.4610368753837, 68.96487325824567
92.81786956742266, 55.30516250476296
67.37370228933321, 45.39389109265877
47.1703421161499, 69.90423798537768
33.95395630919046, 157.6367430245944
39.63833035290504, 176.3203482000297
48.092292405791795, 9.888599345074557
0.3882433899780824, 76.59827116270668
11.511254439901785, 175.95148794026838
29.84085390961423, 69.26740181364595
6.840301288434569, 116.88209650572132
27.267065638960887, 140.67219180853297
19.373051661434836, 130.0186502544051
75.9043422690033, 81.20397895097165
46.72715369047389, 190.65221093687134
84.91213781120577, 65.69821097978374
75.6243016477479, 127.82584184996688
86.85977032228801, 164.45071038321285
31.535999642313396, 96.82704095420387
95.34146030124887, 69.66403304156059
23.07200411054865, 33.37130278872529
67.1623834929606, 7.355506000187839
47.06264955517532, 154.8474326305951
56.94932928529531, 65.93779583355783
21.58652048204153, 166.8810496104834
53.28818000105143, 127.74000901453235
96.49187676436927, 195.12510342495077
4.874379223605374, 181.50372443600799
97.52123848679526, 79.60413083211581
26.814805741335856, 162.84532760156415
26.043459431780857, 96.71699588405774
40.92828563835869, 110.52900350302191
126.00202513382092, 122.3073770823665
123.64359367797219, 184.21267110456432
102.32285074783906, 90.24807875001206
169.34109220933308, 190.5179478800874
154.92657362389946, 78.99317147346723
187.39759387039902, 168.62212859112603
131.70788466532406, 158.75785707672506
113.54838231134666, 70.82717142928927
198.09477190558755, 10.807034770397351
197.4343749889118, 181.0585977813418
116.91301805320856, 113.53819867809231
124.19435381152553, 179.16219232455893
103.31212089789611, 53.34696361160838
103.1067341078155, 9.079443171019076
181.82306956512915, 147.66886641477595
188.03563085764924, 78.49956066054702
133.44060745019328, 0.15092063301107572
166.5802461800087, 183.31521389447835
116.43139042745241, 146.4735551691925
107.51313688318255, 129.11683304248507
157.07724957218676, 147.8145765363259
168.5719523426268, 125.45599773833716
188.29393075332342, 8.837322136187042
150.42337624964887, 111.64644548426593
120.43964154824725, 98.68305080777104
183.8774241535002, 190.27370317556188
174.93979440653231, 145.82743677899356
194.72800057232928, 169.98970025563943
115.99890168641723, 58.17260547429446
127.70071350813433, 109.80834616759707
121.6577549978279, 1.779884376604124
195.1625938102759, 9.912930337577386
111.41617269396792, 3.972987257417593
196.5514448471169, 43.477833381070184
160.65974047230102, 64.8613548931118
175.54325866314275, 0.7465573084819432
140.65184984827826, 28.743417515836313
167.2259930289138, 112.24908088097128
145.81148360685148, 132.5225916084784
193.73933752617575, 163.33994142019117
118.58305337523294, 186.02107706049716
166.40842109197314, 187.46296544482283
163.49848773621073, 43.06838692924491
152.92429914488372, 4.950245596738823
144.63225318755417, 22.69795020415428
168.2469043795464, 15.177065226899122
144.33287248202532, 131.28921948437713
128.268411588868, 144.77508694694902
189.236480899188, 32.62867660982429
109.60059637869632, 190.2442264304485
189.15877187382608, 10.5116617345145
144.28009496669063, 165.1818892580429
163.57209920964823, 8.319851005536005
155.67282229860234, 59.87591390596003
184.61312570112702, 41.05121638851359
177.14629647843321, 10.245900775497208
140.7628209125199, 195.91973224280238
152.86148106075322, 98.48831846928523
117.35655016262824, 47.76047052469037
100.55372626347196, 61.420828552697614
102.86072853577612, 84.83713528492464
184.29919161044586, 177.91801754681046
104.39251369029952, 31.768127093387854
190.8295390510024, 112.8556488139938
128.0782761606545, 178.62078534116813
146.34194256756666, 158.59984029207277
156.64956688616547, 178.90295318985577
123.0463777849486, 99.15975142593705
160.3486718314943, 195.30006584532015
168.5414330871123, 19.2586021845208
180.93829794474448, 17.81578128967638
166.6514074491973, 11.436857599799865
124.13453925868062, 75.99765456078865
136.61527586191013, 160.4791441527226
113.9341735579729, 61.38148621365953
172.10015684107248, 73.53953098135024
165.99026918461948, 161.02812622022012
170.58420072000627, 148.56773883878276
136.69744642329943, 9.328433784926538
154.7323929704944, 64.33539393009629
