176
1.5668666201322123, 63.208187478004604
5.590706014495616, 84.8584428311636
21.937091896596648, 163.97860684677343
36.68524246932412, 1.2191350488895747
10.222686197457193, 158.25182378944575
36.53609600376326, 4.569621698139851
74.66753430127324, 144.7896674712084
21.513073534329653, 23.122593271091716
82.581794227965, 164.26502985219238
43.08334796326263, 80.3199606270462
38.19161888477828, 115.08936705249965
0.1717450339326687, 20.524320102625726
94.35553600364766, 183.9421613340861
12.992869237662852, 79.63393244347485
86.13684380472297, 116.39567371414795
78.71870454770328, 146.99958498579664
18.18449141687243, 76.31954380820865
10.78152363602648, 45.0716564196827
56.056116891883576, 15.278431985310004
66.48130393936145, 95.3551346689541
95.8515563092198, 118.66402297461616
66.62722362876777, 139.76371059973326
6.353300117631301, 126.39584235850715
12.790728705728391, 67.49229882464292
75.45769083866047, 83.23213197607029
55.407223100900104, 30.796631429486165
73.18826712418267, 1.8627893984944563
95.64957796428423, 192.07577866862252
77.43520789587791, 109.21703969597603
99.50180800552904, 127.81223908397588
30.48332930317843, 92.55884995137491
90.26215145068292, 65.44367531585924
9.607815435854484, 119.58492634787152
5.8038260309113525, 183.0004773028013
48.068805399349536, 1.9871146781833104
19.66851591497121, 118.85559377499703
12.49685652269351, 129.31520068866556
18.7678377932166, 22.64059248179626
74.03802749215058, 120.33280458660523
26.29928630593993, 71.75695979850519
92.91905348478001, 98.42122669160193
80.3992056538635, 29.058479680789763
96.02270198631507, 60.750339697763714
14.524599788166862, 102.81695122196714
47.51268127913851, 178.9223862149494
49.502832821636545, 162.86813012141394
66.61771097753744, 189.9576551123335
40.33759860842814, 13.208618941093464
51.5364665308132, 161.17187409962872
32.578833050505395, 29.30037562851451
38.39085423050478, 164.72097082202032
67.36842254218423, 169.22348062839214
98.20319349763122, 78.57502451256677
83.16027087469288, 119.74257133514168
32.07847317972957, 189.79969442450255
46.10074016437745, 7.785748640745438
2.038572129732885, 124.44875879253863
80.0435636950547, 199.36370089961238
3.00626145434849, 83.98129045290321
56.233694742169845, 117.01125092790777
28.11259420173824, 94.78867609267911
75.70099386432675, 44.64112318367215
57.17867999976495, 151.53992717131496
3.425726262808537, 12.414866009775594
90.17795468297831, 189.48290173018296
27.07939210126198, 139.24187250631337
33.13751095902505, 39.085593797351706
85.77867314472283, 29.34284901933788
67.86158957341925, 37.248349976662624
63.64837046670182, 8.229175834121772
97.02354891556493, 24.42480755765355
33.82693137249401, 68.3769685375616
31.819873628968857, 68.11000598091346
94.61036623000514, 197.49888397515642
16.453108678331663, 109.16425011667066
11.415499276108509, 137.60327372769837
39.67003622389438, 64.67532134996823
74.35359885709403, 78.38480076370507
39.036291521908986, 42.924860286189585
95.01233024995659, 3.6426937990971853
46.73279932406819, 149.3254856042012
81.53542517429673, 166.3730026070131
54.46627433536241, 75.87005187173847
4.1939876610677995, 2.994901524253124
5.1420898141322, 195.08835902702938
31.46502721186707, 176.9193111178567
64.51395055662518, 86.43927826477906
52.28421188112956, 145.74007782611253
72.96616715549892, 135.5164897475119
44.42356367748842, 156.91935867314913
96.15650685255328, 67.21437351711452
47.494389989819894, 26.253643264199965
91.3405606854751, 181.75487786148665
92.52743045360752, 77.44726267145796
97.33288830108697, 131.86513437944265
46.604826651966434, 47.920455642723866
198.4331333798678, 63.208187478004604
194.40929398550438, 84.8584428311636
178.06290810340334, 163.97860684677343
163.31475753067588, 1.2191350488895747
120.9257691173959, 180.59056035344193
183.66329124532723, 20.473116469279585
125.33246569872676, 144.7896674712084
178.48692646567034, 23.122593271091716
117.418205772035, 164.26502985219238
156.91665203673736, 80.3199606270462
161.80838111522172, 115.08936705249965
199.82825496606733, 20.524320102625726
179.6627280380541, 170.93727728379395
187.00713076233714, 79.63393244347485
113.86315619527703, 116.39567371414795
121.28129545229672, 146.99958498579664
181.81550858312758, 76.31954380820865
189.2184763639735, 45.0716564196827
143.94388310811644, 15.278431985310004
133.51869606063855, 95.3551346689541
104.1484436907802, 118.66402297461616
133.37277637123225, 139.76371059973326
191.13817515507495, 159.41466592350042
167.49655189102455, 95.51799998949369
124.54230916133953, 83.23213197607029
144.5927768990999, 30.796631429486165
130.75425887291766, 59.323516114463956
104.35042203571577, 192.07577866862252
122.56479210412209, 109.21703969597603
134.79627681783037, 73.93757485544192
169.51667069682156, 92.55884995137491
109.73784854931708, 65.44367531585924
190.3921845641455, 119.58492634787152
194.19617396908865, 183.0004773028013
151.93119460065046, 1.9871146781833104
180.3314840850288, 118.85559377499703
187.50314347730648, 129.31520068866556
181.2321622067834, 22.64059248179626
167.18850015567202, 186.69976881955097
118.56646673778847, 49.95923560604398
107.08094651521999, 98.42122669160193
119.6007943461365, 29.058479680789763
103.97729801368493, 60.750339697763714
197.62299060812123, 140.8820585361384
152.48731872086148, 178.9223862149494
150.49716717836344, 162.86813012141394
133.38228902246254, 189.9576551123335
159.66240139157185, 13.208618941093464
195.46446662888727, 180.35586793882828
167.4211669494946, 29.30037562851451
161.60914576949523, 164.72097082202032
132.63157745781575, 169.22348062839214
101.79680650236878, 78.57502451256677
116.83972912530712, 119.74257133514168
167.92152682027043, 189.79969442450255
153.89925983562256, 7.785748640745438
197.9614278702671, 124.44875879253863
119.9564363049453, 199.36370089961238
188.5764075601639, 130.65173935460297
110.96774176356635, 144.40814835834658
171.88740579826177, 94.78867609267911
124.29900613567325, 44.64112318367215
190.71423666564635, 164.87533561183884
196.57427373719148, 12.414866009775594
109.82204531702169, 189.48290173018296
172.920607898738, 139.24187250631337
166.86248904097494, 39.085593797351706
114.22132685527717, 29.34284901933788
132.13841042658075, 37.248349976662624
136.3516295332982, 8.229175834121772
102.97645108443507, 24.42480755765355
166.17306862750598, 68.3769685375616
177.33738999946908, 115.18582305102785
105.38963376999486, 197.49888397515642
183.54689132166834, 109.16425011667066
188.5845007238915, 137.60327372769837
160.32996377610561, 64.67532134996823
167.69753810091103, 100.89736500714572
160.963708478091, 42.924860286189585
104.98766975004341, 3.6426937990971853
