176
50.94779820861045, 34.32671153195304
89.65429401518095, 9.912947438346077
65.49299145462733, 181.26153016131278
6.3894667503253455, 34.98350852583017
8.575157212183182, 99.43216002537314
93.97927981785385, 159.39182194215783
65.15372919744064, 12.45684531142437
69.69522452647726, 62.64134466747366
34.02362117950022, 116.60560937148816
37.37272576728653, 94.4648193134078
12.05344976846593, 135.6718122518406
96.33674059194645, 68.00164269175542
49.12463226182269, 40.00378425641993
97.06628553049316, 132.19070254238855
89.88575963977323, 126.94947298580819
79.35723864669794, 154.00660492487032
82.35219061662461, 133.97465256015232
94.24436492374146, 79.16153010022853
7.656894725836838, 160.9328839477173
4.510891265712457, 199.82584583794343
48.75601615535664, 147.65546097827075
92.87175007838769, 165.67887440294302
71.5867898448376, 94.19741708161035
78.94103575910785, 51.988867730721864
59.95068578464472, 37.86154835389755
31.05184513314062, 158.6442600960168
74.38716280545424, 98.40120836385972
1.2081508119130002, 2.1255016770984625
85.42096055258897, 177.1727161122616
52.91054411261935, 112.8968509996985
84.85146561204289, 5.953148758989468
44.56964370387411, 195.9761623245407
27.577851578094926, 63.20470153869779
99.43635455032235, 70.44976050224906
87.72549515740036, 94.50438987507827
64.96260314842456, 112.28296485260026
1.3281267417700526, 40.67118873601301
12.153719529446294, 91.70056881616269
32.31489426181445, 130.34750757264828
57.0500706341482, 65.54779681954221
54.98745054057401, 72.3074027276437
65.81295899861223, 187.22507895395987
91.53081753895384, 6.405206350225301
70.54714180405438, 126.59034528721813
54.598645043717596, 77.82582839692589
4.680977714962797, 120.52724700750682
40.858367815856155, 59.12925392825004
0.35614925490917715, 118.97438465657926
54.50241285175908, 180.54135601481818
36.02858154776648, 2.6732779246150473
4.566048734425521, 171.71548496746615
91.23811043113655, 30.406386244838977
90.59424279112169, 163.40156043427515
83.3011243768919, 4.80456874915598
80.47784279041753, 19.549833004594163
90.1327882487789, 195.9156464755213
98.73050983003063, 195.99018912072387
70.73760293915805, 99.69230578858527
12.247443709478823, 160.1320888688014
5.429775703305662, 165.63644650648124
53.96758044953111, 136.13950265911453
9.866806315995358, 119.78832103401584
22.660368264793142, 117.85030240294232
89.49624258206276, 158.77464789580898
71.81507425836733, 155.6944627324785
81.26432669536095, 91.11393925767146
5.905959992824627, 92.70514648458197
1.4060343016851995, 143.02346109763323
87.07825021587082, 73.82403983639631
96.49287593297646, 171.001510411915
55.15763984928754, 166.45642840134036
10.370211067002888, 170.26157982491813
50.47606774153361, 122.76411911188518
81.61766313870402, 104.81856955973726
9.266555523810782, 111.07527412860915
70.59153951079232, 78.17622792199847
1.102726815488253, 126.50533200411142
88.70712163152947, 76.73480101429655
85.03774143897434, 98.18602671138063
40.86042610892893, 34.23331873732991
62.14016056220289, 90.89486611430615
44.07489699996988, 177.41277910202206
71.49998005656253, 176.92365538092488
98.09418643853294, 66.28360290599025
51.60155462046031, 31.561072874154018
61.75483715356306, 29.679566100440404
88.47043466287174, 130.88078036944478
4.310273738869297, 50.664099274351294
61.8941141620799, 88.82541464299536
42.74980098043063, 15.63447031041958
3.315972987390703, 165.21039072386358
98.35958254282936, 137.0673118828286
63.458084151116786, 55.843879890250456
28.23238473398739, 125.1484414542925
85.52589716410478, 193.4377579806235
28.37844608390312, 45.47929023705015
149.05220179138956, 34.32671153195304
110.34570598481905, 9.912947438346077
134.50700854537268, 181.26153016131278
193.61053324967466, 34.98350852583017
191.42484278781683, 99.43216002537314
106.02072018214615, 159.39182194215783
134.84627080255936, 12.45684531142437
130.30477547352274, 62.64134466747366
165.97637882049978, 116.60560937148816
162.62727423271346, 94.4648193134078
187.94655023153408, 135.6718122518406
103.66325940805355, 68.00164269175542
150.87536773817732, 40.00378425641993
102.93371446950684, 132.19070254238855
110.11424036022677, 126.94947298580819
120.64276135330206, 154.00660492487032
117.64780938337539, 133.97465256015232
105.75563507625854, 79.16153010022853
192.34310527416315, 160.9328839477173
195.48910873428756, 199.82584583794343
151.24398384464337, 147.65546097827075
107.12824992161231, 165.67887440294302
128.4132101551624, 94.19741708161035
121.05896424089215, 51.988867730721864
140.04931421535528, 37.86154835389755
168.94815486685937, 158.6442600960168
125.61283719454576, 98.40120836385972
198.791849188087, 2.1255016770984625
114.57903944741103, 177.1727161122616
147.08945588738067, 112.8968509996985
115.14853438795711, 5.953148758989468
155.4303562961259, 195.9761623245407
172.42214842190506, 63.20470153869779
100.56364544967765, 70.44976050224906
112.27450484259964, 94.50438987507827
135.03739685157544, 112.28296485260026
198.67187325822994, 40.67118873601301
187.8462804705537, 91.70056881616269
167.68510573818554, 130.34750757264828
142.9499293658518, 65.54779681954221
145.012549459426, 72.3074027276437
134.18704100138777, 187.22507895395987
108.46918246104616, 6.405206350225301
129.45285819594562, 126.59034528721813
145.4013549562824, 77.82582839692589
195.3190222850372, 120.52724700750682
159.14163218414384, 59.12925392825004
199.64385074509082, 118.97438465657926
145.4975871482409, 180.54135601481818
163.97141845223354, 2.6732779246150473
195.43395126557448, 171.71548496746615
108.76188956886345, 30.406386244838977
109.40575720887831, 163.40156043427515
116.6988756231081, 4.80456874915598
119.52215720958247, 19.549833004594163
109.8672117512211, 195.9156464755213
101.26949016996937, 195.99018912072387
129.26239706084195, 99.69230578858527
187.75255629052117, 160.1320888688014
194.57022429669433, 165.63644650648124
146.0324195504689, 136.13950265911453
190.13319368400465, 119.78832103401584
177.33963173520686, 117.85030240294232
110.50375741793724, 158.77464789580898
128.18492574163267, 155.6944627324785
118.73567330463905, 91.11393925767146
194.09404000717538, 92.70514648458197
198.5939656983148, 143.02346109763323
112.92174978412918, 73.82403983639631
103.50712406702354, 171.001510411915
144.84236015071247, 166.45642840134036
189.62978893299712, 170.26157982491813
149.5239322584664, 122.76411911188518
118.38233686129598, 104.81856955973726
190.73344447618922, 111.07527412860915
129.4084604892077, 78.17622792199847
198.89727318451176, 126.50533200411142
111.29287836847053, 76.73480101429655
114.96225856102566, 98.18602671138063
159.13957389107108, 34.23331873732991
