224
93.89953513909187, 197.47618791250972
52.90194816263928, 3.832018954517036
33.71299415007796, 150.73168100665882
76.83950189768422, 75.19821142177048
54.35039554948327, 77.42744274135573
79.29132525072596, 29.584885114450877
37.71976323714976, 100.82748949693526
21.05586483626739, 150.72570099599497
60.107107107006655, 78.95071841497614
20.16275254408313, 140.72072021706873
13.577188384599214, 156.49603921535905
33.35960704700865, 173.44975911510002
66.70522196270151, 131.193961860908
61.582281447289866, 16.367611980598618
6.226049006929135, 62.778222869007735
11.365148774226874, 119.47281969863597
37.49706723198795, 54.610836199525004
26.367972978487575, 25.919632948743732
41.09461875637639, 162.0323429670788
21.672196579510018, 37.80732488441003
87.0811063901666, 48.5322641124176
22.232608400048647, 36.291761740013584
16.276680065744763, 81.9558652129152
75.3565234391399, 165.35453659277027
56.36134964647395, 118.50148260408369
60.32573047271301, 176.81953721395473
66.98656844970277, 71.47220507794827
67.21262338216953, 12.982383843347023
1.4732631544802421, 109.02349107979035
21.53237112857349, 18.633658769419313
65.15623356957681, 152.6977381784514
79.25480298065534, 60.0150369644876
69.8505981663642, 18.494890885367575
4.998767318316732, 97.2582282483726
63.61169758910705, 176.55089880932374
61.18302014617244, 137.15734798938422
33.49974663599065, 186.71005087193782
38.76985741800685, 190.49560525675193
17.908413016552196, 126.58416504905745
72.29209785579096, 194.01628050992235
93.92902427621955, 58.43700001825918
41.78614735202274, 48.112987062353895
2.7168708173458733, 53.900542198262144
81.59777287684183, 192.62662801544968
31.63115185627324, 150.50346465888023
64.52867036701173, 146.89434815486808
26.59927511957436, 118.9579685980141
15.864058078216614, 158.01467032116733
86.14531705331336, 12.273140371610957
64.82288498101613, 87.56051502949673
32.48703328481828, 116.8437253603128
88.40282425969959, 101.57339123948668
2.465512259329139, 69.72685753560943
64.62296892682008, 15.42770170623966
96.26075254934557, 48.88681035173086
8.340139590174122, 166.68010837433178
62.80632750895364, 198.92126524822714
84.90524647805427, 168.374827673399
89.24055331745673, 10.3395691973168
2.8810146726573116, 102.92678480452166
0.846937002531456, 49.343199182506645
48.08600087599161, 191.75510639696904
62.5525014017571, 186.56774808443987
91.69033776313266, 144.9916246891335
44.3848261556183, 41.348060162871846
53.92829695647824, 6.493370599122161
2.117136153207333, 189.43357233148257
49.28389257270774, 111.66491720412142
6.883661383106999, 177.98877830307768
72.99346279506307, 103.90009998126718
67.58734595010012, 199.4553792313492
96.24933556700364, 111.80987302256374
53.57878950687777, 50.24588144054991
60.4581516183939, 144.7219374128796
90.8841287019182, 57.09364008254454
59.87672614182341, 154.38646027755846
51.26481398788722, 111.42808595005837
31.810653069079265, 2.9417796847655886
80.72926102914658, 43.154464573197515
47.52582206405954, 40.17880316656775
21.81096916642904, 59.11250546560789
83.92700136898988, 46.37918254773745
73.21774577732536, 192.507116144524
46.661463984731874, 172.46855224296897
10.206246975194134, 166.11008521829564
15.476592575581927, 180.17097685405437
62.20987498534851, 118.85789217813523
15.161851792809111, 105.4426721491945
36.78103913980601, 44.31609365731517
42.770042237079345, 29.65891974279846
16.312771828790428, 88.76888469247557
99.22151809455738, 121.79109317794227
0.10204105967986932, 166.91659704019708
4.865728270750869, 27.42931539329767
37.96924318184154, 177.33525597235518
13.669720519656547, 123.17876493955626
50.3168356489976, 115.99085279604648
83.90907567380405, 114.35594263862143
80.46786944342055, 140.7029787442757
77.3973709074001, 152.58842397687565
41.387054487039734, 134.9304018623852
13.74780300285321, 85.01595948206666
42.52308528708858, 186.81014641084545
35.5286463483086, 156.99056079389416
29.022477012270542, 108.22168166245869
21.76667661100019, 93.25394718183423
6.910666712834345, 68.30202545603635
62.26595710649199, 72.47947634237715
58.50122681892132, 54.68611316699812
67.0326014484665, 164.65241820322413
23.59309802427805, 157.5430980484346
60.355005268071885, 45.07214316710204
71.0173015108328, 145.12230091226334
48.93853651953975, 177.38157499199068
54.47615678095163, 15.780549485024785
51.13530153297518, 155.9268847522782
19.251261203770863, 179.02818279303406
73.53175855051994, 150.52130700047937
18.065833739572902, 59.04069901309541
70.24007836116786, 34.64658541662442
42.80063576338543, 34.199713969198385
28.92533499897254, 168.4113289588011
52.32821455564354, 162.41771099829853
64.50615727812334, 76.4377357221963
33.62140426263812, 107.59083803771506
98.9797086218607, 164.77231456689094
1.8012586930107433, 37.85482182577744
68.3621247096751, 149.74438968160462
17.3452709011212, 53.08184614704936
63.22910309080173, 165.43223941852304
42.33605353470568, 5.31680723756125
67.9319427718154, 39.006092108726584
93.10076750695548, 52.75221166730122
53.250285652275956, 106.26553286728702
73.6415701079136, 159.9728146511784
28.80173626521083, 171.19777857859802
49.26870912690381, 129.96288596230207
46.78774645200819, 114.36855796440572
81.95841968716567, 75.49490294950414
55.81029528672591, 182.8013127703951
7.5138986185324, 99.15529170583947
5.027622142542443, 32.23089745079153
86.33299958983315, 46.42930005943944
51.273279327610055, 173.8438417011727
106.10046486090813, 197.47618791250972
147.0980518373607, 3.832018954517036
166.28700584992202, 150.73168100665882
123.16049810231578, 75.19821142177048
145.64960445051673, 77.42744274135573
120.70867474927404, 29.584885114450877
162.28023676285022, 100.82748949693526
178.9441351637326, 150.72570099599497
139.89289289299336, 78.95071841497614
179.83724745591687, 140.72072021706873
186.42281161540078, 156.49603921535905
166.64039295299136, 173.44975911510002
133.2947780372985, 131.193961860908
138.41771855271014, 16.367611980598618
193.77395099307086, 62.778222869007735
188.63485122577313, 119.47281969863597
162.50293276801204, 54.610836199525004
173.6320270215124, 25.919632948743732
158.9053812436236, 162.0323429670788
178.32780342048997, 37.80732488441003
112.9188936098334, 48.5322641124176
177.76739159995134, 36.291761740013584
183.72331993425524, 81.9558652129152
124.6434765608601, 165.35453659277027
143.63865035352606, 118.50148260408369
139.67426952728698, 176.81953721395473
133.01343155029724, 71.47220507794827
132.7873766178305, 12.982383843347023
198.52673684551976, 109.02349107979035
178.4676288714265, 18.633658769419313
134.8437664304232, 152.6977381784514
120.74519701934466, 60.0150369644876
130.1494018336358, 18.494890885367575
195.00123268168326, 97.2582282483726
136.38830241089295, 176.55089880932374
138.81697985382755, 137.15734798938422
166.50025336400935, 186.71005087193782
161.23014258199316, 190.49560525675193
182.0915869834478, 126.58416504905745
127.70790214420904, 194.01628050992235
106.07097572378045, 58.43700001825918
158.21385264797726, 48.112987062353895
197.28312918265414, 53.900542198262144
118.40222712315817, 192.62662801544968
168.36884814372675, 150.50346465888023
135.47132963298827, 146.89434815486808
173.40072488042563, 118.9579685980141
184.1359419217834, 158.01467032116733
113.85468294668664, 12.273140371610957
135.17711501898387, 87.56051502949673
167.51296671518173, 116.8437253603128
111.59717574030041, 101.57339123948668
197.53448774067087, 69.72685753560943
135.37703107317992, 15.42770170623966
103.73924745065443, 48.88681035173086
191.65986040982588, 166.68010837433178
137.19367249104636, 198.92126524822714
115.09475352194573, 168.374827673399
110.75944668254327, 10.3395691973168
197.1189853273427, 102.92678480452166
199.15306299746854, 49.343199182506645
151.9139991240084, 191.75510639696904
137.4474985982429, 186.56774808443987
108.30966223686734, 144.9916246891335
155.6151738443817, 41.348060162871846
146.07170304352175, 6.493370599122161
197.88286384679267, 189.43357233148257
150.71610742729226, 111.66491720412142
193.116338616893, 177.98877830307768
127.00653720493693, 103.90009998126718
132.41265404989988, 199.4553792313492
103.75066443299636, 111.80987302256374
146.42121049312223, 50.24588144054991
139.5418483816061, 144.7219374128796
109.1158712980818, 57.09364008254454
140.1232738581766, 154.38646027755846
148.73518601211276, 111.42808595005837
168.18934693092075, 2.9417796847655886
119.27073897085342, 43.154464573197515
152.47417793594047, 40.17880316656775
