208
51.634195264916485, 111.4451244824801
2.4643593820612875, 7.342734976155674
68.03118687111022, 189.2035794431656
63.081670439975, 136.8679379225695
41.24574551590998, 54.39338836030723
83.17606517817092, 87.52511582063873
14.658765741192815, 0.43854185458782613
75.07030105451084, 152.54208281624562
51.34857061312857, 63.285786451013905
6.9866241920432, 174.44250998358908
19.644547389552258, 1.6312041787990728
76.89772392401028, 54.951408261166
18.64821044561641, 111.35126545779579
88.45004871512852, 73.63937397762801
7.454803570534541, 98.0101252908167
35.97757392569887, 199.04263720658471
91.32516002877747, 62.299591034179144
47.05507535190614, 52.43072735351384
51.33088136406836, 98.79435934338497
46.46893853063598, 195.5614675449396
56.61671441555847, 122.45171589686856
5.279052440224907, 182.10561097050447
0.07120965870531792, 177.35097343536052
2.071017898971661, 95.2790873223546
92.23325664955262, 60.93610524127793
37.51929350774129, 189.6014109104812
56.14730893051174, 199.67691308385474
62.43553192300663, 119.34388295007376
91.34934437108713, 84.14082363237843
3.813978774128457, 149.41069461851325
24.784518891193976, 106.24434096482234
72.4787397703664, 11.37767009567039
43.28816027203967, 71.28835833117499
54.37825984064965, 124.4439799095715
6.858307698697752, 39.95510799214137
33.92765085695262, 10.657998004476156
87.46721200451462, 41.13740323961266
53.813497413554586, 176.18342284404886
30.02471044307248, 30.272061744888944
95.69394038275652, 12.35255704911915
51.39819331536057, 11.8188253268819
11.037631527300839, 118.1125791188456
24.63176520120154, 121.54658830145435
67.23362427568745, 195.1385165375707
62.6595876167267, 21.8833636365674
58.23958888147369, 165.7102512285706
90.63881802602549, 128.53385811447114
57.21980036876037, 106.18167346152545
78.13606603366642, 134.3772272844021
44.16571894023971, 67.13633396340425
66.06046682550922, 139.96892750549733
7.606957311055074, 37.789384217664754
1.6327573562987974, 48.67811349648639
3.6771281900667696, 73.983906510722
25.298141298452226, 43.58152494887768
6.888128577191754, 9.534453239187378
40.42529077934224, 117.95615547753873
63.57117006332008, 197.43487229389876
81.0499257286037, 68.41544102455104
84.16945036257563, 180.36934567008413
96.3896787689153, 14.616644423666392
37.40976947433, 20.61779990105521
18.680791041343724, 169.2522236264158
5.2235413879070265, 139.12605559437193
53.83561559824758, 170.61760289774506
85.48555295513901, 101.31009909067757
69.13801892079991, 96.12204912413243
95.58689043488134, 4.6477293407736875
22.32213499735497, 196.90377106256045
9.210638124547755, 52.59699162577185
91.6581412493873, 39.816336109069006
78.02642551400439, 169.86377036783654
97.42427291136852, 163.0269491464521
46.78583392156776, 37.34237187880365
49.262525545330774, 39.39332159879583
60.2129183487368, 115.18334876351591
56.689543247238674, 20.8598332939254
33.74884661418934, 17.300330226739536
71.88297075456013, 9.762708799552588
26.114903969009482, 155.52660264313795
70.02500238958112, 190.34027488538362
43.46721344036399, 134.6773142533169
68.8273401143782, 29.331344390526514
71.03461129561124, 164.88684603925964
44.455164135260716, 33.32077917875538
72.74101898722286, 129.6356516042839
67.68090909729743, 42.98126157819586
20.73280778655352, 165.0504201260178
45.07355498205526, 89.40095857779207
87.61224667237808, 60.11280264798615
77.60993481034535, 128.38283510196092
63.15766488998303, 40.51018507339261
22.90000846324873, 78.24729576407132
6.434036590348413, 13.363105004450082
17.527951011887843, 73.71546080489966
53.51233098943625, 122.88903463001246
42.44548943516606, 51.49753371583265
45.881158927100394, 148.81363307543305
35.88080993267296, 59.854210158395404
86.88787756372916, 22.261608924681255
25.660660321222263, 13.496417772947655
91.72561862709959, 109.8997586795623
15.26259786831552, 56.81547060295355
67.9595473317949, 48.746825327846864
82.35633914759478, 64.52940219594107
56.4090509100307, 100.6435874139726
15.89096431529774, 40.450179352652825
61.233957089790394, 146.50001629679642
93.56962912812953, 96.19195982604603
93.67588782269969, 64.85528129800548
2.408497361104489, 52.17813894451999
59.603445701882826, 11.09954136651108
62.56892663719007, 188.28931820221263
58.344838570313975, 1.242315334777122
4.431030203818698, 50.981008401215824
51.95813812971429, 156.2835293458352
74.35356291936947, 141.95243241018662
85.02442304413223, 97.33726246697707
4.021893192043702, 154.44026259386186
88.67008803085601, 77.45961747699282
87.3646006524342, 173.24704826628198
44.41529138775715, 80.85709793346697
58.16586879328558, 40.04730652664021
23.514934300997226, 71.89009163965483
32.42120054696825, 130.34144951865088
12.582231446599257, 145.2001929360668
73.35254048136315, 123.63060931891239
74.76709441564992, 197.87351618269204
148.36580473508351, 111.4451244824801
197.53564061793872, 7.342734976155674
131.9688131288898, 189.2035794431656
136.918329560025, 136.8679379225695
158.75425448409, 54.39338836030723
116.82393482182908, 87.52511582063873
185.3412342588072, 0.43854185458782613
124.92969894548916, 152.54208281624562
148.65142938687143, 63.285786451013905
193.0133758079568, 174.44250998358908
180.35545261044774, 1.6312041787990728
123.10227607598972, 54.951408261166
181.3517895543836, 111.35126545779579
111.54995128487148, 73.63937397762801
192.54519642946545, 98.0101252908167
164.02242607430114, 199.04263720658471
108.67483997122253, 62.299591034179144
152.94492464809386, 52.43072735351384
148.66911863593162, 98.79435934338497
153.53106146936403, 195.5614675449396
143.38328558444152, 122.45171589686856
194.72094755977508, 182.10561097050447
199.92879034129467, 177.35097343536052
197.92898210102834, 95.2790873223546
107.76674335044738, 60.93610524127793
162.48070649225872, 189.6014109104812
143.85269106948826, 199.67691308385474
137.56446807699336, 119.34388295007376
108.65065562891287, 84.14082363237843
196.18602122587154, 149.41069461851325
175.21548110880602, 106.24434096482234
127.5212602296336, 11.37767009567039
156.71183972796032, 71.28835833117499
145.62174015935034, 124.4439799095715
193.14169230130224, 39.95510799214137
166.07234914304738, 10.657998004476156
112.53278799548538, 41.13740323961266
146.1865025864454, 176.18342284404886
169.97528955692752, 30.272061744888944
104.30605961724348, 12.35255704911915
148.60180668463943, 11.8188253268819
188.96236847269915, 118.1125791188456
175.36823479879845, 121.54658830145435
132.76637572431255, 195.1385165375707
137.3404123832733, 21.8833636365674
141.7604111185263, 165.7102512285706
109.36118197397451, 128.53385811447114
142.78019963123964, 106.18167346152545
121.86393396633358, 134.3772272844021
155.8342810597603, 67.13633396340425
133.93953317449078, 139.96892750549733
192.39304268894492, 37.789384217664754
198.3672426437012, 48.67811349648639
196.32287180993322, 73.983906510722
174.70185870154776, 43.58152494887768
193.11187142280824, 9.534453239187378
159.57470922065775, 117.95615547753873
136.4288299366799, 197.43487229389876
118.9500742713963, 68.41544102455104
115.83054963742437, 180.36934567008413
103.6103212310847, 14.616644423666392
162.59023052567, 20.61779990105521
181.31920895865628, 169.2522236264158
194.77645861209297, 139.12605559437193
146.16438440175241, 170.61760289774506
114.51444704486099, 101.31009909067757
130.8619810792001, 96.12204912413243
104.41310956511866, 4.6477293407736875
177.67786500264504, 196.90377106256045
190.78936187545224, 52.59699162577185
108.3418587506127, 39.816336109069006
121.97357448599561, 169.86377036783654
102.57572708863148, 163.0269491464521
153.21416607843224, 37.34237187880365
150.7374744546692, 39.39332159879583
139.7870816512632, 115.18334876351591
143.31045675276133, 20.8598332939254
166.25115338581065, 17.300330226739536
128.11702924543988, 9.762708799552588
173.88509603099052, 155.52660264313795
