160
71.0535488734055, 88.94121246824037
21.416219449031647, 178.11406770411844
25.428622994854067, 192.62713550109822
98.63865362340968, 16.337665803970225
25.024689403160046, 142.17809129946824
79.91190186785354, 84.76017714903452
68.83060555327106, 88.92777653423151
54.62773441948254, 193.701374499096
85.32806863067218, 196.55721982114463
77.03524197127615, 128.06076363791925
35.5265064120399, 109.8054191619089
53.60004380043956, 140.81845348521747
98.34618503345128, 57.83642471681529
3.7871959491915907, 91.67974122425275
25.07828152809465, 139.69406704015455
80.46625417661576, 140.11009782479144
1.9933921127746834, 13.813864168361324
13.496513566350032, 186.97566432674202
17.145879529936803, 137.11649161038278
80.87801642473661, 189.64222454981558
30.746993551012924, 4.657965283795007
5.7876611145102, 141.42350326078335
23.987432648800567, 99.24236178062988
20.060604770685174, 172.3318424666726
68.44617383152021, 121.09390846907225
89.32683595540749, 144.50954900491587
78.72163479191227, 145.96615230358586
6.2611739613165245, 117.66448995110557
29.46673956772291, 132.5689390522685
68.48210128957791, 51.26187019100198
1.4411207248605784, 44.13464672224827
92.92130495052116, 71.58021242350043
55.12012075497051, 102.23412855511049
78.31028722794044, 169.4299819940225
20.77474477051148, 160.9194030599101
96.13028131111373, 141.5751617539745
51.82586459036993, 72.19895722301948
99.90244054173479, 177.99989509239748
20.23981806381062, 145.8714281497096
29.488619194986683, 130.72843482389038
40.69786451883458, 156.36722899201544
0.3598281184589158, 168.2394899822401
49.376240899672624, 117.89062753594229
73.50788854640396, 96.98178075300406
95.05484118241316, 137.07632510248737
84.84448447507637, 189.90563938560706
96.94962742644839, 9.203729719268061
83.54559381104824, 55.83144030881577
78.40737728064386, 111.13669992660759
47.80464381318317, 86.73786400414451
15.774357730563137, 112.80043317267558
95.29154354182906, 57.51596837775173
16.35067946566015, 24.378471641740184
50.51299735018315, 89.31932730875245
66.88978552747594, 91.15910364188639
53.8750681058675, 90.28988677614149
71.69902604617695, 46.70755914597584
6.500573873684123, 9.331245420621359
10.42032074754632, 2.3642225751098565
27.473986912769142, 20.61604862344688
61.114579840544664, 90.27799048335359
45.22498584516511, 48.91929018379329
50.42976808395252, 20.409407982223144
9.98846802385498, 76.64821710131085
28.85493244405325, 157.3097850397897
16.007655072265003, 20.31855150771502
64.21854125915686, 177.47121496782822
18.414807394137622, 8.377090482544425
87.73847880441022, 191.02786235512505
66.50223661964401, 175.35407569742227
17.938591124990356, 129.06804307034173
66.35390246987116, 127.1202961254329
2.401849943698231, 9.167949026549248
20.621656262210454, 126.16364012721517
83.6187257765516, 7.770289200409919
46.79004750298494, 143.23520601907802
58.26475334045108, 168.43152275342396
60.44299705901091, 1.8369845311213346
70.66129112442219, 188.5049696596759
2.082494503437571, 67.13115711795959
128.9464511265945, 88.94121246824037
178.58378055096836, 178.11406770411844
134.75368377129945, 169.96135805198313
101.36134637659032, 16.337665803970225
155.83648359245007, 65.95493167917681
127.96344164250107, 154.98696529513282
154.44072165565063, 82.26980060748006
145.37226558051745, 193.701374499096
114.67193136932782, 196.55721982114463
110.35210516270162, 134.90237988249817
139.36862231575503, 93.71331193543564
146.39995619956045, 140.81845348521747
144.64616589094834, 108.91482502554996
196.21280405080842, 91.67974122425275
134.60160122743542, 85.41347465944902
119.53374582338424, 140.11009782479144
198.00660788722533, 13.813864168361324
186.50348643364998, 186.97566432674202
182.8541204700632, 137.11649161038278
119.12198357526339, 189.64222454981558
169.25300644898707, 4.657965283795007
194.2123388854898, 141.42350326078335
176.01256735119944, 99.24236178062988
179.9393952293148, 172.3318424666726
131.5538261684798, 121.09390846907225
178.8473769589532, 85.4002915941199
156.32406324274842, 183.6656117883684
193.73882603868347, 117.66448995110557
105.32044400463919, 175.47963254477364
144.32451655280317, 41.536828881738906
173.30205211256734, 39.94796211625364
107.07869504947884, 71.58021242350043
109.37202181043624, 142.85666748716292
124.36875656045751, 191.62013523069126
179.2252552294885, 160.9194030599101
103.86971868888627, 141.5751617539745
185.08672393330033, 124.0499805555335
148.57877537776065, 156.90217882739336
179.76018193618938, 145.8714281497096
100.5497893232561, 60.15403802157648
159.3021354811654, 156.36722899201544
199.64017188154108, 168.2394899822401
171.46514335418414, 126.44838102701961
126.49211145359604, 96.98178075300406
136.75378563060028, 129.3811567065369
115.15551552492363, 189.90563938560706
103.05037257355161, 9.203729719268061
158.84275761504355, 69.62275145663546
121.59262271935614, 111.13669992660759
152.19535618681684, 86.73786400414451
196.8475282285931, 165.8345610773917
136.37801970407486, 68.7385107878423
121.44716728520338, 45.60557894702861
167.62210378009897, 70.04406797387115
133.11021447252406, 91.15910364188639
146.1249318941325, 90.28988677614149
128.30097395382305, 46.70755914597584
193.49942612631588, 9.331245420621359
134.1583093822938, 61.91532680947398
172.52601308723087, 20.61604862344688
156.73669790947685, 59.80459359681218
154.77501415483488, 48.91929018379329
171.50622784207977, 93.61865054935114
190.01153197614502, 76.64821710131085
171.14506755594675, 157.3097850397897
183.992344927735, 20.31855150771502
135.78145874084314, 177.47121496782822
181.58519260586237, 8.377090482544425
166.18795447313002, 129.2972551287339
159.36882582298347, 181.41968029189601
182.06140887500965, 129.06804307034173
133.64609753012883, 127.1202961254329
197.59815005630176, 9.167949026549248
179.37834373778955, 126.16364012721517
116.3812742234484, 7.770289200409919
125.28542638352098, 176.16196247988404
141.73524665954892, 168.43152275342396
169.69694629902114, 8.968490566070276
129.33870887557782, 188.5049696596759
197.91750549656243, 67.13115711795959
