160
47.13145239086083, 157.62391262124095
50.474524949670396, 76.94213576053221
27.52976023587268, 28.246310229644678
0.6980934501948144, 40.595871192168076
49.72727876812526, 129.89032272487867
25.97638331344305, 38.98211355093044
54.97717338180248, 38.560731149962216
36.03642901362327, 181.7620032852341
67.60884097479148, 193.18795233740425
29.862134327151256, 62.92195357127932
51.64969808076215, 41.7888746539746
57.24517196696568, 101.50171205747426
38.6132838796624, 100.81464949943732
11.448914825069934, 9.85225147851352
66.07775667363201, 85.9749625520589
70.22911579079233, 158.0804956913553
8.843840615671017, 41.99272986306168
36.78965382836097, 128.48193930206537
89.40379642263164, 106.41277174910493
84.98629267773323, 131.12666662595802
37.46139554307918, 188.51036164063737
83.42520646077902, 158.24429892711748
83.85933529506976, 85.20800984529558
90.00860066378338, 94.19967921879558
79.29577912933028, 117.00883949521565
66.17256690659418, 11.827089265092482
52.21051943162459, 175.576765847356
89.4184712126255, 164.57742349090944
37.34168115087769, 176.99670850996324
63.759867696404996, 101.24903614456385
81.63947803121417, 105.4893859627259
47.97751123626979, 39.164752341964885
15.598294229493803, 103.87219507743286
34.59973871720449, 56.94341926275551
5.467866781887965, 120.63205335291518
75.29317182077352, 101.71359430481161
95.08111418001712, 195.52623154511596
0.44246675395889223, 10.507388070172862
40.48311241982054, 188.87756363256244
27.321275324264814, 94.43424462871867
19.404819983656616, 52.690523592607
68.25320957544864, 146.71728592088135
82.63846581562946, 20.294890451998036
92.3177050250217, 40.457894762822555
41.33591067551994, 16.180430204924193
61.34481872481714, 7.073454621283881
59.075782010936486, 11.869375355855482
10.025500677643894, 5.682571763877231
17.33422535303516, 1.1323557552048502
65.39516030032712, 44.97940172922561
54.0701978048112, 186.33261597596982
42.896136932778404, 33.97108010823899
8.333806041704673, 144.82562777637025
4.420725504326861, 102.40152741138051
75.37957624352185, 136.26282757827187
43.085115717419306, 12.869363294790803
75.353100324769, 85.86095093730474
47.979665476586895, 59.30289009260401
29.14921062150797, 56.96234932983446
96.2029720994111, 96.75980400888697
61.94997596827414, 91.34654554620147
77.9245706157344, 109.87175173067361
26.93696816217934, 41.72700900954298
16.797667346018272, 123.48715928914311
38.45735751136063, 154.8714894512285
55.899790150469705, 137.72839111557155
39.98375470785507, 62.23350419694946
32.715571704251275, 169.86711014191124
19.96989246840114, 109.85698042576414
18.75959947241884, 83.12262017304657
41.72698290239835, 113.51367918365949
16.09169180861746, 199.75403406818936
34.13624061354139, 92.04889889976171
77.29257744284294, 103.34308783365849
88.67649715614967, 1.2167367018778963
45.860442831079276, 1.1856538339760698
16.613183699106948, 157.69025348492747
7.180062973411131, 130.9161187804011
55.007221789636084, 163.80203966071232
83.53763548823328, 68.39825307899461
152.86854760913917, 157.62391262124095
149.5254750503296, 76.94213576053221
172.4702397641273, 28.246310229644678
199.30190654980518, 40.595871192168076
197.4929688249405, 199.37001797948483
174.02361668655695, 38.98211355093044
145.0228266181975, 38.560731149962216
163.96357098637674, 181.7620032852341
182.9511937817216, 169.08205628204888
170.13786567284873, 62.92195357127932
148.35030191923784, 41.7888746539746
142.75482803303433, 101.50171205747426
161.3867161203376, 100.81464949943732
188.55108517493005, 9.85225147851352
133.922243326368, 85.9749625520589
129.77088420920768, 158.0804956913553
191.156159384329, 41.99272986306168
177.44103912894573, 173.33218130162638
110.59620357736836, 106.41277174910493
115.01370732226677, 131.12666662595802
162.53860445692084, 188.51036164063737
116.57479353922098, 158.24429892711748
116.14066470493024, 85.20800984529558
109.99139933621662, 94.19967921879558
120.70422087066972, 117.00883949521565
133.82743309340583, 11.827089265092482
181.38094425245177, 175.66550617685579
110.5815287873745, 164.57742349090944
199.15547529045804, 151.58017896197342
136.240132303595, 101.24903614456385
118.36052196878583, 105.4893859627259
152.02248876373022, 39.164752341964885
184.4017057705062, 103.87219507743286
138.96305282598394, 136.16227866348876
194.53213321811202, 120.63205335291518
185.03350867236273, 59.256575150953886
104.91888581998288, 195.52623154511596
199.55753324604112, 10.507388070172862
159.51688758017946, 188.87756363256244
172.6787246757352, 94.43424462871867
195.3091559524291, 31.504679538610624
149.37018295837447, 69.06681900269575
117.36153418437054, 20.294890451998036
107.6822949749783, 40.457894762822555
147.62958737610336, 5.019218022241945
138.65518127518285, 7.073454621283881
140.92421798906352, 11.869375355855482
189.9744993223561, 5.682571763877231
182.66577464696485, 1.1323557552048502
134.60483969967288, 44.97940172922561
145.9298021951888, 186.33261597596982
157.1038630672216, 33.97108010823899
191.66619395829534, 144.82562777637025
195.57927449567313, 102.40152741138051
124.62042375647815, 136.26282757827187
156.9148842825807, 12.869363294790803
100.01239352889722, 49.754822126932964
152.0203345234131, 59.30289009260401
170.85078937849204, 56.96234932983446
103.7970279005889, 96.75980400888697
138.05002403172585, 91.34654554620147
105.9907740825585, 55.232394412533225
173.06303183782066, 41.72700900954298
117.90730830742578, 161.536090843514
161.5426424886394, 154.8714894512285
144.1002098495303, 137.72839111557155
160.01624529214493, 62.23350419694946
167.28442829574874, 169.86711014191124
180.03010753159884, 109.85698042576414
181.24040052758116, 83.12262017304657
158.27301709760167, 113.51367918365949
183.90830819138253, 199.75403406818936
165.8637593864586, 92.04889889976171
122.70742255715706, 103.34308783365849
111.32350284385033, 1.2167367018778963
175.26952994981554, 7.615076363944362
167.8044461613824, 134.08464990253432
185.18143280734188, 88.80266920941263
144.99277821036392, 163.80203966071232
116.46236451176672, 68.39825307899461
