96
4.37023182320635, 199.16773244864106
76.13377918857857, 115.39801213337432
10.547694204896496, 171.21883423122307
97.72986681346528, 141.80364284597033
13.07700782236566, 159.45941486238144
56.84030271136832, 29.435395717429213
91.7298136627053, 47.147263796468984
21.77799018474147, 65.57683523237749
81.32317676223462, 125.50836299669214
62.81027373382193, 2.98287932777066
41.3587806669519, 52.638326484621345
59.25060463881068, 58.83369904838971
80.33269211729369, 155.01102139103972
75.65211259280807, 10.562185734262531
98.97675456253195, 92.6698710879632
7.715751909864044, 194.3872588066754
195.62976817679365, 199.16773244864106
119.52359376965799, 108.13103230484238
111.64828862164697, 187.6416003847685
146.70355934067618, 25.772854275294765
186.22733013454203, 48.64401381900485
151.70002895543993, 177.66352683148244
108.67912127935632, 80.59148608727106
111.4272914032475, 86.69320783997487
188.5873561358805, 162.6208294344945
123.86622081142143, 115.39801213337432
112.23659979787584, 62.69482527872488
189.4523057951035, 171.21883423122307
120.74325477542949, 20.177426871280524
117.14980732543073, 76.32031329188081
102.27013318653472, 141.80364284597033
105.53066648126408, 2.405287872015349
131.96478296724314, 139.28277947091323
112.3952155543762, 89.79525744327206
116.76904495034304, 141.03535866972553
147.4630165940993, 48.933684501978306
186.92299217763434, 159.45941486238144
142.13738691804545, 155.284367630892
106.88590372889261, 0.5865889701203386
173.30155209417055, 49.09922049623674
153.794451008605, 177.69820154223726
167.51927504134272, 184.7279267696535
190.84540108125776, 191.76873101791503
110.97427888129545, 197.3187972653912
183.24764086807068, 31.380012567243966
155.6404210584407, 156.1483174474149
198.54143399294477, 74.68809477389978
143.1596972886317, 29.435395717429213
108.2701863372947, 47.147263796468984
107.60481439535464, 17.57246265139112
147.4216441248756, 115.9446866635759
112.12801483430039, 96.54010825561414
148.99971913646326, 137.72006051375163
135.7041543728373, 21.945519109682763
108.54249328514149, 132.58369566187653
154.02220081630722, 36.62920125790598
195.0353517859155, 122.07953070144629
190.1754745696069, 58.96573093059381
106.43692003173632, 5.037059663698895
121.85896245456908, 16.281298079244834
178.22200981525853, 65.57683523237749
118.67682323776538, 125.50836299669214
125.0095770237949, 188.38894445431148
129.56405563592506, 119.40522043791727
137.18972626617807, 2.98287932777066
174.01224763086805, 13.780681332860878
197.90720920170617, 56.472298770688376
158.6412193330481, 52.638326484621345
170.2380052924482, 82.09416129202889
157.98277563639388, 13.545181594748179
133.07590398873583, 158.39523565199795
197.31599374151313, 115.67016492653546
153.574537497022, 24.827425016621785
196.43283506156516, 104.40228761031263
128.92288412830104, 184.26168154617125
134.5434996060364, 128.04508750767397
127.66939752452481, 114.26673358157645
140.74939536118933, 58.83369904838971
192.83608896850117, 172.72813845892284
103.51427210095908, 146.50637578373082
142.2853802729619, 180.45503206014084
101.68025915615915, 80.50466846474065
186.35125295755486, 67.66747615794868
175.2629762654035, 99.21909602802323
119.66730788270631, 155.01102139103972
166.23836301214624, 67.9884886681373
148.70889473826728, 178.5440092991037
175.67928061313856, 14.881701992360895
124.34788740719193, 10.562185734262531
123.11302876454599, 170.75362657236576
174.26391910004418, 18.338537174894686
178.9270965610343, 186.95017830903225
165.33861147819292, 194.4314162906396
101.02324543746805, 92.6698710879632
107.64959473552587, 122.14994725591528
192.28424809013595, 194.3872588066754
