192
31.36750937825291, 164.9822064067481
32.72548639740791, 135.53103088943973
50.49215904902372, 182.26261548903324
91.2131322358364, 17.759304031915633
33.64564048801528, 52.60752865771017
21.474561818376536, 150.86480731482897
71.67104773873177, 119.039023427631
90.6245255090914, 164.06207998986974
49.014581601605556, 66.82381121318099
69.26294650400368, 110.31864260491344
28.847848436968814, 134.3672547531225
64.56186495184969, 100.31003006965429
52.14216510805939, 112.74809495347387
50.20905519534581, 69.52749645039438
55.650607176667535, 106.70530686167945
37.802577789868494, 96.00602564105158
91.18667206846025, 59.256865079681134
95.11440366264499, 195.27890767491806
52.694788152702245, 172.5240941249064
91.15881686979588, 73.32940619190734
41.414433840898326, 92.61806600053126
21.170123055039358, 56.89726267176158
90.69135006161414, 25.430302058704534
17.681645655156597, 40.349609011163864
87.19094375601766, 197.14865896256325
61.23174164892505, 14.29478385444478
61.668161124869215, 26.378860269457505
15.812557709926411, 89.7939654064302
16.431249676083016, 176.91379585458398
81.22460456100957, 42.2530840991931
61.65537240926876, 146.33261732133582
64.8827321991152, 65.92207407904849
19.472590932732547, 95.9717272551628
47.27372982187978, 44.615547467464744
7.530965440374404, 24.43696257300989
74.69786402320469, 151.01655937776022
28.134637570755384, 93.60266810238281
7.10397785237169, 173.76130242285038
66.27570994477291, 168.03564167533796
25.053726072154426, 161.90634429857326
59.28619383156062, 10.401758080409905
13.864780766857665, 150.81101862212913
31.592280172926955, 98.51320927070641
35.494410501260155, 21.021381772509162
48.18101736073016, 176.89734227485064
99.36159042428223, 157.39390321332428
2.3161997840796533, 144.9084947593151
4.407197273060959, 6.821571175876806
54.547525170671015, 80.95372169131561
82.32953982617428, 83.09666548254549
92.00342218975115, 55.592105437462806
67.2560330507621, 99.06469891998249
10.144674774244, 66.0011817519198
48.037659749073335, 97.05863742821114
42.80511517459904, 118.64759820668664
0.9756673438805485, 70.59507512309654
7.1854592464948075, 46.563311716001806
11.712134756709391, 1.0211655735174796
26.97452878692942, 123.05648241901372
34.60705351845527, 164.11922209567126
5.770995546570957, 30.770393304520272
81.36218708612903, 143.50181938350747
51.302698196713656, 16.01477571431502
20.865743479628463, 183.2927466078813
79.66749948062012, 5.455198059107502
54.69907859871236, 49.23390953360855
13.53930614594333, 39.54646558516644
58.26326168494854, 70.89920847254714
71.28874189003821, 114.41921154954655
22.093662846986206, 76.18706129455752
43.09199562798436, 153.43518289120738
99.3230450867483, 128.14287668434136
56.281397552418866, 149.00168108766124
61.228806579710046, 128.0645166965236
86.43991393456446, 192.80779832690408
97.0950792836781, 142.2134703133547
46.66227860845814, 34.67425063856193
75.27987961008216, 82.39220391070504
55.008256048510404, 168.02870787949078
1.1201699770786555, 75.80135302346875
24.333136246956833, 91.31192199806162
87.79854160663682, 128.2911914955165
73.02084242944264, 26.008424679286946
67.84907537546853, 128.8478023245411
36.76850995354501, 4.288156408091681
4.70369745420779, 80.33935824289674
43.4776502176914, 62.76338539639625
97.53885750092029, 155.8694852333957
49.3513543276532, 52.36251097708826
28.1203028580546, 103.46479324288073
80.05092623154164, 171.77101256775845
24.04334288894452, 14.657358991756531
56.77973394077633, 59.752329970639636
10.019739571906216, 103.17314976053092
65.72951770609012, 131.05961154133996
40.935544295828095, 13.031834642027263
21.949421524718105, 104.28571775675826
75.24624713368657, 122.19435549807216
63.035471202970136, 46.57252713847213
50.45567187659805, 65.39643588106996
21.369337913640706, 123.10629551226913
34.59410097898397, 142.79621876117602
28.70709149682087, 97.15694334963804
12.639246188985965, 123.18188805273547
79.12780572311824, 43.792989232917215
48.94475605578057, 136.51526096073218
11.221073021898286, 185.38783654898515
76.21238972300756, 40.595640199698124
90.52079600600858, 2.440527344093235
96.957681703297, 55.47660377815509
19.33304620345986, 191.81641919750666
20.945269093288697, 133.99888677375515
168.63249062174708, 164.9822064067481
167.2745136025921, 135.53103088943973
149.5078409509763, 182.26261548903324
108.7868677641636, 17.759304031915633
166.3543595119847, 52.60752865771017
178.52543818162346, 150.86480731482897
128.32895226126823, 119.039023427631
109.3754744909086, 164.06207998986974
150.98541839839444, 66.82381121318099
130.73705349599632, 110.31864260491344
171.1521515630312, 134.3672547531225
135.43813504815031, 100.31003006965429
147.85783489194063, 112.74809495347387
149.7909448046542, 69.52749645039438
144.34939282333247, 106.70530686167945
162.1974222101315, 96.00602564105158
108.81332793153975, 59.256865079681134
104.88559633735501, 195.27890767491806
147.30521184729776, 172.5240941249064
108.84118313020412, 73.32940619190734
158.5855661591017, 92.61806600053126
178.82987694496063, 56.89726267176158
109.30864993838586, 25.430302058704534
182.3183543448434, 40.349609011163864
112.80905624398234, 197.14865896256325
138.76825835107496, 14.29478385444478
138.33183887513079, 26.378860269457505
184.1874422900736, 89.7939654064302
183.568750323917, 176.91379585458398
118.77539543899043, 42.2530840991931
138.34462759073125, 146.33261732133582
135.1172678008848, 65.92207407904849
180.52740906726746, 95.9717272551628
152.72627017812022, 44.615547467464744
192.46903455962558, 24.43696257300989
125.30213597679531, 151.01655937776022
171.8653624292446, 93.60266810238281
192.89602214762832, 173.76130242285038
133.72429005522707, 168.03564167533796
174.94627392784557, 161.90634429857326
140.7138061684394, 10.401758080409905
186.13521923314232, 150.81101862212913
168.40771982707304, 98.51320927070641
164.50558949873985, 21.021381772509162
151.81898263926985, 176.89734227485064
100.63840957571777, 157.39390321332428
197.68380021592034, 144.9084947593151
195.59280272693906, 6.821571175876806
145.452474829329, 80.95372169131561
117.67046017382572, 83.09666548254549
107.99657781024885, 55.592105437462806
132.74396694923792, 99.06469891998249
189.855325225756, 66.0011817519198
151.96234025092667, 97.05863742821114
157.19488482540095, 118.64759820668664
199.02433265611944, 70.59507512309654
192.81454075350518, 46.563311716001806
188.2878652432906, 1.0211655735174796
173.02547121307057, 123.05648241901372
165.39294648154473, 164.11922209567126
194.22900445342904, 30.770393304520272
118.63781291387097, 143.50181938350747
148.69730180328634, 16.01477571431502
179.13425652037154, 183.2927466078813
120.33250051937988, 5.455198059107502
145.30092140128764, 49.23390953360855
186.46069385405667, 39.54646558516644
141.73673831505147, 70.89920847254714
128.7112581099618, 114.41921154954655
177.9063371530138, 76.18706129455752
156.90800437201563, 153.43518289120738
100.6769549132517, 128.14287668434136
143.71860244758113, 149.00168108766124
138.77119342028996, 128.0645166965236
113.56008606543554, 192.80779832690408
102.9049207163219, 142.2134703133547
153.33772139154186, 34.67425063856193
124.72012038991784, 82.39220391070504
144.99174395148958, 168.02870787949078
198.87983002292134, 75.80135302346875
