112
27.67733619967784, 49.78944015182611
21.96532362633967, 142.10062558018353
92.65609126409569, 181.68526069816252
39.298270669341825, 130.87395378072
58.839234413029814, 31.287586475678197
91.01242471625241, 155.33711710364116
59.1951898260357, 160.61600668125462
49.013378603197644, 101.37517974269595
28.856965154858315, 68.04699610979992
41.736328098086716, 171.14176491921214
69.36296686075262, 135.60649227155616
91.51385843772138, 9.895698693874454
61.55805548722141, 183.59874893633267
4.69032972030875, 192.76090741863504
89.5130649780562, 126.2251701785525
76.44696449306066, 18.19465115926111
63.52191279014463, 73.89361289735564
77.09786129721864, 109.87229068868582
37.44375534082337, 73.18549666218645
91.35721741586421, 113.12596005387712
51.23826579042468, 45.78428623965074
80.45418897607824, 56.37963303979918
42.77294168322947, 78.23046369894936
98.70459750882401, 183.10763664387832
17.725510595940385, 70.16193893207372
12.153345835537676, 92.92444791429728
54.04945405651882, 163.88521001640123
16.51449611943776, 48.75767812595697
75.86260138290974, 4.33671949828951
80.02611404598707, 178.72386048342014
31.205922129895434, 163.55118573719272
11.043127917299744, 135.7386993164219
124.60605140231549, 22.80640681292516
131.57259716804336, 42.61988423301868
172.32266380032218, 49.78944015182611
178.03467637366032, 142.10062558018353
179.34135821083623, 160.71743577784846
107.34390873590431, 181.68526069816252
160.70172933065817, 130.87395378072
190.01955306542305, 124.99292013883033
141.16076558697017, 31.287586475678197
108.98757528374759, 155.33711710364116
130.13429456918516, 101.0088543049358
140.8048101739643, 160.61600668125462
112.05966391324472, 71.29806636749882
150.98662139680235, 101.37517974269595
170.87835669236728, 11.139673845610787
171.1430348451417, 68.04699610979992
128.7269773142072, 21.26742882894419
150.59158260693087, 69.74957983660488
197.5797704420721, 171.17522031775653
158.26367190191328, 171.14176491921214
101.58341087424716, 1.6612761950470345
195.21881646338088, 68.44008155178294
130.63703313924736, 135.60649227155616
117.17720834580453, 55.92484914666762
134.29956676349525, 174.72916285497342
122.730015920859, 43.25937608285795
108.48614156227862, 9.895698693874454
112.2615273849498, 55.61669551986792
190.73668862902275, 34.774637920431275
195.93508348846132, 110.6192436195501
123.0937261575064, 126.49875167644169
138.4419445127786, 183.59874893633267
110.99345589126067, 100.48419232685382
195.30967027969126, 192.76090741863504
142.5589444034129, 135.06542145881403
110.4869350219438, 126.2251701785525
143.8716277338949, 185.83093650090206
162.9484410610271, 190.61882742855965
166.1709030741913, 196.8463633993247
123.55303550693934, 18.19465115926111
136.47808720985537, 73.89361289735564
142.84985792296536, 58.859698972768946
122.90213870278136, 109.87229068868582
162.55624465917663, 73.18549666218645
108.64278258413579, 113.12596005387712
148.7617342095753, 45.78428623965074
119.54581102392176, 56.37963303979918
165.54022142026497, 123.14149359038267
157.22705831677052, 78.23046369894936
149.40528140756442, 19.961102863798843
189.53066130800195, 84.93047741849279
101.29540249117599, 183.10763664387832
123.78143771989659, 38.37854060916772
112.42937662784408, 80.79516430655364
101.887784084609, 48.08902670126043
182.2744894040596, 70.16193893207372
121.99908803839286, 145.2650671186323
187.84665416446234, 92.92444791429728
145.9505459434812, 163.88521001640123
167.2753951320174, 142.44352837549488
134.888258205319, 192.0238898640176
137.99824737913005, 28.2826312254874
165.5380733251871, 85.74098881910368
183.48550388056225, 48.75767812595697
116.55383901406621, 144.0684415881448
124.13739861709026, 4.33671949828951
106.21903950601158, 139.18003912945284
130.0938121524434, 190.91967094043957
195.99906231313054, 59.83491280666067
185.9607442789862, 71.03435606436588
119.97388595401293, 178.72386048342014
195.4990498909157, 1.425280931381434
135.9963360059926, 189.97375027871584
144.61869159391955, 98.0250360155585
157.46621195758155, 33.42832719409077
133.49037605449183, 5.509733442614695
124.36450017305144, 170.27496985943657
168.79407787010456, 163.55118573719272
142.89239969093487, 146.7032734322459
188.95687208270024, 135.7386993164219
