176
31.146416908950457, 24.63133622395477
42.27188609126855, 34.881986122448126
96.46237878168922, 73.19702727596918
63.869024423793554, 151.2019832666948
0.8678063696869742, 19.162838951726524
65.81783244650225, 11.449851544881096
66.63345900177764, 147.76876413587968
11.766384532666752, 127.07053609083385
15.467812995337582, 97.82473050160212
93.91773244675429, 125.11179252390272
58.79368299976511, 171.60320666081392
29.30253429644424, 24.37604590068354
27.167598681657985, 27.68266507649539
35.30666081231306, 132.4357055033449
91.86118800148074, 147.82477993840735
65.84489077138795, 173.71968244585395
45.239035901440374, 17.451692605875067
88.68004113795966, 150.8087472506117
24.253086791425908, 50.135950143448824
31.145263297920078, 78.3041437810047
93.66108525028534, 193.95221603370146
86.98149276739062, 86.26346029576254
30.75496085400311, 33.695404115782004
25.685724889129023, 177.31991657689088
1.784613026583104, 82.21673150404736
26.52046565169559, 128.7956115563828
78.66615792895468, 64.81093730989842
62.71965965094087, 65.1418202633973
84.67941232733332, 54.144126013749386
99.64040428797041, 55.6050276828012
98.41027340177774, 175.1708840526162
76.73868946845057, 0.6838697312247621
93.49924945485878, 23.143826691000278
34.669357916700484, 102.79173387818447
98.55935406993446, 103.764544617696
45.47272046357035, 184.8469720092329
85.74217198004752, 153.08238973593683
84.40043923707503, 73.41194591226969
91.10687151303468, 5.380815795069238
72.16688567039516, 146.55050276478894
76.31847690579754, 137.6566926952098
44.83944238324656, 47.95089547628761
19.77838339660365, 142.0805490887213
26.959666024858397, 153.31486128679353
93.72161505749617, 122.27158720641565
95.53900401527773, 146.00481995880966
3.5941162026808415, 63.42002484827272
85.86449644296214, 168.89105967981314
92.68345260727065, 42.246577988857915
56.402699165776504, 147.4806408390569
38.73676188271521, 165.02299623958496
31.463721171667125, 192.65097840736172
85.60081620171282, 55.45222117352198
20.210439455139706, 102.11729895052342
13.70050342216006, 88.2998685478885
21.925253164729984, 83.6378869982782
87.31528602638062, 19.280561103056737
76.34975978629708, 72.78808298062319
48.00896224971698, 56.71408038353292
98.58717525512432, 7.369983135569047
40.4432794047277, 184.32929741134416
98.93619545674642, 137.9852221873569
98.9890460470611, 64.44248612869454
37.53371328356303, 147.95343836612423
36.985682421701846, 101.25332234009493
28.974658258908313, 85.06675142209443
25.472215384578647, 80.58401585839125
78.35181551090179, 105.79193840445956
86.05948266479734, 32.89519555633162
56.09751250530438, 81.44343312953967
72.52000547663057, 164.1406987622869
77.43235339788875, 35.55791287119785
89.25062471405484, 82.94751349165008
28.145334346606305, 198.18008513293776
97.10384428764482, 56.06954893623164
71.98001492719156, 24.775585509592375
52.780249773223616, 49.06247501986578
72.83983875409697, 101.19577415041856
49.71564393182813, 42.34096353633231
78.71671282771867, 22.758663013488256
87.9401502799692, 104.73880674214782
89.59063657657403, 89.45729769500154
43.81909317036832, 95.29051035706028
79.09658913777842, 194.37997409471907
68.64662139326808, 59.594531327416675
27.59502636476048, 101.56180742543842
3.415578647630646, 110.87933816431001
77.54871219971274, 115.2335311230981
38.49462599348331, 2.7464212493169438
71.4244338679756, 19.743144712799634
19.631211413602358, 130.01864706118133
60.15889466048664, 187.93770382958766
0.9208832646884213, 122.88089905289381
92.63620778128717, 21.227657286103295
14.958571203328063, 151.6642548299335
17.135865960013664, 68.98670104544141
168.85358309104953, 24.63133622395477
157.72811390873144, 34.881986122448126
103.53762121831078, 73.19702727596918
117.78745827680716, 172.89006339463768
199.13219363031303, 19.162838951726524
134.18216755349775, 11.449851544881096
184.38926032346998, 196.76691944460453
188.23361546733324, 127.07053609083385
184.53218700466243, 97.82473050160212
106.08226755324571, 125.11179252390272
141.2063170002349, 171.60320666081392
170.69746570355576, 24.37604590068354
135.85573085675924, 69.40843205697604
164.69333918768695, 132.4357055033449
108.13881199851926, 147.82477993840735
125.81847568880336, 190.01973045301526
154.7609640985596, 17.451692605875067
111.31995886204034, 150.8087472506117
188.3183117336768, 90.03823298708863
168.85473670207992, 78.3041437810047
106.33891474971466, 193.95221603370146
130.60047901479865, 122.39969736835337
169.24503914599688, 33.695404115782004
174.31427511087097, 177.31991657689088
198.21538697341688, 82.21673150404736
177.5031536572452, 130.79514714769633
198.74767340884492, 105.97371976279145
145.60530705589497, 55.24705925336579
115.32058767266668, 54.144126013749386
100.35959571202959, 55.6050276828012
101.58972659822226, 175.1708840526162
123.26131053154943, 0.6838697312247621
106.50075054514122, 23.143826691000278
165.33064208329952, 102.79173387818447
101.44064593006554, 103.764544617696
154.52727953642966, 184.8469720092329
114.25782801995248, 153.08238973593683
115.59956076292497, 73.41194591226969
108.89312848696532, 5.380815795069238
127.83311432960484, 146.55050276478894
123.68152309420246, 137.6566926952098
155.16055761675344, 47.95089547628761
180.22161660339634, 142.0805490887213
173.0403339751416, 153.31486128679353
106.27838494250383, 122.27158720641565
104.46099598472227, 146.00481995880966
196.40588379731915, 63.42002484827272
114.13550355703786, 168.89105967981314
107.31654739272935, 42.246577988857915
153.96072735554569, 99.22101834940251
161.2632381172848, 165.02299623958496
155.9773103125418, 116.64637095367361
114.39918379828718, 55.45222117352198
179.7895605448603, 102.11729895052342
186.29949657783993, 88.2998685478885
178.07474683527002, 83.6378869982782
112.68471397361938, 19.280561103056737
123.65024021370292, 72.78808298062319
151.99103775028303, 56.71408038353292
101.41282474487568, 7.369983135569047
159.5567205952723, 184.32929741134416
180.9885952212417, 180.2815694411283
101.0109539529389, 64.44248612869454
162.46628671643697, 147.95343836612423
163.01431757829815, 101.25332234009493
171.0253417410917, 85.06675142209443
174.52778461542135, 80.58401585839125
139.14320486720868, 147.7002713757283
113.94051733520266, 32.89519555633162
143.9024874946956, 81.44343312953967
127.47999452336943, 164.1406987622869
122.56764660211125, 35.55791287119785
110.74937528594516, 82.94751349165008
150.86759681153092, 133.64352339558317
102.89615571235518, 56.06954893623164
199.9308554781675, 62.300104138381386
147.2197502267764, 49.06247501986578
127.16016124590303, 101.19577415041856
170.0051141123442, 19.963929400913784
121.28328717228133, 22.758663013488256
