192
1.3619512832013072, 48.79072372365589
32.250520204502905, 80.20601024185707
50.58449055495794, 16.696614733864614
64.39358769823671, 186.63105260830355
20.004708938616357, 86.95840931579559
90.3033967636366, 46.78743624898134
82.48522266350034, 152.38495358524372
65.9395236113859, 144.44966344963947
56.313723219005055, 55.60193949963328
34.47895959693875, 142.37975578726696
64.68106499736176, 75.06091572625667
42.81246322052078, 12.002214717558202
76.55901768532836, 30.2176154083053
67.54324672230086, 47.417609399715424
73.63976621913841, 143.701005722601
79.86260310642747, 129.1513606230694
87.40785491576213, 170.74923228166242
72.28596012689738, 159.47376613756995
58.58666478035089, 180.91904375040826
79.96101070007043, 31.99729196720571
78.85977862593543, 52.010096863423435
8.117065092779752, 87.93111862651432
38.56148465333364, 54.603243203106786
67.87290247475885, 185.74402307399578
88.0097956014665, 181.16335468003624
41.769501262838425, 108.52186698466708
13.30391802326752, 98.89327227138929
6.999921683658639, 10.920678723101673
2.1067437143552183, 119.97404469216302
55.63850262266507, 110.84402845345464
14.096012239524603, 152.64098112587413
2.8819315869670774, 144.97694793192215
2.2507018068607665, 123.30501518478447
79.56740920998666, 98.82042856313929
59.1977297560024, 161.77382523900945
67.73201580879258, 189.12029370759177
33.42378145954117, 106.11364485945151
13.479848886526536, 79.46763150759912
3.972249864168109, 110.53596286006145
53.80502371560068, 178.91810230445736
46.57252438760791, 72.7200997921086
24.884921241154245, 98.78027511961858
90.67778987488275, 186.8550039864873
45.15719176604392, 98.01547530209709
29.682777830341706, 58.47940852845028
6.923253960175524, 51.54950096956013
80.39685241519683, 5.841769909065206
70.59878630458701, 60.029120237407916
61.11198150681554, 16.063336877591784
64.08267056622132, 138.63017804411757
2.445546401363219, 85.51612125956105
95.13719075565373, 82.3721474586019
38.54110419289219, 15.335222844943377
11.367149442793224, 170.89887648106563
16.387968937120423, 67.59309931487624
73.0008918767912, 124.07840418412472
12.528036657632214, 3.2471420840279874
64.13412143854542, 56.879797984312
92.79003846623161, 46.326890023393325
68.22286891259509, 124.05120351836626
99.62965329860387, 55.45230177733544
12.67603440181313, 52.773218666559416
5.9982398617841035, 62.09294733315307
83.47405725856245, 76.1155598354891
44.69081748077518, 144.73460731308307
10.375470683015653, 180.32544165573216
84.57921582893495, 157.5157347456804
19.93961326286152, 103.66617101250233
16.936530831322028, 167.41527901585167
4.99458377989076, 158.1962579098933
87.57673465452407, 94.63173476514028
79.62655284677932, 196.42449831124742
41.95909418213444, 50.37637037703399
92.2655663730201, 24.03296593461055
90.81406535895529, 66.45781757809081
56.93716215932753, 94.20741084439015
7.496124881300233, 74.48604960075421
65.08225627840183, 70.44650849297082
54.485304018967426, 136.1978780539572
81.5003007645582, 125.30881658344299
74.39455720453535, 145.6889569370679
39.50910232416518, 141.17272958931727
20.042657126337627, 189.180438744274
7.223271351219484, 109.9233498700386
66.87102156654089, 187.72432088433845
68.6166076130407, 139.63109897771162
34.51914643891727, 190.2974490954849
98.53761591609575, 42.70934872797882
51.6493426460259, 98.73611947659985
75.59049304989323, 42.35958610227999
89.49595926397798, 22.83101919488637
11.011841170685488, 146.01782508515987
2.2952594553085293, 54.84157550768216
16.78632668154123, 177.27997876285963
19.199343128606294, 159.93393882924428
64.99881976280506, 10.451585476452285
99.149189292324, 6.813613743176727
59.02491230917655, 12.623182770738284
50.69236284254238, 14.947010434030993
95.66012380089839, 170.37039014806646
55.18208802056513, 124.73053417508982
79.48463813490926, 80.84960282767962
78.5874482991129, 59.0095301491357
68.50129734465366, 5.028519944509591
90.67192708468677, 180.27407983775203
13.613841878582067, 137.50436949494124
3.3341202678755844, 162.44532444837185
34.54832748324203, 21.734590862477642
41.401831474961746, 15.610380739037243
3.7925599454168624, 63.931603823289265
68.76344015795472, 35.51091815362888
94.45274792234957, 161.2358703983156
149.23753758507843, 111.0913300814458
167.7494797954971, 80.20601024185707
149.41550944504206, 16.696614733864614
122.34561234013148, 118.84065497955301
179.99529106138365, 86.95840931579559
109.6966032363634, 46.78743624898134
117.51477733649966, 152.38495358524372
134.06047638861412, 144.44966344963947
143.68627678099494, 55.60193949963328
158.2180114728735, 178.7914209604982
135.31893500263823, 75.06091572625667
157.18753677947922, 12.002214717558202
123.44098231467164, 30.2176154083053
163.34108824942297, 31.914622549254922
126.36023378086159, 143.701005722601
120.13739689357253, 129.1513606230694
165.76775862979363, 155.5195787792468
127.71403987310262, 159.47376613756995
141.41333521964913, 180.91904375040826
120.03898929992957, 31.99729196720571
109.59566851729971, 4.406295883437172
191.88293490722026, 87.93111862651432
161.43851534666635, 54.603243203106786
132.12709752524114, 185.74402307399578
188.15344437645135, 161.4869276643872
164.62613003165603, 99.69784424520536
160.02509333301884, 29.651460299443478
193.00007831634136, 10.920678723101673
143.33457790004107, 162.54817755830027
117.32167746569776, 107.12029982729496
185.9039877604754, 152.64098112587413
136.03044212688587, 184.5042110747837
197.74929819313923, 123.30501518478447
160.36102471177733, 59.52187486496139
121.55147598227983, 158.40803461659192
186.6038126896919, 178.53679461176299
166.57621854045883, 106.11364485945151
186.52015111347347, 79.46763150759912
196.0277501358319, 110.53596286006145
146.3709598463263, 106.24491213599079
115.9032818463021, 124.00746589033456
166.68487403597985, 167.552074689224
186.6430332669871, 115.29283663475304
154.84280823395608, 98.01547530209709
102.42692398053191, 46.923482052978784
193.07674603982449, 51.54950096956013
166.30599274139155, 33.30867747515853
172.35585166707938, 123.85898710412097
138.88801849318446, 16.063336877591784
135.91732943377866, 138.63017804411757
197.55445359863677, 85.51612125956105
104.86280924434627, 82.3721474586019
169.69023807602812, 23.434027865342276
188.63285055720678, 170.89887648106563
183.61203106287957, 67.59309931487624
126.9991081232088, 124.07840418412472
187.4719633423678, 3.2471420840279874
135.86587856145456, 56.879797984312
156.42229299046886, 90.02489076287321
197.4909817242597, 191.92464019503348
116.752849468038, 36.20282769352314
187.32396559818687, 52.773218666559416
176.84048790650326, 3.7102037106101937
116.52594274143755, 76.1155598354891
155.3091825192248, 144.73460731308307
189.62452931698434, 180.32544165573216
124.92163678116326, 184.68564271118842
180.0603867371385, 103.66617101250233
183.06346916867798, 167.41527901585167
149.38647675374207, 184.64793682464492
112.42326534547593, 94.63173476514028
120.37344715322068, 196.42449831124742
160.88644385937008, 17.64107649788833
107.7344336269799, 24.03296593461055
109.18593464104471, 66.45781757809081
143.06283784067247, 94.20741084439015
196.7236285575429, 36.68361190495584
134.91774372159819, 70.44650849297082
103.55895833694663, 179.04559955203533
118.4996992354418, 125.30881658344299
