176
11.750010911978247, 153.9031145613551
74.62342219809209, 80.78722968076706
92.19646682153481, 129.2963205280531
54.9793085722896, 24.19872333248543
93.11404982934607, 93.91226790725746
41.52329291549838, 73.5159810905667
2.897398413419794, 34.451148301356895
30.998146482848853, 151.33597362438357
84.6928055360097, 139.1046531302283
3.479994050185997, 67.10270812270242
33.20658662645995, 176.07014415500592
72.73657796539436, 174.58102901667715
43.8480210429379, 13.684959513121854
86.05113063165471, 99.84208847059058
99.13868943935415, 143.41093963480242
50.96903814394514, 99.46496406607399
47.60676567200417, 41.54968532776506
81.74865734288565, 180.51466775427926
36.48436671072173, 70.80924325140423
30.331758980530367, 94.62805537715084
17.45421090280963, 22.083104818111554
7.675229035853324, 50.62070306364777
54.54265399585813, 76.7635756781967
66.82669718531086, 26.068466579315114
43.0622607942926, 135.10867900272362
75.94250692187823, 153.41375369342543
79.70434141372135, 4.794727164237074
94.30682502660126, 189.0172081781506
55.22296795983308, 120.819222100541
58.15068257014801, 183.5411661953821
85.05047868164552, 3.893228847350372
23.785894821329446, 40.86555190818917
40.59529348312759, 115.55849789009149
81.82385851416372, 159.98096562724814
37.77797892539849, 156.69018400603767
26.41771595012081, 163.68480675786935
72.9117420659655, 32.154701096284356
22.970300469684368, 113.5032721879258
54.864259929959786, 139.16063395690648
99.25558541031126, 110.35336266683566
12.481064965043165, 77.78868680024426
85.15403293892548, 178.82018747609163
28.66610602936117, 89.20410006251687
18.70258638615876, 94.11738560943641
66.47433772994337, 32.47501206464265
70.9464707603294, 11.155351833541882
49.46819410147035, 87.90166774034705
55.592744950239656, 89.59446965345484
23.54096780987629, 110.47143186941622
16.089679985419604, 102.19715005409373
74.18627730168146, 118.26159680983781
84.18952883542703, 183.46200341155796
19.099917932047216, 116.62878441808276
66.8725120953631, 83.34299243648073
0.5797272039081203, 47.62771754961168
45.37638795452384, 131.01940475333848
59.916305143619596, 133.9536056073318
7.37783660172152, 71.10967413698008
35.67925012194417, 164.58405390011728
26.38991281894053, 22.478155633385065
50.76698169606997, 15.341705799382899
29.612816424755405, 172.63958666060333
82.17114431827041, 56.96145999396256
45.718885670495446, 144.03939670142378
87.45874858674809, 113.59038098277175
7.420910667733416, 169.92089720277662
32.228424066998784, 64.43377925634788
63.41054238980129, 49.01176673736196
94.54850539509421, 32.1693245204113
61.06576780119974, 29.78075593419829
92.20018882168509, 99.37064265139202
39.14152651946603, 6.045740122719434
43.94204975382798, 30.606567623347523
34.08430931423179, 116.95578570391936
69.53030527908808, 94.0955318905855
20.809784829475795, 131.35379413989403
24.288343075954614, 126.32369142838193
73.81748172585816, 79.14034162593015
85.55669844171453, 27.901869954379826
23.3344161291413, 141.29044375876566
93.79797030190642, 70.82779190529406
80.64670884446596, 100.94819262109918
87.8694827003618, 12.551615908087443
15.389748058097974, 118.05262699738603
21.887030595903457, 198.9738453933747
1.2221988870421585, 10.078701862114725
13.640093572355704, 150.21864860607909
82.4325961911315, 16.017050159990774
47.141170685378874, 17.000370496226136
12.184677776944476, 49.42924034342167
5.4923520871076885, 6.872402978781622
92.92142966037017, 36.902031098823215
42.449608811982486, 97.57858389262857
11.799343576382515, 127.51305149718159
13.475763710707767, 183.51409158697533
62.39653286617658, 95.27162384165257
188.24998908802175, 153.9031145613551
181.99672184120834, 30.124006292823235
107.80353317846519, 129.2963205280531
196.85747846855946, 70.48897032327532
106.88595017065393, 93.91226790725746
158.4767070845016, 73.5159810905667
197.1026015865802, 34.451148301356895
169.00185351715115, 151.33597362438357
115.3071944639903, 139.1046531302283
196.520005949814, 67.10270812270242
166.79341337354003, 176.07014415500592
127.26342203460564, 174.58102901667715
156.1519789570621, 13.684959513121854
103.51623200765361, 97.6694941420901
100.86131056064585, 143.41093963480242
149.03096185605486, 99.46496406607399
152.39323432799583, 41.54968532776506
118.25134265711435, 180.51466775427926
163.51563328927827, 70.80924325140423
169.66824101946963, 94.62805537715084
182.54578909719038, 22.083104818111554
188.03354551834275, 102.98356263289195
131.15640081911852, 138.22754694181336
118.39586957267665, 82.22556830781028
156.9377392057074, 135.10867900272362
124.05749307812177, 153.41375369342543
193.9151959150073, 34.410747017698284
111.95721376483382, 122.71590565045183
144.77703204016692, 120.819222100541
141.849317429852, 183.5411661953821
114.94952131835448, 3.893228847350372
176.21410517867056, 40.86555190818917
184.0795671928515, 170.20047182455875
118.17614148583628, 159.98096562724814
162.2220210746015, 156.69018400603767
173.58228404987918, 163.68480675786935
127.0882579340345, 32.154701096284356
177.02969953031564, 113.5032721879258
110.8061832739568, 101.78532397186267
100.74441458968874, 110.35336266683566
187.51893503495683, 77.78868680024426
114.84596706107452, 178.82018747609163
171.33389397063883, 89.20410006251687
181.29741361384123, 94.11738560943641
133.5256622700566, 32.47501206464265
129.05352923967058, 11.155351833541882
150.53180589852965, 87.90166774034705
144.40725504976035, 89.59446965345484
176.4590321901237, 110.47143186941622
183.9103200145804, 102.19715005409373
144.11386759228665, 196.96850210991352
115.81047116457297, 183.46200341155796
180.90008206795278, 116.62878441808276
133.1274879046369, 83.34299243648073
199.4202727960919, 47.62771754961168
154.62361204547616, 131.01940475333848
140.08369485638042, 133.9536056073318
193.19185667728644, 28.116455772429493
164.32074987805584, 164.58405390011728
173.61008718105947, 22.478155633385065
149.23301830393004, 15.341705799382899
170.3871835752446, 172.63958666060333
117.82885568172959, 56.96145999396256
154.28111432950456, 144.03939670142378
112.54125141325191, 113.59038098277175
192.5790893322666, 169.92089720277662
167.7715759330012, 64.43377925634788
136.5894576101987, 49.01176673736196
105.45149460490579, 32.1693245204113
138.93423219880026, 29.78075593419829
107.79981117831491, 99.37064265139202
160.85847348053397, 6.045740122719434
156.05795024617203, 30.606567623347523
165.9156906857682, 116.95578570391936
130.46969472091192, 94.0955318905855
175.8959451545349, 51.446697060552296
112.26678151656041, 162.1660249582721
152.95869747773307, 69.74643883742948
186.24987106110672, 23.28183498572829
176.6655838708587, 141.29044375876566
