176
68.58262815859997, 144.29817898362776
58.59312727493724, 51.62595337697733
98.70770190616099, 161.80431886020068
90.29672477131766, 160.2654258963049
43.93613696163376, 25.92582001205259
54.298829896982056, 146.5433233814766
26.89334161466771, 77.72148465670696
83.60246167039399, 82.84082647357442
97.71081198501197, 171.93606719070414
9.603630154608666, 18.04382841668375
73.30591119594764, 46.73820579198023
18.95316696681969, 165.17833856412335
21.196558025809775, 17.151502834837906
80.2711013921493, 192.73434369809638
11.956667037126401, 0.552644585413109
47.68667129890852, 164.5589577189105
76.90610491612424, 39.884882003237166
2.998951789993487, 194.95296298981478
76.03948161644007, 32.338337367579115
43.592153862711214, 152.21642776564306
24.15565447107597, 34.31847846750718
81.1235603870179, 54.43308891938119
50.553728962708654, 155.58988225931924
86.88321172546173, 86.93323083470786
77.73905025434195, 61.47560195966597
21.535728861960624, 9.689480583606901
25.048599432515783, 126.8057912556063
15.125871985891449, 190.54796821650012
54.36852953814672, 30.58957344726676
57.14422072079899, 198.28434540940916
95.84292810501466, 57.74986489630485
84.2902863077092, 21.473692899823416
43.429476311621606, 198.12512623842724
21.305940300934047, 33.23532398426645
90.22527580972249, 143.3806069201509
45.50687524892966, 183.99222890537797
75.40704422200174, 120.5133119992895
12.548422161298657, 139.71188901764992
98.54074487632683, 43.738133334214034
9.723123036938851, 77.68201233350354
6.077784964125044, 157.55215921409572
81.05866237087619, 62.72818706202965
80.71465380261643, 49.280484155569916
24.227316209659012, 28.445716019972835
55.156356710881504, 194.63189011099973
62.78305685160047, 162.99572995071358
19.509644088682975, 125.27101655410016
34.484074866329074, 154.04568144187138
80.6716956777168, 74.05820541632531
46.672529904979484, 73.40390465794486
29.701204780804147, 173.4063637224516
40.44952064204571, 79.16572120266514
60.89070293302504, 129.17980173539578
68.99146464725027, 115.15217852957069
96.24066337083651, 41.631668246895906
45.05404397727282, 88.84902389259888
91.12521522459602, 64.8301783860607
54.16514386398787, 5.131055964553655
11.449049618777284, 152.30193186434047
40.8770003638512, 171.16220754778746
6.233550732047677, 81.88015760002259
88.0884464502789, 137.14847083359413
98.87132887656924, 165.90714841857255
25.99031001039527, 85.88014927711444
34.31437388348406, 128.85481759284863
11.759472396693948, 39.1051216269938
27.63078090769151, 29.778868369306345
15.600476734008629, 192.37171254592732
21.140085722256885, 1.9123470385239427
34.81525221217884, 197.03245271294446
32.35453063133294, 164.53008402983068
89.13016681493119, 25.123878058492366
43.80455899092402, 130.37449709604795
99.25381962282731, 106.48027234624054
1.072392434049807, 0.812436745075984
33.81775214667396, 90.34689301018031
70.65064970884339, 107.17177686718269
69.41102699655025, 183.5587000283534
41.36221884592843, 92.04036986199323
64.93433242196073, 17.678228314740064
82.83807743245389, 1.1930099750240286
91.37364410386168, 114.15536338825771
77.31739920292014, 80.64103496582531
40.716917150247056, 62.00790440720647
95.27632107914985, 141.30626169796997
26.14911462934646, 67.09690420260725
46.025984798008224, 116.27946992279693
58.95764617236744, 22.729438780727197
94.0356253401421, 46.418582284911224
15.847634262901543, 128.32026663732609
60.08920044976228, 91.99181026285844
91.89477862225979, 38.613642790604686
24.71158573150515, 121.24608283337155
25.96117027202287, 54.42243910912852
11.778324558673159, 98.02251048414215
19.721883231859895, 94.22811211972441
131.41737184140004, 144.29817898362776
141.40687272506275, 51.62595337697733
101.29229809383901, 161.80431886020068
109.70327522868234, 160.2654258963049
156.06386303836624, 25.92582001205259
145.70117010301794, 146.5433233814766
173.10665838533228, 77.72148465670696
116.39753832960601, 82.84082647357442
102.28918801498803, 171.93606719070414
190.39636984539135, 18.04382841668375
126.69408880405236, 46.73820579198023
181.04683303318032, 165.17833856412335
178.80344197419024, 17.151502834837906
119.7288986078507, 192.73434369809638
188.0433329628736, 0.552644585413109
152.31332870109148, 164.5589577189105
123.09389508387576, 39.884882003237166
197.0010482100065, 194.95296298981478
123.96051838355993, 32.338337367579115
156.4078461372888, 152.21642776564306
175.84434552892404, 34.31847846750718
118.8764396129821, 54.43308891938119
149.44627103729135, 155.58988225931924
113.11678827453827, 86.93323083470786
122.26094974565805, 61.47560195966597
178.46427113803938, 9.689480583606901
174.95140056748423, 126.8057912556063
184.87412801410855, 190.54796821650012
145.63147046185327, 30.58957344726676
142.85577927920102, 198.28434540940916
104.15707189498534, 57.74986489630485
115.7097136922908, 21.473692899823416
156.5705236883784, 198.12512623842724
178.69405969906595, 33.23532398426645
109.77472419027751, 143.3806069201509
154.49312475107035, 183.99222890537797
124.59295577799826, 120.5133119992895
187.45157783870135, 139.71188901764992
101.45925512367317, 43.738133334214034
190.27687696306114, 77.68201233350354
193.92221503587496, 157.55215921409572
118.94133762912381, 62.72818706202965
119.28534619738357, 49.280484155569916
175.77268379034098, 28.445716019972835
144.8436432891185, 194.63189011099973
137.21694314839954, 162.99572995071358
180.490355911317, 125.27101655410016
165.51592513367092, 154.04568144187138
119.3283043222832, 74.05820541632531
153.32747009502052, 73.40390465794486
170.29879521919585, 173.4063637224516
159.5504793579543, 79.16572120266514
139.10929706697496, 129.17980173539578
131.00853535274973, 115.15217852957069
103.75933662916349, 41.631668246895906
154.9459560227272, 88.84902389259888
108.87478477540398, 64.8301783860607
145.83485613601212, 5.131055964553655
188.55095038122272, 152.30193186434047
159.1229996361488, 171.16220754778746
193.7664492679523, 81.88015760002259
111.9115535497211, 137.14847083359413
101.12867112343076, 165.90714841857255
174.00968998960474, 85.88014927711444
165.68562611651595, 128.85481759284863
188.24052760330605, 39.1051216269938
172.3692190923085, 29.778868369306345
184.39952326599138, 192.37171254592732
178.85991427774312, 1.9123470385239427
165.18474778782115, 197.03245271294446
167.64546936866705, 164.53008402983068
110.86983318506881, 25.123878058492366
156.19544100907598, 130.37449709604795
100.74618037717269, 106.48027234624054
198.92760756595018, 0.812436745075984
166.18224785332603, 90.34689301018031
129.3493502911566, 107.17177686718269
130.58897300344975, 183.5587000283534
158.63778115407158, 92.04036986199323
135.06566757803927, 17.678228314740064
