160
91.6269978210559, 63.791326514870825
70.9838661866011, 80.4955477653948
95.39403907833349, 90.60002771296584
39.523443403016515, 165.2659017764119
5.342141317859717, 88.95678327445972
37.82583165847099, 182.88501709178888
60.14424413067401, 190.67452384136644
97.15471687422851, 156.26181858967408
31.140173277430833, 102.85404691798097
98.31022919021989, 85.16363452202894
92.36856970707662, 167.41098704653092
73.91721428728755, 39.73483904202742
84.60761143887086, 127.9220621779706
32.46851769121002, 152.38544780449666
74.90796886133126, 88.20110650790923
58.04188499378995, 46.75743982433009
73.20296002378215, 55.08615890179558
5.477945460776801, 59.720824170264834
39.82668455977916, 97.66370767417973
7.3601937564118245, 142.61294545190665
17.029285673637094, 29.16474562468647
10.720112116895592, 151.35054926388733
12.11691238096001, 197.53834327034508
38.65467410812923, 22.751338206369212
78.64416527948202, 116.2806228293589
87.96945665805526, 134.24476544806043
66.50579409017604, 141.28949598790857
66.49511609231399, 147.80764393289937
73.47017908641376, 108.03430601980422
22.00559871250173, 34.74498712766798
37.82857156602266, 125.95000282783518
52.397167884200734, 43.904337028202555
41.93332719030367, 107.9507668768731
44.57035599738255, 142.3771333125002
45.42384793401365, 139.17774725917826
96.79758502039256, 197.84828842876396
61.65680108919787, 74.49833522757395
2.7388438778175623, 78.76291457704362
92.19425425886573, 47.48668789019322
60.74927120140363, 180.36767857305568
19.138062777241913, 93.92678194293347
29.507879452596164, 49.476858799905976
62.64314225234404, 163.07596988722068
53.39232333123154, 163.41911285695113
22.08783658997283, 11.539288789535117
34.71025882486144, 31.24085509122454
85.61418402921606, 197.51471315375426
63.998058159571116, 129.8793133300996
81.85070914961923, 22.231975176193775
13.889555633324303, 82.57800958175913
44.49194368317556, 56.713650181304345
74.91490167850723, 98.37808719771245
50.70152781291305, 193.23780542343107
91.18847718873747, 186.02158123506933
0.16613935262742707, 6.919317647460318
39.003883150970864, 179.6305124300689
83.15283853943579, 123.3600535004643
60.410052884208845, 33.11173911377982
71.26020394942188, 69.92890671232111
86.78982701602654, 6.1946592592455385
42.483604337877296, 128.69972804358713
55.940565332541134, 116.57751256086593
10.163262169410547, 120.85591685205482
79.34975886248992, 179.80247879089873
27.06447550960152, 89.59622683301936
60.077648707487675, 97.10886299046663
65.00655559368944, 88.47482953975822
43.01068308011289, 124.61342498969026
58.634089912715844, 130.38579261786032
28.43816615270819, 137.12905589956253
64.02138563741205, 140.81411470705808
67.76019650771092, 13.860022865781701
76.41678407147026, 79.75149037170011
70.68941995701186, 109.20589351972177
6.08287587707737, 110.34670968410889
4.978690465689837, 5.929750028047565
93.23225961512946, 190.77807940687325
27.7199060694756, 40.0045983799476
3.6076242088390558, 98.50748271471707
64.39884329035884, 104.3763053213361
108.3730021789441, 63.791326514870825
129.01613381339888, 80.4955477653948
110.13044025778281, 30.153420953288766
114.5636867009824, 105.89274790615866
194.65785868214027, 88.95678327445972
146.99168395098812, 155.91152951340337
139.855755869326, 190.67452384136644
102.84528312577149, 156.26181858967408
142.6263116229055, 101.57377637289704
107.41059270405741, 94.70901940019172
107.63143029292338, 167.41098704653092
177.21338516570438, 20.282597308471352
188.1104374589223, 94.14531354426154
167.53148230878998, 152.38544780449666
142.86372205440404, 90.73915891337079
141.95811500621005, 46.75743982433009
126.79703997621785, 55.08615890179558
194.5220545392232, 59.720824170264834
146.7228722277698, 40.734603260882494
130.97909146833172, 171.55948359793143
182.9707143263629, 29.16474562468647
165.35162846462057, 89.64880983525528
192.15516160995165, 127.40241158306269
148.04820623326242, 15.02182145465467
194.41190611820906, 183.06031622929373
180.67865696046877, 101.00897432610519
115.7574072203307, 74.70229644623856
133.504883907686, 147.80764393289937
163.35728030806575, 165.6274055728179
145.78520298707267, 25.213895597167625
132.42705056890873, 144.3562533846988
147.60283211579926, 43.904337028202555
158.06667280969634, 107.9507668768731
129.6602791839397, 126.33022664921666
184.58901533576307, 183.00739936167523
122.9934293551867, 131.69556677294162
122.69108893315077, 100.63894472404363
199.08190117760378, 4.844207591392191
133.16561953287584, 91.09242418127357
111.7865775504278, 182.01487566537043
184.74545828102043, 91.95641910576222
170.49212054740383, 49.476858799905976
137.35685774765597, 163.07596988722068
160.8497726329411, 193.641661474575
177.91216341002718, 11.539288789535117
165.28974117513854, 31.24085509122454
102.49991797630312, 194.53684688751966
139.9354426577665, 110.78719711682979
118.14929085038077, 22.231975176193775
186.1104443666757, 82.57800958175913
155.50805631682442, 56.713650181304345
184.53593530645287, 77.00696139732726
149.29847218708696, 193.23780542343107
162.47751496326617, 131.3085706221885
184.10945031868457, 72.5821525040234
168.3573936403768, 189.9982441188213
116.84716146056421, 123.3600535004643
140.58504759583906, 1.3827084937247935
128.73979605057812, 69.92890671232111
113.21017298397346, 6.1946592592455385
104.01107959374444, 71.14728632728809
144.05943466745887, 116.57751256086593
189.83673783058944, 120.85591685205482
120.65024113751008, 179.80247879089873
158.84386075603996, 79.00209516289354
139.92235129251233, 97.10886299046663
120.05340484719545, 135.12536012792856
156.9893169198871, 124.61342498969026
179.44425542612174, 111.63089155214216
113.58116898669519, 79.61303711206781
154.9185922667741, 178.8431144307401
123.89699599754623, 53.28566169187956
115.18288283676938, 11.160832231423502
129.31058004298814, 109.20589351972177
128.5183942897845, 64.97332768343271
176.473882473857, 35.763485043585575
106.76774038487054, 190.77807940687325
147.25551846228944, 32.44956324423298
138.86004109820868, 38.99099782224476
105.15758777167356, 96.95359975484115
