224
72.81121785677568, 93.56660124675858
74.58084448303426, 149.45375448135923
4.850136070216976, 133.71854725171207
91.98612094468875, 156.787613461414
53.237359444440116, 52.195641273454484
73.32167779134573, 122.45836270643152
32.82914754961671, 26.58695982974396
17.606214712822734, 75.84262287258558
26.577502015229612, 152.297886787653
40.84986243220961, 133.7591660543947
59.56561343085124, 67.74670608199838
30.42209827698034, 31.78805835699714
46.77983592976892, 113.1272275291829
37.029707829785664, 69.22866621012366
25.80795732535254, 22.92158420111749
9.700212409558883, 185.0189238782675
49.77307865040373, 0.20236980302900065
51.532590649919754, 80.34861128784274
39.80910859291217, 95.55520570869886
70.64468900714036, 160.67225187898046
3.2120226221728223, 105.91957597226083
77.93454431601168, 86.86785646165691
55.177944036776296, 150.19909694626696
21.292776490520104, 105.97926214556705
22.459380651468493, 32.94227650418283
27.312128538914585, 160.14229909076502
75.1471142619393, 43.07546146106191
35.20331397305828, 64.17920191464637
33.512387490896515, 115.99684504946892
89.66272826975131, 75.2971645717397
82.69537223561973, 71.36153353402135
1.2183660498248727, 47.80211798300642
65.49006129305367, 164.52123671420807
68.44515994049274, 65.18798591440279
0.2627255830262527, 172.33938144505143
50.69452361081065, 124.47588099930674
54.266236335459766, 42.82218644096758
24.863461915555817, 31.537800440608432
1.9784295396081575, 44.261692476838455
75.31526005366683, 134.7004161108808
90.18938658676504, 97.62075075840406
23.272983931046163, 130.18260471807503
26.92725659656618, 60.16416893506441
36.44179664393442, 14.5248946947841
60.11858955407803, 172.36947144585838
19.1621595422081, 125.01192759709866
56.98087255529018, 89.61768472800146
71.39047895640095, 120.93894214857639
32.14368323045275, 113.03578013830914
32.51551775917466, 164.3670639898935
1.4108807906712286, 187.620353174316
65.40793785624709, 66.55442348170484
28.189093677990737, 81.91429690487979
65.56882215369114, 28.143184777152328
73.70985989677408, 38.68061408304935
60.9517728716547, 83.95487546436925
88.93362280080933, 108.44119445299168
51.02832490505706, 149.1784836756275
8.410515732289758, 104.02565380502278
66.20248326488851, 9.05380649794542
37.7763663466018, 11.267258710440743
26.213016019200108, 180.6136312342745
83.76993561515877, 12.47570869090815
91.14600936736385, 141.01638318678843
90.58539210977769, 101.89551453417707
16.473815172578163, 188.68144736551375
37.661084923958875, 181.68207557554615
34.522483216943584, 106.5843150619672
33.70506105786822, 69.1802988419577
84.41620368361168, 88.951032498284
10.501201847891274, 44.99651828690665
31.520159561474998, 69.5000467959774
35.79025660107356, 171.50879577864418
95.40451151705423, 199.90541589584853
25.89263275140601, 65.12549923720925
40.27237619341793, 85.39991937540475
99.14152158064968, 39.60014447933821
49.92753678145104, 109.6570141123163
44.593178728040186, 78.26551879044467
21.497434870194056, 102.07129816085524
45.815828511562216, 133.9654688253245
21.3165782734994, 18.629935545710907
89.51057813327918, 162.58108243027988
48.8308673030157, 125.34202106038572
28.514432802108736, 99.02097924255044
90.88217170175386, 125.17939394368092
40.20138763314005, 135.91169644004606
3.096861671967943, 96.66640144782477
66.28484688836365, 107.0049086725477
45.87105406399726, 138.54086196916228
3.591063993229926, 188.17248412265474
99.69544031399799, 21.284032875395287
37.546707623847006, 60.10825289227502
39.13007552809324, 147.2447962173373
99.85653716472459, 28.08023759489293
85.50173771720722, 172.21410065842164
78.38623704231478, 81.92023434700843
90.49035904241556, 25.885040500871746
35.95930637819008, 24.42636095249817
89.80045140479207, 196.65884961978756
74.56734744075634, 179.56103977449396
6.87241307505092, 11.556025343949017
84.11522366504349, 85.67222392716248
78.14428844740488, 105.93724768472543
38.86225884317981, 111.98907643404958
16.017415436990323, 109.14187931528187
88.36101384764606, 6.681002862096053
32.83980805011913, 16.09156630028712
93.58882921046278, 164.8371506867512
56.507332372601894, 81.17295096869508
77.09679841106713, 102.83586964289482
14.367349280680697, 170.8121433588579
75.66373290917541, 60.089360171778836
17.56859770886812, 96.29856802050216
60.366558486652565, 10.274523388760759
15.626626167412294, 83.98575719628549
76.92951805330179, 20.2356552016036
98.19440468114972, 24.686157253486527
23.043500681206275, 169.80204603056404
58.03459585702664, 100.87590109669411
95.27713132596513, 74.69554410613033
14.139643432838344, 134.35022296586274
80.28634304893855, 189.49933768360006
33.13300749508643, 58.758151039724304
45.48620440727939, 129.15299594222893
81.12542541925929, 128.45297260675693
62.470175092273465, 99.51260836073578
28.477978377373216, 90.73320990729017
61.81807901238907, 188.7548862406739
97.85695152701777, 137.91961263758964
2.390999116524839, 76.48775074984012
33.882727983735904, 51.35068653709365
52.749667808182366, 120.76572805610164
32.09102568126404, 143.71655406654546
90.45904982831354, 136.49645633489789
27.09746248600614, 168.72267133051278
37.244396834919215, 140.82502795445245
9.317140161765602, 110.5405661575072
68.5030140825334, 40.95301883617142
90.89119072704607, 151.54514198293333
54.38644701981826, 35.58843003406902
37.0946615235053, 176.94827847016336
86.43197725022222, 182.80514299542102
61.43182681713857, 60.40446898035307
127.18878214322432, 93.56660124675858
126.39289105874697, 171.76506724516935
163.44602656526325, 190.55310805027446
107.72315386796332, 127.76057339964535
133.6535083326579, 13.777503084865472
126.67832220865427, 122.45836270643152
147.669268396225, 58.935000833252516
182.39378528717725, 75.84262287258558
108.71777254888987, 181.08897965277973
159.3307278177514, 55.14800111608906
126.55826160948219, 59.762266149985656
189.61451168032906, 55.87998334144872
180.95084987190884, 109.98811183130768
102.86511096204644, 66.60766788296175
140.13750767387552, 46.998905884037434
190.29978759044113, 185.0189238782675
132.301430766095, 35.15023446162688
124.08507615728884, 39.88386528971897
160.19089140708783, 95.55520570869886
112.26406110891483, 163.67350820241782
199.3286123245772, 30.295344545142644
156.23324079482265, 109.25010435696505
171.84959992000296, 149.393474371984
178.7072235094799, 105.97926214556705
130.3885210847373, 21.992425209955325
142.0248426203222, 169.58761596806465
124.8528857380607, 43.07546146106191
151.60632982304875, 118.03110928429095
195.5536565792501, 167.97657701805747
159.06806626883724, 114.88203991556783
193.88979365788413, 70.31542546102179
150.1728535136893, 42.63649510413246
181.37848148271704, 168.2300391839898
184.77654295478038, 70.8643803329229
125.07669311276071, 189.7535446410851
197.26789730273256, 158.1053754871026
180.566102797412, 18.799190477096197
175.13653808444417, 31.537800440608432
124.59237136602461, 52.47842243708782
152.44006785026136, 88.69644588146588
102.6800535410282, 75.61808440181733
160.00256438304706, 120.65726476046999
195.66539718112907, 115.84369415467481
199.93821172139087, 6.6980214321476605
123.13138909484408, 167.39853080437624
161.34371820164918, 173.8727744621347
143.01912744470982, 89.61768472800146
121.8775757768289, 58.74154176476674
180.919563052402, 33.485690497237684
180.06508742851284, 149.69972905358554
133.89957491938713, 127.64674980846557
185.11194709361513, 68.43716602314541
186.4611393171851, 49.233527198497676
172.3705979571591, 87.08345205879242
164.96879591933197, 46.29867751706607
151.27966140033143, 11.975161276499936
100.55558579415037, 29.114338624678602
106.25418672429232, 140.75719056610504
191.58948426771025, 104.02565380502278
166.09673677844222, 18.408406605583583
162.2236336533982, 11.267258710440743
173.7869839807999, 180.6136312342745
116.23006438484123, 12.47570869090815
124.0802570378433, 96.76141119427552
121.19471596073477, 24.44252059157861
145.904618519112, 114.29297458737027
131.5773788325055, 124.83964804063667
195.6269783795793, 42.12209089360142
127.3220274716401, 4.361830716017945
160.46308294353008, 92.83404667187678
189.49879815210872, 44.99651828690665
163.94891593072253, 49.41590537617768
164.20974339892643, 171.50879577864418
151.75029805330348, 154.4335283303375
174.107367248594, 65.12549923720925
167.46796080132233, 90.04949407480684
179.49465809371029, 8.799640619370418
101.93316276448353, 97.47490784429904
115.32264441226485, 15.045566813174393
170.13681111491445, 168.01241631187386
