240
36.526048067866945, 42.21091286703689
67.82186010033861, 164.91167880914404
96.53469282554377, 128.08977692169924
82.01586588373401, 117.13057812807384
5.893337257211739, 140.54864233827348
40.18249774072268, 140.83558547387747
67.00807392332692, 51.71358325561821
94.61835744682368, 63.58322379202346
13.616687996303078, 35.784861643845844
33.33435918407845, 116.80368761625166
56.79674387270699, 18.86406061173991
36.96657174052547, 131.42904973322726
58.64944537976208, 120.64017275512555
84.46583559507559, 189.09770791036124
67.76380578374317, 160.57359934212872
29.50840893279406, 181.12625739480416
87.21599692130071, 24.199909645518257
8.376317648614616, 62.028914283322734
36.537630830671255, 72.61016104594174
34.58354174999664, 105.91209573714997
63.819477929078595, 60.16152775255139
79.8125202284895, 109.81316396342262
38.28720321818094, 157.2626736930675
68.93364895761852, 12.781276718484747
76.29002896132413, 83.74368642981361
70.78831561659847, 23.250108005024494
2.014204895197147, 179.19321254821207
33.91004924686436, 147.53700586080038
26.324085109955075, 158.08899220852604
56.55749443029314, 168.3499952565225
55.74245997825844, 32.68074095392588
82.54424255624666, 139.76397625067904
13.177234888467249, 122.57953465437137
62.342362144752805, 12.181620771249225
18.0000958202015, 126.12852546521032
89.54535010129247, 93.77963052780063
32.11170175222939, 109.30462496838105
42.82691039807172, 57.83785483522035
69.677814565454, 43.28504033515343
26.619393453926556, 59.99024132357251
64.22724079935064, 27.166640646950313
82.74687857699409, 82.01210940947243
47.87932037589937, 77.12014722841458
50.492102028126084, 131.35622200881227
71.38686130524134, 111.56050536049023
8.05122275159289, 179.24135228051935
94.26506553926647, 185.01331522648746
86.35348651561624, 75.68002747022385
81.9855101899898, 73.67686494059302
83.82699691519085, 99.66338542588144
38.23180167150909, 196.85857749850882
2.1804971971002063, 126.62255543548702
79.22511903071256, 21.33882836221044
75.92560436742232, 148.92430024680186
31.631320124630392, 59.278144732151425
13.011251952188562, 194.01264372731004
12.661694652087618, 173.20498653005677
16.177273024850823, 90.88885944115891
17.865732736192165, 146.49685192711456
20.808314961006268, 10.136458671094783
40.08595018708549, 167.90504005229272
63.0615139347742, 163.6695080464361
80.19042181000654, 170.98722051380298
31.81133246882886, 113.94437842322871
11.895228940270353, 85.97009936157039
46.211016484535975, 23.936264603596747
14.944378625927424, 146.64977425579764
49.19644155795497, 84.92134737200792
14.845366077952015, 163.59762731598042
5.357971148861673, 172.75581402075193
82.84543293880098, 182.19660570462779
99.63035877381019, 40.247288616395124
46.69115990421117, 136.31429735881795
98.23809011408933, 169.35876742716118
24.19658825819212, 115.31490336778494
99.0628769756469, 38.28411506351716
29.222974572514026, 168.95014918380772
29.203803987606435, 108.38237418233936
91.06548860479421, 36.529564300189875
17.710477981254357, 44.537772082892644
66.98419528753399, 89.18672431424967
40.41940605079644, 44.45989953532441
10.606403288622879, 64.73697650595265
3.861576857838578, 0.02603878768117074
81.4473756447102, 12.947023129930901
37.0879715999504, 39.12186771536903
93.26827355436004, 189.71438472617768
91.86761516907295, 158.28503709324002
51.24270417527094, 120.21895792727717
28.67405162503208, 119.65451994167321
94.07778919006063, 3.870672387658547
1.4571366044814793, 59.301723721718005
67.25891364619355, 114.71749271838003
75.79900727624853, 19.680470638658342
3.059508822596202, 65.1297978713859
65.72090443769729, 26.345410426484396
53.678032607519846, 96.18373204123161
10.93403911326587, 59.347446057107774
87.32642916256948, 116.79285144636376
34.55979777552497, 53.31963190112714
96.3050246964993, 24.16615763413217
79.77569507527986, 4.330134261081642
9.275427176501317, 114.38701005750617
82.50589146938691, 146.4709906540686
26.563741031734413, 145.65273428616206
80.28034953513982, 120.75205640983697
56.55331564565035, 136.90916006916802
47.38421798911625, 86.44143550137365
20.829923457598888, 183.98220530846828
28.779023282977935, 19.262632135141054
13.34053161780634, 92.711267282304
44.478906786472336, 85.57429040689193
12.305071926988076, 2.626278427653328
42.5180454000758, 104.70838386199075
18.42811052670005, 33.488880301464576
57.42264704611226, 186.68317377246717
87.4851793173268, 177.00846514118376
73.29917287293927, 48.898627437444105
55.32754540068922, 64.60407708003508
21.88948664129914, 26.929894181300874
18.665295622675227, 174.40497417767313
4.8387624992116685, 188.65581208057554
51.91843779708527, 105.91874375751497
49.737850699488284, 179.84649923804463
76.09478448240277, 0.8389453213465403
29.997416654257812, 15.110477701220626
7.497890160109144, 161.62811817832633
76.30883251895949, 192.62678628279738
0.1517622997528001, 96.48554764578805
90.04125226847425, 21.899182614982138
5.658940500839693, 149.8072375914837
78.73145708238475, 113.24793033481046
5.2970644973949765, 7.822343507720575
83.00147700379662, 155.69052071936161
25.515686825598383, 42.72693123539846
34.726813472640515, 51.39690866095532
69.53538581233978, 68.18454509619389
24.10625714281174, 84.42481139818779
44.869884349022826, 193.4086913778222
1.4277215271878418, 175.08797907750937
81.45744396691315, 169.73529798931617
21.507558599378783, 150.12933214467265
54.02252431466865, 52.96043236522865
91.97196798825412, 130.96990498944362
4.024300625298094, 85.22945927562498
78.65609594302279, 197.15355683101598
73.18073884637734, 177.64267841008376
31.994145264203855, 75.22335704652812
23.409033799025323, 35.84852655700903
35.0712763035837, 5.393350748579162
70.87942762856927, 151.21505372662705
18.26631853895654, 144.3568423363617
29.49978587353783, 193.6579101642217
42.74987749126716, 177.97410784269277
37.794988385212605, 6.957247197654959
93.09469028226619, 11.642514290274963
40.465236649897015, 62.836261328992116
62.34457434729068, 2.3989651503667053
38.48977578757582, 68.530478635627
49.779913736317894, 171.28222414586918
163.47395193213305, 42.21091286703689
132.1781398996614, 164.91167880914404
103.46530717445623, 128.08977692169924
117.98413411626599, 117.13057812807384
194.10666274278827, 140.54864233827348
159.81750225927732, 140.83558547387747
132.99192607667308, 51.71358325561821
105.38164255317632, 63.58322379202346
186.38331200369691, 35.784861643845844
166.66564081592156, 116.80368761625166
143.203256127293, 18.86406061173991
163.03342825947453, 131.42904973322726
141.35055462023792, 120.64017275512555
115.53416440492441, 189.09770791036124
132.23619421625682, 160.57359934212872
170.49159106720595, 181.12625739480416
112.78400307869929, 24.199909645518257
191.62368235138538, 62.028914283322734
163.46236916932875, 72.61016104594174
165.41645825000336, 105.91209573714997
136.1805220709214, 60.16152775255139
120.1874797715105, 109.81316396342262
161.71279678181907, 157.2626736930675
131.06635104238148, 12.781276718484747
123.70997103867587, 83.74368642981361
129.21168438340152, 23.250108005024494
197.98579510480286, 179.19321254821207
166.08995075313564, 147.53700586080038
173.67591489004494, 158.08899220852604
143.44250556970687, 168.3499952565225
144.25754002174156, 32.68074095392588
117.45575744375334, 139.76397625067904
186.82276511153276, 122.57953465437137
137.6576378552472, 12.181620771249225
181.9999041797985, 126.12852546521032
110.45464989870753, 93.77963052780063
167.8882982477706, 109.30462496838105
157.17308960192827, 57.83785483522035
130.322185434546, 43.28504033515343
173.38060654607344, 59.99024132357251
135.77275920064938, 27.166640646950313
117.25312142300591, 82.01210940947243
152.12067962410063, 77.12014722841458
149.50789797187392, 131.35622200881227
128.61313869475867, 111.56050536049023
191.9487772484071, 179.24135228051935
105.73493446073353, 185.01331522648746
113.64651348438376, 75.68002747022385
118.0144898100102, 73.67686494059302
116.17300308480915, 99.66338542588144
161.7681983284909, 196.85857749850882
197.8195028028998, 126.62255543548702
120.77488096928744, 21.33882836221044
124.07439563257768, 148.92430024680186
168.3686798753696, 59.278144732151425
186.98874804781144, 194.01264372731004
187.33830534791238, 173.20498653005677
183.82272697514918, 90.88885944115891
182.13426726380783, 146.49685192711456
179.19168503899374, 10.136458671094783
159.91404981291453, 167.90504005229272
136.9384860652258, 163.6695080464361
119.80957818999346, 170.98722051380298
168.18866753117115, 113.94437842322871
188.10477105972964, 85.97009936157039
153.78898351546403, 23.936264603596747
185.0556213740726, 146.64977425579764
150.80355844204502, 84.92134737200792
185.154633922048, 163.59762731598042
194.64202885113832, 172.75581402075193
117.15456706119902, 182.19660570462779
100.36964122618981, 40.247288616395124
153.30884009578884, 136.31429735881795
101.76190988591067, 169.35876742716118
175.80341174180788, 115.31490336778494
100.9371230243531, 38.28411506351716
170.77702542748597, 168.95014918380772
170.79619601239358, 108.38237418233936
108.93451139520579, 36.529564300189875
182.28952201874563, 44.537772082892644
