112
69.92637667862499, 33.36509068105742
22.118281033734235, 96.87624089126976
5.097933376340924, 178.31055572468583
83.18393335796645, 166.44878243590102
37.491993956932056, 45.694856941087124
51.99864584670958, 170.06216242338138
49.47709079294946, 175.5602623517954
73.31657285822709, 3.4376280896531997
74.16658213914612, 194.7226251669651
84.90665442353935, 182.7692269009018
91.83046881899128, 77.56460094570774
20.236312357318287, 68.35094427850386
86.56724616193642, 4.923768462147415
74.50247026934161, 84.86081171790816
73.43956636150476, 40.44602418705059
82.40596508186019, 173.50530093687618
52.691960620315236, 126.808224551233
68.33845030546264, 187.53205814262097
79.63402511491435, 176.63942725218732
63.33523442878896, 194.50389036679866
21.752683161668106, 9.077814065300416
14.037374047199535, 179.63913802787673
49.957516079945066, 15.644593150647722
16.08889965685476, 97.43350237484105
76.27459480446642, 81.0871251901251
61.300373813635225, 148.39546935712048
30.040787522211655, 54.61027630243478
66.04953442023358, 72.54342688760292
87.11063175386936, 131.65299527646047
65.29351250784795, 49.400579232333655
55.89438082509412, 194.53824329029362
3.336145383034772, 183.42790710680282
195.2067521870518, 21.80135668786356
154.13243439045172, 71.31054218268528
130.073623321375, 33.36509068105742
182.2042926644583, 110.44950560404358
163.62849427477417, 52.00061492492527
115.01238560529353, 154.52235870640789
195.0228528795799, 168.35700850753017
161.14632307654102, 186.4619456004227
140.48240462408552, 178.0207242094964
177.88171896626577, 96.87624089126976
194.90206662365907, 178.31055572468583
116.81606664203355, 166.44878243590102
122.88201082090339, 197.90993514958805
174.0408146052844, 132.3804336495329
199.15173559225425, 134.75260983578934
196.5318743058594, 167.52274714364017
123.66398400394662, 48.130578940305924
133.27631388252166, 193.81677758193945
185.25371809071967, 7.7201833001399045
108.09228984328632, 125.45460035217617
114.21899323799742, 147.30268404077046
162.50800604306795, 45.694856941087124
148.00135415329044, 170.06216242338138
150.52290920705053, 175.5602623517954
126.68342714177291, 3.4376280896531997
125.83341786085388, 194.7226251669651
112.44382041395706, 183.90842794954847
170.2606522148228, 64.4352821681698
115.09334557646065, 182.7692269009018
108.16953118100872, 77.56460094570774
180.14871107396795, 123.71634047361863
179.7636876426817, 68.35094427850386
186.2321662966748, 102.20623813165317
113.43275383806358, 4.923768462147415
118.6125702118875, 62.77175459050876
198.63799255457522, 56.609734772540406
125.49752973065839, 84.86081171790816
159.47352788475715, 115.3525574306945
126.56043363849524, 40.44602418705059
117.59403491813981, 173.50530093687618
105.04471215622391, 75.83091411308098
105.00331378052353, 115.89060080261955
149.7181669097467, 156.54401259513398
147.30803937968477, 126.808224551233
108.50219199785461, 175.49569167411522
170.63885423025653, 101.39394259292946
154.00874008370874, 3.2251945847050267
127.17960990723053, 132.0810698797854
131.66154969453737, 187.53205814262097
144.7561368296592, 157.94200336165838
120.36597488508565, 176.63942725218732
136.66476557121103, 194.50389036679866
126.28910708567535, 62.78209746699215
178.2473168383319, 9.077814065300416
107.92347565436582, 118.473846517583
185.96262595280047, 179.63913802787673
150.04248392005493, 15.644593150647722
172.50760981586325, 42.309467959314674
183.91110034314525, 97.43350237484105
176.74282892994802, 171.6066164151004
123.72540519553358, 81.0871251901251
138.69962618636478, 148.39546935712048
169.95921247778836, 54.61027630243478
142.93614009657142, 164.96341171672813
187.13812188723, 110.06259782060025
100.79408876806755, 54.087245435345885
133.95046557976642, 72.54342688760292
120.6437918517427, 189.80178823529815
123.78312467889641, 28.610944005200768
112.88936824613064, 131.65299527646047
134.70648749215206, 49.400579232333655
148.2153529634554, 64.05430667341325
148.9048943330187, 92.49752648254486
144.10561917490588, 194.53824329029362
171.59060984223683, 57.36480386518146
196.1304770067697, 158.1626949527172
126.21192762906593, 172.53749879818324
193.73896925390798, 138.65706490615713
196.66385461696524, 183.42790710680282
102.42284283283935, 115.23241609128476
