128
88.78412288293782, 150.1000968122742
77.34148069401351, 112.46615585885284
75.64424927369637, 76.33132872831814
28.790337735563387, 192.36296721735746
89.14360372382752, 174.67151215502784
83.54771500555573, 157.89013897845658
16.10390064688193, 185.20129000570373
41.22782510622861, 68.3391055059507
63.13245338798418, 166.58181689934452
7.52476240802512, 118.14268917984698
7.614271251988325, 159.71478027968516
6.6300333319416875, 63.31063031306567
16.672180981770733, 144.72188403584175
91.73630501391304, 65.64793149814736
40.9256441920092, 96.76128678851595
66.0738184995305, 103.47071968162741
35.39054570372087, 90.0678512396702
75.6406963401437, 12.936077116442624
93.05687122091445, 83.11318101505381
96.4117384892682, 137.2495171016426
11.728984509804041, 139.82200048049106
96.95218354912379, 112.70014044935559
98.86554024078707, 62.05923145566761
32.56468988354448, 37.11721527986638
51.0319736004567, 52.111775483365804
88.90010922816845, 191.27746941319984
32.87158343173192, 48.88823052195255
32.431132406337184, 46.31145062045996
7.235384719711613, 22.13335681997495
23.3511504466695, 23.01536545176941
17.152948527741163, 87.79611619619139
38.46628884101655, 79.75129970197767
3.268170577314966, 191.40160661390132
36.82463275888877, 158.1145413596245
34.48509889204352, 4.566735870716587
43.87218563260357, 139.56715295497239
31.216150857152737, 157.86524767966307
61.293242526372346, 129.7823988277845
36.677268111774275, 180.21702331607824
39.52332178184509, 170.3755565626188
45.47677926161797, 57.4411556189641
96.11157821033348, 28.16369245230024
45.259415128565294, 74.54932947042462
12.834808186682967, 102.49187537577001
54.60178706530602, 185.36896709330247
34.81873987380679, 117.29221573144804
69.54545665908972, 162.11193000820344
10.796360919359028, 197.20169716661232
111.21587711706218, 150.1000968122742
122.65851930598649, 112.46615585885284
124.35575072630363, 76.33132872831814
171.20966226443662, 192.36296721735746
110.85639627617248, 174.67151215502784
116.45228499444427, 157.89013897845658
183.89609935311807, 185.20129000570373
158.7721748937714, 68.3391055059507
136.86754661201581, 166.58181689934452
186.67037232036955, 23.31052177226136
192.4752375919749, 118.14268917984698
192.38572874801167, 159.71478027968516
193.3699666680583, 63.31063031306567
147.89126978356433, 26.852568213433024
183.32781901822926, 144.72188403584175
108.26369498608696, 65.64793149814736
159.0743558079908, 96.76128678851595
110.65317313000995, 172.02566836505088
192.74331001984876, 140.13336072146225
192.38480544465455, 161.66186793584822
133.9261815004695, 103.47071968162741
164.60945429627913, 90.0678512396702
178.58077725297343, 3.634648619616554
159.24152008898614, 93.629963444777
124.3593036598563, 12.936077116442624
102.15459574325074, 6.946296596390167
198.13889541356048, 182.1825921021347
194.93120299202906, 49.22941952417694
106.94312877908555, 83.11318101505381
187.92362791013278, 174.32663262494813
188.80048898154416, 10.331269088103712
151.1951482729656, 8.036525358828328
108.68867638580502, 33.43801268407187
103.5882615107318, 137.2495171016426
188.27101549019596, 139.82200048049106
171.98378466532574, 166.6385995947301
163.243862555788, 14.914225682381211
103.04781645087621, 112.70014044935559
117.54129433928392, 8.437434800088273
101.13445975921293, 62.05923145566761
141.62149200148002, 21.558412691165564
167.43531011645553, 37.11721527986638
138.44974619898164, 133.5975764568303
148.9680263995433, 52.111775483365804
111.09989077183155, 191.27746941319984
167.12841656826808, 48.88823052195255
110.88173450474514, 124.84306521813548
195.85495488984748, 54.220754209036826
184.44472958840984, 178.14679005693267
167.56886759366282, 46.31145062045996
192.76461528028838, 22.13335681997495
176.6488495533305, 23.01536545176941
133.6061145913264, 99.14947252553034
182.84705147225884, 87.79611619619139
177.86593798835867, 78.38378978718512
161.53371115898346, 79.75129970197767
196.73182942268502, 191.40160661390132
149.17284576625696, 72.9384812929468
193.83318307864738, 35.70875230210599
163.17536724111125, 158.1145413596245
165.5149011079565, 4.566735870716587
196.83726058884886, 197.47735002333255
162.44380567010404, 10.134101362419434
121.69888497616152, 198.04090423928062
156.12781436739644, 139.56715295497239
130.56188376331357, 159.6775345621997
168.78384914284726, 157.86524767966307
138.70675747362765, 129.7823988277845
163.32273188822572, 180.21702331607824
138.5259317140353, 53.45512484031827
160.47667821815492, 170.3755565626188
154.52322073838204, 57.4411556189641
103.88842178966652, 28.16369245230024
154.7405848714347, 74.54932947042462
187.16519181331702, 102.49187537577001
145.398212934694, 185.36896709330247
133.80025445150324, 190.68085175833343
165.1812601261932, 117.29221573144804
130.45454334091028, 162.11193000820344
189.20363908064098, 197.20169716661232
