160
27.329570572843785, 31.526366881899115
1.0878586342296046, 56.87477008866294
88.46501643863415, 162.28872272964395
91.44795615425227, 192.9429590793649
80.29472550635337, 144.7519440347184
71.24989999974248, 71.39086896600497
6.8508111423730895, 42.41579671915358
8.031165135974039, 162.76128279677283
68.17547833308066, 2.043084130161013
45.37773672212795, 196.21043242817478
36.19983335613466, 158.85940782236852
24.667542248265086, 139.71617033330278
25.449559313340504, 1.3466356218334994
42.52864656415486, 89.98994544189762
91.81917442979052, 186.2778656858686
82.3793833299607, 116.12921526685604
76.47686156356993, 10.21847143083554
55.87825455742491, 16.0239185033618
9.786742962329086, 151.42205686631607
40.09246224079194, 123.66793549443658
50.19141800660839, 103.4757162396089
72.1831251904222, 100.00660005890613
20.987915458751957, 60.779869441362976
22.516330030276805, 124.01121071846617
24.616044429667895, 106.73371922686181
84.51370708317728, 81.79662131168935
82.28898799692617, 63.5927858399997
66.6728999118687, 61.80771715240756
18.634413172363068, 3.6889181255390042
0.6731571943532728, 49.83589052604583
46.45131495000873, 146.63576257600502
9.748974683273538, 52.06870023652126
17.579303654982983, 185.81540015654306
98.00951991008995, 17.515932741103747
36.961037331180336, 87.80193948719638
91.402021029829, 62.19842287164508
4.704435448633115, 20.20740978150135
51.086475402374006, 109.29574854239512
5.573206729305513, 72.0978683529547
83.42232685140522, 140.28087184264635
44.81852314277561, 67.22129168993322
44.90741647911104, 40.53065247770893
9.603577204386085, 162.38121872271978
92.78645092995312, 135.69732775000787
68.68966913032081, 110.04857173218758
87.91960482791, 137.1249301365601
11.580547552816817, 71.72965474775928
12.425617242236598, 172.091310550502
46.23378084737229, 107.60472414365859
62.569227398145976, 78.56370860688997
11.518390117258747, 174.8550757199189
10.168525292383556, 136.69635050100524
36.923495700523304, 69.76007903735969
72.08122096772766, 116.10974586356406
79.1057228628537, 58.569147512228284
45.60209146375148, 159.98899920362544
59.644989379052426, 49.13094928274009
82.50056910732266, 134.26168344146856
68.7309446247029, 100.51177833383716
29.160259634957697, 50.917406183736524
95.16635653738072, 11.049846222688858
81.92840906669444, 161.19057493176393
47.250045319107414, 105.59999685013571
36.091920825097986, 171.51236339928607
57.1819107182646, 119.42606072876542
69.4185530914601, 147.25050776350173
42.40342717260626, 139.6564024650413
48.60261351879397, 97.83641580828717
26.95842919840072, 88.18558902842871
42.86983410938235, 85.27527122104819
75.01186085606153, 193.34683293399019
58.52483985792197, 120.78338567844344
55.14370437981291, 139.59315860812478
54.958774793749, 149.142606801908
7.972009801927953, 95.70048260086807
47.682156777481154, 199.45704283143948
67.6645379939015, 5.954858387045059
74.51352869972456, 94.19208780356405
47.96557286204667, 171.8065043642416
53.032087748157565, 62.68045531370669
172.67042942715622, 31.526366881899115
189.94890030829873, 56.927884782853425
180.9959217742886, 198.89809966373207
108.55204384574773, 192.9429590793649
119.70527449364663, 144.7519440347184
128.75010000025753, 71.39086896600497
183.739003466484, 98.74826695213991
191.96883486402595, 162.76128279677283
152.69057513728796, 61.34043386789405
154.62226327787204, 196.21043242817478
163.80016664386534, 158.85940782236852
175.33245775173492, 139.71617033330278
170.1054121587475, 22.015011868161594
157.47135343584515, 89.98994544189762
108.18082557020948, 186.2778656858686
134.0132541350528, 187.80591863751533
123.52313843643007, 10.21847143083554
144.1217454425751, 16.0239185033618
190.21325703767093, 151.42205686631607
159.90753775920805, 123.66793549443658
149.8085819933916, 103.4757162396089
146.89680899405698, 88.29964513457797
112.03246902078688, 111.86546578346118
130.94726121670772, 64.06619622886234
175.3839555703321, 106.73371922686181
115.48629291682272, 81.79662131168935
117.71101200307383, 63.5927858399997
133.32710008813132, 61.80771715240756
120.27911223645734, 69.43974746327103
147.86944487909614, 119.60599562194274
153.54868504999126, 146.63576257600502
190.25102531672647, 52.06870023652126
168.16736569494822, 155.26451699613438
101.99048008991005, 17.515932741103747
107.65534510359248, 7.829919107082062
108.597978970171, 62.19842287164508
195.29556455136688, 20.20740978150135
148.913524597626, 109.29574854239512
194.42679327069447, 72.0978683529547
116.57767314859478, 140.28087184264635
155.1814768572244, 67.22129168993322
155.09258352088895, 40.53065247770893
166.98643119413515, 192.71382763100618
107.21354907004688, 135.69732775000787
196.11571209501412, 133.94953751773699
112.08039517209, 137.1249301365601
161.84340148793382, 54.16276555906647
187.5743827577634, 172.091310550502
153.7662191526277, 107.60472414365859
137.43077260185402, 78.56370860688997
114.97220703973886, 141.1925774390044
189.83147470761645, 136.69635050100524
138.66467884651735, 102.08714359785544
179.33517728315923, 183.54296264127376
120.8942771371463, 58.569147512228284
102.66180162974227, 161.3493674626264
140.35501062094758, 49.13094928274009
192.29860809168784, 61.225996498510284
131.2690553752971, 100.51177833383716
170.8397403650423, 50.917406183736524
158.72484848009628, 3.2064605975975713
118.07159093330556, 161.19057493176393
162.26229185766513, 127.48743193942333
163.908079174902, 171.51236339928607
142.8180892817354, 119.42606072876542
126.14693805476682, 84.52949491843036
109.44143650058521, 81.5594114502017
106.82650886087035, 31.81196589568995
178.54050685144483, 46.53845308914859
157.13016589061766, 85.27527122104819
124.98813914393847, 193.34683293399019
115.88305162436048, 186.42382766685643
144.8562956201871, 139.59315860812478
145.041225206251, 149.142606801908
112.83378199853846, 30.037631357890326
149.57490278428554, 171.17193230911582
132.3354620060985, 5.954858387045059
125.48647130027544, 94.19208780356405
138.96587176732237, 125.04568697599643
151.03861450247607, 118.04976701823374
