240
4.0942179066979945, 113.97778618504977
74.98302354302834, 85.156940269839
60.63717485254425, 44.601681184304255
52.15121192218957, 21.954414781524466
73.13726126168199, 197.28003371985483
43.89076741737165, 43.62036630492714
50.484583262169345, 144.3711229054782
6.558109876652951, 98.49390587121651
49.338303182798185, 175.6019526904834
30.09013405113522, 188.85143837287032
38.622971862759684, 35.92598018996909
43.6480090871341, 110.26182202596719
4.056057466400153, 105.4270558498809
24.300945939004436, 44.70340582218066
98.50048465881301, 60.06712299135544
93.25790052797018, 114.5715135976013
43.85971217742299, 129.8264440673908
49.86844922973579, 163.62490292066107
9.904940981637122, 159.16165587120656
65.93386799955297, 143.38115820423232
22.50021371148392, 140.9319604478227
76.60696905524404, 62.029451714546965
99.8427569462104, 9.727864806008402
59.031893153119356, 198.9254417698032
94.72838305248729, 61.34975429623235
18.64096869534557, 106.10785860458473
97.02667798318944, 119.37194433259006
79.38966235285636, 53.96012159607588
58.31565674715481, 98.84875001025719
95.5189550586899, 171.82419166901263
28.56633177015847, 20.192907899363966
3.2124644240628664, 189.43772239091857
7.771681628627858, 170.5323101260126
77.22917083353903, 165.1131500163929
17.82557269822992, 165.1996360051919
13.080350850477585, 143.31966609772667
36.230731444509075, 180.9854499472161
61.11459343680649, 35.045256074787815
53.42347346980028, 89.46722782441068
16.910637280424933, 106.14033846337266
42.69136287249686, 89.12869507775657
51.86713314758873, 196.82094317452342
51.187437245692834, 80.36426040038951
56.873035133450855, 144.38373380918256
44.62380802986284, 83.72747436606826
31.552454988081745, 70.92617913198265
91.15139953298639, 136.30527732937534
39.04186230711354, 64.88786187125955
78.65003054786648, 49.85939055095447
16.496330193865617, 103.41778291314955
65.82969031981908, 74.72828165140616
6.054761260613317, 158.04916846821874
54.502556390234766, 25.77431373097603
39.552156188466704, 155.5495915775761
88.86865276678489, 44.666236531509426
24.693253204443245, 55.90765941690987
24.128187583571126, 118.01864049604194
38.10806301055054, 88.46567789210256
74.97635841038283, 194.4061769686246
38.503390457299325, 135.92657063515924
59.01031750842992, 70.56422127129862
63.34976711073471, 76.73973529894364
30.077025183467253, 22.53418696808196
14.394227916539815, 76.9058326027808
16.05694170976889, 155.17116222126535
36.62748711902011, 71.27730706551938
74.83044259519991, 44.99982071992612
47.02686766533509, 146.642548296202
69.13055228502654, 61.770325316664554
71.59375500422786, 145.06811703486576
46.01528650961655, 45.391175110600024
48.69470673049376, 46.79225857281419
83.0395295829278, 177.2540927255488
68.06613820507448, 7.773797172234631
38.827437173609816, 104.10952903915411
32.303288763056706, 175.03581877173178
76.43744086972308, 39.910519684858656
84.28040577953966, 80.61381860813464
54.89941193541667, 144.5490810411754
23.24119860265218, 94.99255725371678
54.15754751825512, 105.18568114425393
94.07981192040721, 93.76606716513054
17.525771228467935, 135.13310893579018
70.55867486174307, 187.2601340738114
89.8247526279376, 164.38287699599164
92.10349461155359, 6.51246444442839
93.55958791534404, 7.784721547167761
24.686572409456165, 74.21806218425576
79.09311090661684, 35.92142985774866
71.61381794398739, 132.04873971999186
17.42864725964328, 107.77438200983585
9.795397983285492, 44.1848028537492
4.707274717116638, 93.5270464629561
71.3132395808604, 90.49554733194964
39.28105877566309, 98.0967722240781
49.610534099208216, 83.56453702974586
48.356409905913544, 73.89186106408509
63.78813663157062, 62.736420991279985
5.224418653318774, 185.56512629230375
84.8323605160758, 114.76225869273422
27.59995753164293, 162.99916392307728
83.26139588861795, 197.5807242118877
83.84563114932195, 82.50305227407375
39.49352412474124, 48.707028572436805
15.08466365324943, 15.174095498613905
52.23700354777772, 97.21874482583186
22.236447139621106, 3.036092180590666
34.04755135331864, 128.47896111184707
83.67717961238581, 168.94144988409053
42.75763601722387, 19.752880711272592
74.1315351882358, 69.62327534333888
53.323772656515764, 6.904776839884552
78.5898454126752, 131.73581420481239
0.3927183954351654, 89.96726852284473
27.743931094944195, 49.2960595338906
23.565900522897966, 173.3925468422325
1.060972109976066, 128.46826165737355
80.5250892433604, 10.63212133860918
59.752516507489894, 117.27575695335916
74.90762403095019, 75.20480592748065
76.57928820704288, 104.12644046462857
2.844967341119642, 184.17710349250623
27.987033625750946, 172.8355391289783
43.51302087636115, 52.42596520550382
79.84694427480765, 111.40828081691181
85.70173774578961, 8.89295967785464
40.94497400133703, 22.016271917202033
86.2759541880971, 161.164938096369
0.4056019225925356, 116.94033895758305
29.186511539067194, 146.3018811074964
68.56832231875538, 133.31300203263314
59.82750629043757, 124.87992568848637
18.872234791912955, 9.538529562581344
23.449306183096073, 63.102923799555
78.32812388199851, 63.61746691953316
37.44267928535259, 59.91254477156782
20.31605304452905, 37.16151114365201
48.38982755464421, 19.678590438751442
25.164503734983168, 57.79542183983744
5.245278265016873, 190.52406688649728
18.921228669316903, 124.3031299904593
97.19465038095986, 191.02454167659232
6.457187687122246, 178.04822890509004
92.1215308893068, 124.88600130409455
13.261550343380025, 23.060157861839038
12.969853645576867, 63.82127713913013
81.01432397976502, 35.44191913863195
1.067654477779978, 95.30869520507441
7.452469480436519, 95.83628269669673
4.2928642616185115, 158.27285849208295
48.99934822407194, 177.2148150833766
37.192297044641975, 162.85871679080117
16.790193949506648, 27.630418208988683
56.37961663784504, 90.37948567276581
81.9501544992696, 74.61534215638525
26.364399511378544, 195.94569644345364
92.32159793426132, 118.11109145885888
9.922216222043911, 114.3369653460865
20.502360721473277, 62.736968172554256
25.109219768729073, 134.86704032391285
195.905782093302, 113.97778618504977
125.01697645697166, 85.156940269839
139.36282514745574, 44.601681184304255
147.84878807781044, 21.954414781524466
126.86273873831801, 197.28003371985483
156.10923258262835, 43.62036630492714
149.51541673783066, 144.3711229054782
193.44189012334704, 98.49390587121651
150.6616968172018, 175.6019526904834
169.9098659488648, 188.85143837287032
161.3770281372403, 35.92598018996909
156.35199091286592, 110.26182202596719
195.94394253359985, 105.4270558498809
175.69905406099556, 44.70340582218066
101.49951534118699, 60.06712299135544
106.74209947202982, 114.5715135976013
156.14028782257702, 129.8264440673908
150.1315507702642, 163.62490292066107
190.0950590183629, 159.16165587120656
134.06613200044703, 143.38115820423232
177.49978628851608, 140.9319604478227
123.39303094475596, 62.029451714546965
100.1572430537896, 9.727864806008402
140.96810684688063, 198.9254417698032
105.27161694751271, 61.34975429623235
181.35903130465442, 106.10785860458473
102.97332201681056, 119.37194433259006
120.61033764714364, 53.96012159607588
141.6843432528452, 98.84875001025719
104.4810449413101, 171.82419166901263
171.43366822984154, 20.192907899363966
196.78753557593714, 189.43772239091857
192.22831837137215, 170.5323101260126
122.77082916646097, 165.1131500163929
182.1744273017701, 165.1996360051919
186.91964914952243, 143.31966609772667
163.76926855549092, 180.9854499472161
138.8854065631935, 35.045256074787815
146.57652653019971, 89.46722782441068
183.08936271957506, 106.14033846337266
157.30863712750315, 89.12869507775657
148.13286685241127, 196.82094317452342
148.81256275430718, 80.36426040038951
143.12696486654914, 144.38373380918256
155.37619197013714, 83.72747436606826
168.44754501191827, 70.92617913198265
108.84860046701361, 136.30527732937534
160.95813769288645, 64.88786187125955
121.34996945213352, 49.85939055095447
183.50366980613438, 103.41778291314955
134.17030968018094, 74.72828165140616
193.9452387393867, 158.04916846821874
145.49744360976524, 25.77431373097603
160.4478438115333, 155.5495915775761
111.13134723321511, 44.666236531509426
175.30674679555676, 55.90765941690987
175.87181241642887, 118.01864049604194
161.89193698944945, 88.46567789210256
125.02364158961717, 194.4061769686246
161.49660954270067, 135.92657063515924
140.98968249157008, 70.56422127129862
136.65023288926528, 76.73973529894364
169.92297481653276, 22.53418696808196
185.60577208346018, 76.9058326027808
183.9430582902311, 155.17116222126535
163.37251288097988, 71.27730706551938
125.16955740480009, 44.99982071992612
152.9731323346649, 146.642548296202
130.86944771497346, 61.770325316664554
128.40624499577214, 145.06811703486576
153.98471349038346, 45.391175110600024
151.30529326950625, 46.79225857281419
116.9604704170722, 177.2540927255488
131.93386179492552, 7.773797172234631
161.1725628263902, 104.10952903915411
167.6967112369433, 175.03581877173178
123.56255913027692, 39.910519684858656
115.71959422046034, 80.61381860813464
145.10058806458332, 144.5490810411754
176.7588013973478, 94.99255725371678
