208
83.85118386112896, 128.25787546160313
16.11376857115191, 43.78738125675696
74.69931791212012, 110.59062186077233
13.243832801452204, 11.586395841917497
89.7111458773853, 101.47068680780647
60.94762700972874, 47.00793358469482
51.483722857630674, 168.83381354733297
73.98625730776625, 58.612964579914774
31.005515373709358, 63.08023229777977
70.95864499811783, 29.077542107220534
13.356489407997374, 183.34171268466392
99.82337963234764, 127.99888464248393
95.32825324757772, 74.61395517512368
10.006088488543583, 124.08701233050598
33.63825827338608, 162.8874748319465
59.60346811464157, 103.98912490554086
66.34446059834583, 14.75751608206437
27.52644817096983, 140.34043120533556
21.029201296975117, 48.38295126565865
77.90676477573358, 186.13846929476233
38.335051622828644, 184.29662947371978
26.31362525023523, 114.41060132539849
69.7533219785341, 88.56959187799859
77.6364665978215, 112.55518526371176
82.8615820039136, 62.6434970548024
71.68596272377185, 76.38377526073248
12.05959340918843, 57.12602400467581
10.391694672380225, 194.28540947124296
98.73829332712187, 65.88615851341179
82.88954818537997, 144.31952441695265
0.9072811131274885, 80.29234914747741
98.53393423684851, 68.96659582995133
37.53595362616972, 189.19453388679915
11.519102439201356, 109.44819558412915
32.52901200369501, 56.291582197318036
33.44821870129964, 114.31589974594851
82.63841746431002, 22.165218837815658
76.44408950899104, 150.81007599045662
4.844478819898555, 132.09423074319764
35.28900016958897, 156.89902934292948
98.47218268028604, 158.51930977729336
4.6044068838138905, 118.96596398962951
53.516575670073685, 15.316905902028676
43.20285975508653, 121.14874899220668
28.82867741800556, 36.83719653779332
35.935970338105804, 71.83861571286972
15.778428396617583, 170.92216538276512
52.16416319926049, 121.83389560711578
55.39044543887899, 134.1723760805026
93.47470813916702, 154.07618688424583
24.47697360748905, 145.87843373688256
66.51893698509333, 53.24097729270035
28.66766656913161, 187.3058323746215
9.754324890742453, 74.16264387160629
53.14550069514499, 97.67598686889113
12.05944827764025, 39.93298895409007
6.243240019900065, 126.74403061988524
22.563471268702717, 95.25399020497183
96.76978692673019, 131.8914852892047
2.090964200258746, 178.30058211223573
79.03565677361945, 13.781135487001084
2.782606338844726, 176.80523146668247
12.13804945579389, 106.86760877344737
78.54085309315845, 31.811403094212267
26.394810214766572, 147.63034291678372
67.2538121313476, 130.9346290175296
30.549993963678435, 127.43467322158419
4.511113948476591, 94.64683688379519
60.99251573702501, 22.486449397705677
17.90039121830486, 179.75368054156084
55.364854637474465, 88.36411663609572
27.124895306379415, 1.8113765731131215
52.0579462950809, 12.120744217919643
89.45593141366844, 50.314448083897446
64.13168732940889, 131.7628643841928
39.209556431517, 80.42335810241119
32.32884204411103, 106.15960811683962
36.18045520335181, 27.099635331831063
83.9312329814947, 191.6658794699006
45.56101949131731, 79.57643686986735
44.374926712878974, 126.5262059786756
91.54383274515524, 83.18094284632593
52.80912812515892, 23.700406566987596
87.69547498488944, 183.17227282203348
47.59591655374694, 98.35379186913018
35.04238626173042, 12.29246128853001
39.567866773513686, 124.10445696473711
74.42351894757452, 171.91965295442284
32.0130716178961, 104.42138992947395
10.846103888062043, 148.39156709563267
24.818190211002232, 38.02190753694632
15.786809532287926, 53.53417014301045
66.4550627989536, 105.14182244293238
22.818010796224396, 134.90122837721185
56.66846216127313, 189.5281311203652
69.62393931889447, 108.3390849261052
59.89300036319787, 42.58535285562428
93.08588192553296, 185.66747805598652
4.791998476843384, 180.23107026331488
43.38698703525381, 48.43792079692748
37.83144455135626, 159.3184126615297
58.525817202170586, 77.27659347344067
96.36472993024108, 63.99575837875913
7.689755954657274, 149.57108348627378
64.96150437289128, 87.29986316328171
67.5201373954593, 94.91611717379924
61.25059965193862, 7.8763907457570115
81.79745336150847, 35.30299671356947
33.73757664949147, 171.71818367144004
37.30862383733812, 60.62848986654412
29.387006462816245, 191.29339513849848
13.020060140805256, 126.69328971688061
82.04641396139972, 185.13527684686875
79.04301035132734, 64.82265068536988
14.604655783526665, 105.53819064350888
32.12157627651102, 89.86155535691537
48.381173357248954, 132.2192991986378
22.91940389358247, 2.254308643359648
62.5739280222015, 91.07812699674544
4.80224177964158, 52.26506809082192
29.20777363386362, 94.00611603135663
3.323052001732907, 152.59364238005716
98.82747330877974, 98.45101883307777
54.177814318642184, 107.88011357334344
78.88021785716994, 80.79359848984373
56.94964636613935, 4.7045106343877485
65.262167078873, 158.4193811898492
87.67184021135888, 159.13403113967973
118.84485098040328, 122.1544426087428
140.551144473978, 64.71306008349616
125.30068208787988, 110.59062186077233
186.7561671985478, 11.586395841917497
188.26377574559027, 148.92833000027764
139.05237299027127, 47.00793358469482
116.40460943845777, 170.0044577077799
134.46210590760813, 120.50236391228472
168.99448462629064, 63.08023229777977
129.04135500188215, 29.077542107220534
186.64351059200263, 183.34171268466392
100.17662036765236, 127.99888464248393
104.67174675242228, 74.61395517512368
118.60632030903199, 44.25859349404535
166.36174172661393, 162.8874748319465
154.17301203602187, 136.79151708064242
133.65553940165415, 14.75751608206437
124.51914071366767, 165.16972794948762
153.72337423619317, 122.65784685407226
121.57415764906955, 172.88551403567897
161.66494837717136, 184.29662947371978
173.68637474976478, 114.41060132539849
149.72838626618181, 78.20234400627604
124.50194599955444, 171.2529237664084
194.4578293087969, 112.49094645307567
128.31403727622813, 76.38377526073248
187.94040659081156, 57.12602400467581
131.28453998498696, 152.35271143736813
118.12974430714242, 25.51792777391877
117.11045181462003, 144.31952441695265
198.1672187468596, 111.78287837916096
130.27954276941347, 10.789100751435177
159.42175680177112, 152.79745897447694
188.48089756079864, 109.44819558412915
196.6628141755457, 75.17880698911353
183.55072968311492, 184.32296692775637
117.36158253568998, 22.165218837815658
123.55591049100896, 150.81007599045662
140.19020761996717, 193.58855890134294
150.51797317633722, 154.28237717361068
139.95103747319914, 79.93910584644696
174.26427784481305, 189.822222448209
146.48342432992632, 15.316905902028676
154.50156482149725, 172.2818823232941
148.74597632431673, 57.86324982390714
107.59479816014323, 74.89974626088897
184.22157160338242, 170.92216538276512
147.83583680073951, 121.83389560711578
192.73594924954503, 68.78987203001434
133.89933587201654, 74.7961969594516
174.18620323044243, 102.36065069712592
162.43165894413795, 25.756982230514236
171.3323334308684, 187.3058323746215
166.4264365497614, 40.73594480873772
171.02217540484605, 51.97216136291698
142.92732775673184, 77.57577861464382
193.75675998009993, 126.74403061988524
177.43652873129727, 95.25399020497183
150.7826840406849, 187.5037927526665
148.24131667830628, 119.96489930100122
120.96434322638055, 13.781135487001084
187.2974400252275, 196.47887546890576
145.8130805518428, 183.1466188701676
121.45914690684155, 31.811403094212267
147.30231225262023, 96.72160056669381
175.888197819669, 169.07942279684025
169.45000603632155, 127.43467322158419
127.34832439429564, 130.38301145832182
139.007484262975, 22.486449397705677
164.89746779597962, 142.28565859882045
141.97636134544368, 139.93422809000532
172.87510469362059, 1.8113765731131215
138.15257469227836, 2.9703824919103505
110.54406858633156, 50.314448083897446
107.65611782698295, 137.2217937867852
182.63156492810066, 57.34893907311947
189.38872600837902, 42.84693234745154
163.8195447966482, 27.099635331831063
116.0687670185053, 191.6658794699006
162.24039064980605, 32.09339455860763
