176
59.87186976669857, 169.50893490221847
41.29845223015055, 114.08244620992154
59.39954132371456, 117.8289070382886
44.37654291803249, 121.2283398481883
33.015422961579, 168.09035115210855
7.8553515115720955, 78.86046011155831
51.59721833400847, 192.36538991774478
94.20584495356633, 150.16427882491197
97.93047398075512, 164.0690062493755
65.31180507082054, 180.0087354251935
42.90764927010058, 54.887974153282485
95.14237789534744, 21.00733975824327
43.981794957011665, 175.5585112377525
98.02075722793776, 105.25893506278416
60.19091586272629, 126.57774951792334
37.47851426883725, 110.75981010622904
82.88649905845736, 123.92678496033582
51.13887969376165, 169.7483324374266
0.7183764477827315, 94.32559759590191
43.95855487586776, 115.92296547503172
48.268021126653004, 129.64939842924267
3.682533317656944, 94.40558686658478
46.88103823651632, 85.58666562638062
51.714280896511276, 49.925805849680536
53.531502860221536, 132.78125060423105
22.64304220047062, 155.82848561576154
87.09064737120707, 36.87686249100912
79.985097577482, 59.28009070429232
92.60730364181967, 55.90341960256537
26.399135330443357, 121.00346870997498
24.076270366163765, 186.75007763393822
32.19246077837984, 53.50872758185845
98.97315596149745, 127.30425216327596
65.30639792552309, 21.62599284818354
13.354773244408147, 24.6062231740382
7.856601385385376, 107.43380575264143
47.353141790106775, 97.64606277375381
47.242203429137554, 194.81245714310865
17.94359805954707, 178.39625728307203
50.60255796059434, 53.44244049842906
82.96188977075415, 146.39883539437918
25.385366971395275, 95.56269885546375
51.34648950480363, 162.93221873801707
79.42096803691054, 75.50846858816729
93.52373046866715, 72.42927822796095
11.144713723982292, 3.987442453148282
16.347545354936532, 150.71701016946855
4.291554261899478, 181.5679427934649
19.92859637799104, 147.61259242581392
36.93749532457704, 10.780765708973771
55.87719633339485, 138.971637013012
89.75112748793931, 150.97088634970928
49.20856941248536, 190.04093930877167
47.35863023363317, 103.68874815258766
2.164828863414603, 169.56913652661692
81.73158141546286, 23.794373622626797
70.565574246595, 4.0932025862367105
96.50885670748627, 139.9731336931229
37.56830595222491, 97.5196724166428
77.56455507429915, 85.19998200837075
2.545607865866517, 5.953392003009461
59.801416378818736, 167.71601512894136
3.9221494392089107, 39.73619338697654
84.4524167607444, 192.1986306384358
83.17926936789694, 2.3672953155746024
29.41587540502403, 104.6015692563617
68.67803726197445, 81.26528360300662
53.89689302663725, 66.81303900302488
75.48594722017887, 106.70344486040635
37.10181363880838, 145.53429747200676
10.200423976436479, 127.64974705979071
68.67344789067789, 19.471183829566495
56.049784783823554, 178.8558306210538
92.08676167716898, 187.3922969371875
73.71361427556543, 47.22428061894293
82.58252896637036, 50.12651567243691
59.02227839025092, 92.0218701869995
84.62703921838582, 143.79387309910956
40.06222757925456, 50.7946802671962
89.10883978794645, 154.00896943418138
88.42857888370258, 126.81651695325662
18.500717360178953, 123.92871803803298
84.96232914205105, 160.4548030578097
90.44203403892455, 94.88691870142706
59.44048877561946, 18.41709511540217
19.20128088677504, 37.23849827579351
1.3006609764175114, 84.37878260165546
50.90189542195497, 175.21760052739222
71.63104715866092, 166.45195773605818
79.8418922769861, 42.12350632451929
71.03193975868899, 88.8690128273113
1.3731557289378582, 22.000840735017626
38.9680566159258, 136.0391047926846
56.324771925574424, 114.03548167801361
67.46417821786487, 153.8581678350876
22.7659638254054, 161.50291219915113
140.12813023330142, 169.50893490221847
158.70154776984944, 114.08244620992154
140.60045867628543, 117.8289070382886
155.6234570819675, 121.2283398481883
166.984577038421, 168.09035115210855
192.1446484884279, 78.86046011155831
148.40278166599154, 192.36538991774478
105.79415504643367, 150.16427882491197
102.06952601924488, 164.0690062493755
134.68819492917947, 180.0087354251935
157.0923507298994, 54.887974153282485
104.85762210465256, 21.00733975824327
156.01820504298834, 175.5585112377525
101.97924277206224, 105.25893506278416
139.80908413727371, 126.57774951792334
162.52148573116276, 110.75981010622904
117.11350094154264, 123.92678496033582
148.86112030623835, 169.7483324374266
199.28162355221727, 94.32559759590191
156.04144512413222, 115.92296547503172
151.731978873347, 129.64939842924267
196.31746668234305, 94.40558686658478
153.1189617634837, 85.58666562638062
148.28571910348873, 49.925805849680536
146.46849713977846, 132.78125060423105
177.35695779952937, 155.82848561576154
112.90935262879293, 36.87686249100912
120.014902422518, 59.28009070429232
107.39269635818033, 55.90341960256537
173.60086466955664, 121.00346870997498
175.92372963383625, 186.75007763393822
167.80753922162017, 53.50872758185845
101.02684403850255, 127.30425216327596
134.69360207447693, 21.62599284818354
186.64522675559186, 24.6062231740382
192.14339861461463, 107.43380575264143
152.64685820989322, 97.64606277375381
152.75779657086244, 194.81245714310865
182.05640194045293, 178.39625728307203
149.39744203940566, 53.44244049842906
117.03811022924585, 146.39883539437918
174.61463302860471, 95.56269885546375
148.65351049519637, 162.93221873801707
120.57903196308946, 75.50846858816729
106.47626953133285, 72.42927822796095
188.8552862760177, 3.987442453148282
183.65245464506347, 150.71701016946855
195.70844573810052, 181.5679427934649
180.07140362200897, 147.61259242581392
163.06250467542296, 10.780765708973771
144.12280366660514, 138.971637013012
110.24887251206069, 150.97088634970928
150.79143058751464, 190.04093930877167
152.64136976636684, 103.68874815258766
197.8351711365854, 169.56913652661692
118.26841858453714, 23.794373622626797
129.43442575340498, 4.0932025862367105
103.49114329251373, 139.9731336931229
162.4316940477751, 97.5196724166428
122.43544492570085, 85.19998200837075
197.45439213413349, 5.953392003009461
140.19858362118126, 167.71601512894136
196.0778505607911, 39.73619338697654
115.5475832392556, 192.1986306384358
116.82073063210306, 2.3672953155746024
170.58412459497598, 104.6015692563617
131.32196273802555, 81.26528360300662
146.10310697336274, 66.81303900302488
124.51405277982113, 106.70344486040635
162.89818636119162, 145.53429747200676
189.79957602356353, 127.64974705979071
131.3265521093221, 19.471183829566495
143.95021521617645, 178.8558306210538
107.91323832283102, 187.3922969371875
126.28638572443457, 47.22428061894293
117.41747103362964, 50.12651567243691
140.9777216097491, 92.0218701869995
115.37296078161418, 143.79387309910956
159.93777242074543, 50.7946802671962
110.89116021205355, 154.00896943418138
