160
60.777524610189786, 46.11791713474747
18.17111960195586, 50.8697447858438
27.759155790229535, 71.20060527799566
34.288639544720965, 101.30055374730888
63.98477221560569, 192.8075491452375
4.712847237750509, 108.09840102934655
23.6783609262906, 148.23902488534043
54.249408421488226, 180.9740480658292
11.877470730190474, 116.23695377812743
29.15489583376018, 169.14007656015804
22.42721712317816, 169.05590866506878
8.341475899268431, 195.6281471522039
19.277196371546218, 27.276844941877812
36.62320113298233, 43.01171169285101
9.598580031743673, 119.71575530726498
71.07050477942684, 151.10093455284215
33.133889642246714, 74.98592176004054
25.703161476353156, 29.911895280984552
75.44894055977778, 157.42960837940234
64.60855275280504, 22.208632610656785
70.3495296340229, 199.61215950737216
19.11607280924521, 102.52629780808874
4.061598878833678, 60.943342436423734
84.35179843711636, 94.19960911757735
70.43565894327185, 85.4635327743072
66.87337654517337, 127.25916989593026
88.60646895981402, 101.6989787592125
68.42950731179978, 139.0403924505065
9.957411357606503, 131.51608938023836
34.235694971098035, 130.9759090625315
20.085043114765455, 124.748420536251
25.455505229238256, 163.2766251208903
63.04861294652668, 138.9414378113155
25.83873437553396, 100.18511108009814
14.669637915020706, 67.09440240041971
8.292799731080553, 55.39615858982323
95.77694144182476, 88.1560361388875
61.184611075237555, 127.48306169451524
41.63181526825906, 91.74159716979875
65.39234377045359, 108.24445110937566
71.93270972069818, 192.04457066426085
69.78476969069516, 50.97106973558424
60.06505861510462, 106.75572163995433
69.21893479408801, 168.64629435967203
26.420538106315412, 45.24142171390716
35.761769327522465, 138.60998152119345
86.78000240683396, 132.36337804387063
29.819425575827808, 14.59896523018211
41.14666928888399, 81.74989449501003
38.634661855327025, 150.16234228335355
41.75884661572993, 179.60695524792877
80.87702411598566, 71.7437427488663
39.453709728494786, 1.278220184609296
15.198027279017275, 7.016686406525615
98.77760727217196, 173.08085513199364
70.60167900757179, 55.85743363273721
31.1875220101686, 69.48815831910123
21.32902068780664, 88.1286189936988
57.551952586249456, 131.10366801595313
39.930181121823196, 121.03582619684387
7.139107106552824, 48.30367752756244
94.34489036603767, 61.18750550870448
24.408203201591206, 8.13679303083546
1.9248255431063797, 68.99560616677041
34.727714244490144, 178.6397513777684
19.24718489203677, 82.70170485336635
69.02251501533895, 156.59486779192832
0.25475117398439373, 64.03234245596325
19.92817432247098, 164.65236186419781
63.12583251188784, 87.05615400049943
75.87255467436069, 50.65022371768309
82.62212188877449, 102.51185894948105
31.837226382795734, 54.285617309911686
71.94509498897781, 148.41216169579644
20.53832254353095, 67.69406879386956
91.53782130338409, 46.27774717823581
35.360011518574844, 118.7969864038368
26.06255020512133, 116.85574764617222
49.460611947666806, 110.7156011991236
70.42972520290309, 40.74404652292829
194.03234087266696, 32.37749802765204
143.01502106890976, 57.06914471404365
182.63608105363866, 88.84707149524449
177.5823952346683, 25.433768018847715
126.69403376130293, 183.05458904386575
144.83890751499308, 161.99709518719158
194.2997070654917, 136.51548535430973
184.23498668291438, 180.93347683655844
187.56085228844688, 135.85614284135576
164.08566587161317, 171.13105867380935
116.13604569409337, 109.3624915701484
117.90961028235049, 197.04993546356494
173.60666621930775, 67.75094213070285
185.64809178054753, 42.89220471291253
180.2808180127451, 199.0735203751258
149.3763504619973, 197.44093785458216
183.58064215604261, 12.263467212716805
192.3725016429944, 78.16913027431427
155.88627355194697, 113.98759612072264
168.46722839126676, 79.49394867412943
195.031680822214, 121.67469788935712
107.22055925395566, 135.26599486924022
139.43228441990948, 20.416258506673458
192.1240093905002, 111.05964912741595
102.05015912793168, 104.58508625770739
178.91419448550954, 86.66274601462021
108.21835455743202, 81.61545091825646
189.51504321254166, 85.78107380061293
115.35563182458742, 178.55804157596512
185.5751877035079, 176.60435056897532
153.56305690975609, 66.62880595713212
107.31843876229566, 170.33932144303355
199.9677757087003, 104.95118312449472
189.44932900775032, 160.74995106754835
188.0117029723349, 140.42305841122652
179.62663427539383, 24.26327274493003
122.71304819489283, 9.060718536915925
114.04005188065227, 194.6092559070667
146.15822351018804, 167.37484212217035
186.04260174030307, 169.4975716490967
116.22774383076727, 198.87787038795025
160.4254562339452, 83.58740551355368
135.65335643586917, 51.12036538377036
178.3013758463582, 140.334359077677
152.37382459817306, 118.73082224557801
169.6333272408419, 186.91077137071113
115.60608639852451, 136.97002101176545
109.04231489895602, 74.32312020783156
121.220086115396, 123.18458363738476
195.90891642701962, 98.19573947341247
179.88808996478363, 126.79291057183653
120.53382447527385, 79.67184693190497
125.92459907787622, 28.216280939587655
126.39075946219296, 50.08165908534083
179.25774598532595, 102.1765703159847
169.00243919287757, 62.477248230781356
178.1416491464755, 36.563565190699364
126.33611344201503, 162.36761695444807
132.025065994757, 80.15506245473925
199.6814868133799, 172.94737714207463
169.27151042606866, 58.96430900929532
105.94468917512842, 13.686086355608529
129.7671913413734, 15.77149755906282
190.5824906929877, 122.07279368016974
185.94911735845778, 125.554862417257
184.5186855034911, 54.57099349608667
198.3295806869812, 127.5044951529349
189.61402694838083, 61.601619324037515
113.35085120892957, 86.9236505911685
106.96666246878105, 153.5275035224872
179.05768147384725, 4.842071739764364
166.25584677247764, 71.72218441194677
103.9892286016479, 22.311077563410507
109.58733176084421, 119.2570138012295
171.98567511006237, 122.09209214674308
179.36767188012064, 122.00558960925645
197.856498294544, 191.0061136576331
174.7426084388415, 84.01883277329556
192.5951068579247, 161.11800859285253
145.34326655197887, 23.376924401819245
