240
3.262565916978552, 121.72956135358746
84.03642939458626, 78.33808812454836
96.01768211420901, 176.52478634128596
73.92170898585475, 100.33231367825144
49.912611231984265, 156.94814314825982
46.621828183255204, 50.72078269647631
16.980420364201585, 60.09182017469974
88.01399444409056, 100.96018388504777
56.94526023353466, 71.7485617029509
61.81729007463903, 120.4445923042276
12.751537007543384, 141.74180994491678
56.624169056854754, 90.03268332883238
54.1079516168949, 167.0588985583442
86.77897985066228, 42.020700049275455
4.089027355169179, 131.9514464556936
62.07435716037669, 94.78370025642734
77.52437013572863, 41.262071962393335
81.39007758150531, 92.46287566159377
18.825089604629063, 193.66277020617247
56.90634751940394, 31.287557809862406
86.77200938883541, 30.159552831979173
5.164190951019005, 187.1824705879211
88.73795916189746, 91.37075420444368
44.20493916609998, 153.04898636132245
25.659187110495893, 76.63167249935364
28.347274898664885, 64.53849649317908
39.75309326660504, 131.62776234943485
16.30002077332241, 12.807140327500733
16.11452478230683, 120.79391413526915
29.2742244193319, 137.2571604547444
64.85743459089633, 184.8635191676994
31.65804488368729, 199.80994352785845
68.7364725874275, 82.75710276255947
21.984810627354307, 191.4808030530622
3.140315375086608, 138.60772105688886
23.30672893044643, 113.7382171467738
62.950431871635544, 77.89345521133528
62.856985437698796, 13.896880818246316
50.605926952326925, 122.75428693301005
49.072688668779705, 107.38562976769846
72.65722033300958, 42.449971684545716
96.6505660089607, 137.8189289055283
9.513072308560588, 144.63061075569107
97.12863470087511, 113.77187727151043
74.52106503430258, 114.74485194286918
6.061849760031336, 18.516905094501155
15.480360826597757, 63.715512957827244
87.10608951175234, 4.053464722039266
39.766795242699246, 11.858300693459189
30.35857334786592, 190.3996536472364
92.4697785999699, 120.48658954089686
18.968020200464466, 160.79749196032458
75.257884470447, 43.229649364524015
69.64549571072376, 42.2755557766767
33.81782087463435, 29.814413253618447
60.73546461194459, 129.10420924255124
33.507180332051696, 158.83154909439133
51.64833627387141, 57.310093280708664
27.300144590194655, 45.97638481697966
9.01901895988506, 72.70571122053131
83.1324633014791, 144.4360522816691
62.287627783112754, 99.86204001254892
3.7351944368223187, 195.9835538202691
81.18451060833237, 139.79571795252485
37.63925225579283, 134.45844042567126
50.93644952082214, 117.64569770289175
67.82116444584278, 191.50940483309668
39.46677908569513, 106.87419822792103
80.45306611621203, 6.491676480061544
83.4876380283907, 72.4157950143545
69.8753761163027, 48.07958213397665
69.27889725252481, 170.3710679813524
31.243293259127306, 174.0610872951936
45.11360472448463, 187.15456193676374
31.892429869981445, 101.59493002432399
31.577664100206185, 40.445727305811715
93.67604212030787, 146.88145173371407
90.99118274671173, 98.58902092149373
57.148547644477034, 141.90699232510252
31.12109613512382, 191.95247530754318
72.51332746969493, 8.800337121022771
23.085834960847805, 102.22358003850557
72.02222977847818, 31.09667818738686
5.804499351326086, 42.47307229437594
39.337395784791774, 66.98184680455756
82.83118731018179, 46.636209661945614
23.09263406411226, 8.653926725145578
55.274606402661554, 38.79449589887349
67.8706708433166, 21.77364812855622
87.9723068828577, 12.791028491864154
85.7552777296891, 86.84778856330833
98.73649466473971, 47.259649695163944
41.20818757240602, 120.79910429152162
0.21261266789301958, 194.15148526789557
39.01016665601952, 85.31216630684646
51.25822768157896, 171.1409814427894
32.818865474238166, 12.24334512818077
73.01750284655729, 136.94724205737367
99.9303436079696, 45.70040777169832
18.322561168524977, 10.508410955446234
6.162917946533453, 38.53454351879662
92.4634667654328, 15.926732972895262
53.6050479043832, 132.49437779551073
97.82791963557621, 24.917783255493475
80.47841387363975, 187.78271334056805
19.06826746392072, 164.12006839150507
45.455153999675225, 179.71842168265647
25.55695615040805, 10.331349668012258
39.67095506731258, 60.54301361880523
12.47865520810545, 81.93069043841395
80.40602581935231, 192.17450836609947
75.84787200733662, 99.5137757577402
26.992967245855315, 18.512218249671086
41.62560093749459, 190.14456905953674
29.047537465009277, 164.79100839293588
18.73671307434064, 28.749207809209288
68.44569837203237, 98.81514316010585
66.03616352736184, 127.44355594467014
45.407286671734525, 47.46656753494205
58.63454395773473, 185.7760620167606
88.57578417308478, 93.72757966038247
44.36445365776943, 162.61391442181292
53.68009349528747, 87.17768612894415
42.24941895024078, 114.21685999509836
34.004800951826134, 177.63693725427427
87.66475636835828, 51.17112780003623
92.44880504563788, 189.35866449381604
12.385996263709153, 107.64853819542888
5.126486758201554, 120.5315681369981
40.08844893567228, 115.1247838436597
17.226261481796136, 172.45402626587747
91.72166004094227, 192.60990967560357
35.43096031068731, 183.83229465833543
50.808777657620695, 47.22910557235333
94.10567233162779, 50.11611666686677
66.8962919877864, 97.21767842667278
73.16688004773236, 186.00094880100576
16.07637457071923, 72.64851658336333
88.57126266123288, 131.65525053984007
97.43465811022602, 42.250035386683614
89.96241999643505, 181.8882640993499
59.21003462013277, 69.93348340709824
72.77913770785925, 160.44554651819078
54.23141730900428, 94.73796953393612
6.852370171178823, 125.24020294114604
18.37454520267181, 116.34611870429951
18.67825953594756, 88.36532083986202
86.5723425681049, 124.19426556302555
49.26260983536448, 75.15370356697187
64.62671458548155, 177.2862932002922
79.03440394257024, 94.39813295579249
81.31174430302129, 181.79330488289136
76.25760282140503, 124.9941004937092
78.28745477785267, 49.31551851234435
73.79840426382196, 73.02949049511052
90.91884049760198, 134.59408814763424
66.26594237588688, 140.78322972739247
17.775044145778228, 7.398658878184694
24.216705456550315, 58.933863512307006
39.59427892184074, 36.49471865200449
187.1550355767677, 162.8679778858884
170.96171647079925, 37.24087187151337
139.81823719128445, 125.9765086718939
171.90654551103614, 144.44632193998112
109.2568884871707, 188.28802213256998
109.08049218040594, 36.73445405015645
124.21142362786313, 46.98062609629461
119.58319482642825, 62.7749760082444
110.66970775849745, 3.464761462086985
129.60482108598075, 187.45359949591682
175.57737112969733, 173.03527333119976
170.18156015968572, 126.43419973392398
111.27353429887356, 115.4004308280864
189.41389778355153, 2.958263746383416
194.90338035055606, 185.41338101686262
174.6357057110061, 50.23408935763385
178.3172274196675, 37.66639506076564
133.69163570866957, 167.41848621432334
121.50893031450242, 197.18662580186228
137.31037540844028, 109.54208544943815
179.5723519848467, 8.65798034987002
172.96608799997475, 178.37163866298334
172.96918049010785, 89.91686038452464
154.41805115789072, 135.75391488739342
124.19364021111592, 94.47914201804686
137.8571422300068, 4.297812486155572
199.19331876835628, 146.9147452648033
152.37947439105278, 0.7600352520039877
113.37241011541037, 192.01019717057815
127.48124492999244, 78.12843909098133
162.9407249177771, 108.5549367479119
154.7432723443355, 175.26332734908564
103.28419299995359, 148.06521639651064
114.54525032309927, 155.63565862982227
187.67320278447414, 110.8693097772295
198.90610179084908, 176.28923746025504
191.10183972590733, 152.9283155627389
138.61336287992495, 83.79490415597985
157.01121644967046, 111.58551459929879
152.66102660169187, 61.791772224937816
128.6464054870881, 33.52721695257084
156.5814828271752, 141.3997486442383
184.22438413908748, 194.5370567175734
170.93328072944377, 60.34530969112184
168.62905871818612, 151.04052326920748
166.84916732481997, 49.94257252080645
192.39209678811656, 139.82507844115815
150.2260529859226, 69.00540540602074
160.5563530181644, 15.375893343538838
144.47609875914446, 193.93308239337574
106.40390625600963, 103.1081879485608
145.80814393768748, 156.74419414984453
100.09558928935117, 37.67214125652507
145.81263611132988, 4.272646808563962
189.9497199431325, 23.3475310151507
173.68849257677098, 111.51789438270066
113.8731734191128, 199.8771647400905
138.95835602194802, 17.399791957799415
138.38146367577656, 61.74912450757928
194.8305281173969, 81.96218970572392
176.57478441934762, 90.47461604067428
116.96745756385441, 106.88357859084945
144.19435161709214, 191.34209289786747
168.231209211826, 62.53334204633008
150.68010213985636, 152.3400447962915
105.45008230864022, 168.11106235155006
192.12688254644127, 154.22820090489085
151.82224258030442, 179.74964865077376
154.63254626335964, 11.406841154403624
182.8959297910192, 66.39508364085212
145.3810711393065, 1.8304816324340223
166.49779802902205, 169.71889373604697
165.77149099383655, 118.84729614378982
104.32617683881008, 138.49291317984185
178.71968101765285, 178.06729044793033
155.46873838516865, 68.06822142461071
119.01740976532795, 107.9949243002312
104.75492342423858, 171.33017093949022
193.18244777471975, 197.44883958529687
105.82134118585024, 157.1108142399788
