144
99.7867323655651, 54.010052035131984
89.41888697418501, 19.817084951157394
1.0368724883940472, 162.5752129451273
96.42589307763077, 88.02574297786849
86.83900752974706, 15.104921003342465
44.300308818874136, 49.58865805837016
37.901971576619886, 182.21706322815484
93.3140675563202, 99.77606094212778
68.28679602810656, 39.020516622788335
0.7927422481091129, 38.5207792423395
22.047558712929515, 42.185636433149476
61.073307149778245, 192.06355967186735
42.14294728521351, 85.2865782460356
54.96097313481012, 149.09701195888658
4.384466892895289, 187.9081680110047
2.018896090731659, 45.535541109325585
67.72839631058348, 140.41034657738584
57.24238835444272, 157.19761487826239
16.162308471622733, 69.9111189273951
64.230017470352, 168.1876574826407
41.58298743015655, 169.2617349359905
39.13638090499746, 126.72966736765534
59.666642996251475, 110.73031510338748
98.33335305828213, 147.15689914541275
73.28879582748439, 55.818689474082284
54.72671681312009, 99.51334364996765
82.45745966751728, 157.49149369975294
52.14109208406082, 58.92759080227632
76.79947816453415, 7.9355491351243534
85.1807221256293, 177.2974071045728
73.64706880145843, 118.81931164264918
80.38692947935766, 102.31758268413923
44.67147089186124, 99.97834844469948
87.79789329742125, 53.90875985342216
86.01576550367233, 19.66987583725157
28.42567883387733, 11.893229231424263
43.15790739793933, 134.32382848580363
16.68072005821356, 134.29097151974082
35.698170349817495, 181.91495405950357
88.18768247734963, 185.67994805624082
77.90533748108578, 42.309315252137395
95.61458750281247, 180.02429256325212
78.58557529952121, 23.109268887676482
6.640246161400665, 140.34356071865014
25.968793053656757, 54.505739552202215
34.552692159199985, 35.49674369700653
74.11039377677258, 70.55907590325276
39.10229424554614, 74.34824188016778
21.24245388023862, 134.93632283932533
5.26366716927118, 128.72923872750684
10.89247657339204, 172.36062328568323
66.45511596976438, 137.00491044770217
39.76132020732545, 18.731695275557648
56.67538728531849, 79.80556373095094
92.87145318178362, 176.9978555367009
40.393856847706886, 38.94733992484418
89.09216103064612, 104.50350442831638
28.245654716669655, 176.08877698225487
57.92583057208256, 166.73083895262548
43.900545989557074, 190.97580515515472
15.047716754766249, 54.96163372582741
90.29053825299329, 193.024837801705
80.4499984390735, 152.64231839370882
72.1763146188001, 107.0250328376981
100.2132676344349, 54.010052035131984
110.58111302581499, 19.817084951157394
198.96312751160596, 162.5752129451273
191.57469971642834, 141.81549834274517
103.57410692236923, 88.02574297786849
127.55380063776369, 75.89912776261147
148.80615365440156, 193.87557339976718
113.16099247025294, 15.104921003342465
155.69969118112587, 49.58865805837016
162.09802842338013, 182.21706322815484
158.8770916227549, 154.97928285113161
106.6859324436798, 99.77606094212778
131.71320397189345, 39.020516622788335
199.2072577518909, 38.5207792423395
119.6262443192144, 104.99214906878369
177.95244128707049, 42.185636433149476
138.92669285022174, 192.06355967186735
157.8570527147865, 85.2865782460356
145.0390268651899, 149.09701195888658
171.3773267988564, 8.34840000194237
195.6155331071047, 187.9081680110047
197.98110390926834, 45.535541109325585
132.2716036894165, 140.41034657738584
142.7576116455573, 157.19761487826239
183.83769152837726, 69.9111189273951
135.76998252964802, 168.1876574826407
158.41701256984345, 169.2617349359905
160.86361909500255, 126.72966736765534
140.33335700374852, 110.73031510338748
101.66664694171787, 147.15689914541275
126.71120417251561, 55.818689474082284
196.95034108465896, 128.14699799448485
145.2732831868799, 99.51334364996765
113.25739252796166, 91.86760086615833
117.54254033248272, 157.49149369975294
147.85890791593917, 58.92759080227632
123.20052183546585, 7.9355491351243534
114.8192778743707, 177.2974071045728
126.35293119854157, 118.81931164264918
119.61307052064234, 102.31758268413923
155.32852910813875, 99.97834844469948
176.6594781835393, 133.968085262003
121.89395139803145, 70.74544813447213
112.20210670257875, 53.90875985342216
113.98423449632767, 19.66987583725157
196.02330119887392, 105.19213099263307
171.57432116612267, 11.893229231424263
156.84209260206066, 134.32382848580363
183.31927994178645, 134.29097151974082
164.3018296501825, 181.91495405950357
111.81231752265037, 185.67994805624082
122.09466251891422, 42.309315252137395
104.38541249718753, 180.02429256325212
121.41442470047879, 23.109268887676482
193.35975383859935, 140.34356071865014
174.03120694634325, 54.505739552202215
174.4976077044632, 167.46472077735422
165.44730784080002, 35.49674369700653
125.88960622322742, 70.55907590325276
160.89770575445385, 74.34824188016778
178.75754611976137, 134.93632283932533
194.73633283072883, 128.72923872750684
189.10752342660797, 172.36062328568323
133.5448840302356, 137.00491044770217
160.23867979267456, 18.731695275557648
116.91531758174196, 139.61732628595888
143.3246127146815, 79.80556373095094
146.07941869696745, 192.51361749564728
107.12854681821638, 176.9978555367009
159.6061431522931, 38.94733992484418
110.90783896935388, 104.50350442831638
171.75434528333034, 176.08877698225487
142.07416942791744, 166.73083895262548
156.0994540104429, 190.97580515515472
184.95228324523376, 54.96163372582741
109.70946174700671, 193.024837801705
127.16316490461195, 90.9933228566386
163.48734874387424, 96.23754110738747
119.5500015609265, 152.64231839370882
127.8236853811999, 107.0250328376981
