208
78.98948433979189, 140.53306037006544
8.477264654465174, 30.77312570146214
37.05327918379877, 7.16645227487569
16.618249024756658, 165.72471167326538
89.66744538219761, 131.95952103677496
21.404748266967477, 45.314747422670166
18.16622424333954, 87.97536804187104
90.1830219224343, 25.005306672707256
40.659800843612956, 101.14412457329146
37.315331136548835, 173.64269591777085
51.42198748582969, 153.56708956217037
61.80942446273366, 85.39641294049389
38.22273719425501, 148.1611703567513
53.44502928359973, 90.66001028129527
69.91028149395964, 70.4538265614333
79.09824383792477, 30.995272525235173
39.97885501201453, 145.18673289999793
34.64466487353498, 61.30990572069601
24.996151880327268, 118.8830079539808
74.44225242753242, 164.89288093600018
19.35251408510223, 161.23292644665688
82.65278181602213, 183.9560625409358
24.404818743589416, 36.477273843262694
71.29688387146622, 133.0654512779726
74.94445028465447, 128.2707366248585
9.535088910957734, 136.53687948430323
15.279910834756949, 129.17592166726416
17.020764791034054, 156.17228378260623
74.36257187802885, 53.2772809895502
93.28732826149219, 46.82122639227479
56.02586053381058, 134.44976787377436
33.78691476061365, 125.02351978934341
98.36778113412328, 181.68944449310243
14.13365704846504, 186.77878294996862
42.59304378849099, 187.64499685179428
15.697545721430696, 117.83627259701431
13.902454147816812, 115.071045549487
68.18376830230957, 100.31987497025955
1.8647386814381264, 82.04213448910022
27.618971652163353, 27.285293915269868
24.77076450954779, 146.8094704501599
57.524419150623075, 32.047264696083005
39.506324730221365, 47.691020789616736
85.64453912421762, 148.6519504030459
7.073193706427396, 82.91137871200836
60.730700416872196, 25.593203468656213
92.92698231267923, 113.63819572065547
15.393530372478711, 74.54184973610685
18.93742196507094, 128.9590572754658
97.31439961405717, 74.83203847655392
36.230506309192414, 5.080530439011418
1.1046582767461177, 155.28932264420456
77.96025577322638, 125.19583032417809
77.42909449261569, 171.4753043744833
82.45655122436504, 30.312584716365045
0.0018558553580128034, 144.36869756481218
18.42944900207287, 113.84200313158242
50.17891527306697, 42.53407077128768
9.745984396641676, 79.54637335457326
81.9361468740804, 47.406444193625134
19.03848726683293, 180.13961988680225
97.09616510525905, 47.296809584971776
55.273337042057115, 102.29867995433226
3.34968307872463, 35.199076410550155
97.05703025818026, 188.79411076184618
56.745995811082594, 36.70421298829366
20.399515636818922, 189.69799865260651
80.97909927264617, 64.6882660777083
41.189603767071304, 47.593394509413756
22.28685436905738, 154.802147945274
6.732480447488931, 36.31320612152618
54.15684718273739, 108.05849963259708
54.050715065748314, 126.46255584144915
16.165896945282093, 48.495399528751115
17.63202984594231, 64.88312525467809
26.35053654119001, 143.97167192183417
44.875655123840204, 54.21272959079326
20.7179906574586, 55.77634239910461
24.705504004366897, 85.27300934921449
14.221932744076895, 55.49511989961661
78.61357000164712, 176.9299812277167
29.841911345084384, 2.6391662618312273
51.1064806704143, 142.1813691704915
37.449601002526535, 84.78211704798096
44.47669754634196, 133.76535292911822
44.35670258143245, 45.80031659463051
8.464804689311546, 72.298173991973
83.00413381129376, 157.9507861285912
60.493045027631155, 43.16607156574421
85.77036043099254, 9.272605796822342
30.61936329218803, 78.73372746807152
82.29883777799161, 107.50176029840324
97.71722930502477, 115.56460276214678
8.839383522692067, 83.53612349423393
63.47070408502383, 189.62200996302943
33.16241361752126, 10.36760173398903
13.496554508551895, 82.8893655716926
81.1370006039666, 181.1787579806692
39.49223412722061, 86.56932362820137
63.86752157391993, 3.9519327180085106
6.018125662091755, 85.14515385121972
1.0352388436005389, 124.92560031988037
70.19908680457189, 171.7956128865171
40.199312780538435, 31.250309330183047
64.18289943089334, 119.15434501236797
88.09450806933772, 100.56429867667018
84.16353300632053, 55.74022038951858
97.27054770913796, 143.93131440415266
48.23224803573739, 187.72367849951672
46.73322979002761, 96.70272281176729
42.12154917355733, 78.43949204769945
78.01269497633946, 98.86689211372928
21.986712938122533, 186.70659281978365
92.7643939047198, 189.12139203205277
43.42335315450798, 57.418084784050706
29.204397366559643, 67.68734859835786
11.100296341552163, 141.87295540591958
55.75361935702088, 119.55334866347673
0.5777456355851807, 74.20884457480443
51.93802476155499, 164.65655581188216
61.65343988508899, 97.91054135282718
40.61770486112124, 85.10205662570016
30.488097663381954, 7.451453092300797
13.293029743340723, 38.681008624642566
36.855550258803675, 79.66039433681682
12.203328063587504, 181.0143766440538
61.10515115926876, 152.05373290627472
96.32962609000026, 182.66592274739793
121.01051566020811, 140.53306037006544
180.659926155344, 6.719753635064696
162.94672081620124, 7.16645227487569
183.38175097524334, 165.72471167326538
156.14653527479598, 148.60855536266547
178.5952517330325, 45.314747422670166
173.2721431044819, 45.22263537680657
189.35019176788646, 41.79966275683738
124.44596526603738, 31.347262434412748
162.68466886345118, 173.64269591777085
108.14021952848417, 183.42298588959193
109.88165905322715, 23.144806817911757
161.77726280574498, 148.1611703567513
146.55497071640028, 90.66001028129527
130.08971850604036, 70.4538265614333
120.90175616207523, 30.995272525235173
177.7498796036565, 70.57334007946892
196.63174810728646, 122.60592262136885
175.00384811967274, 118.8830079539808
107.30560420084207, 139.64582715684975
109.8325032737113, 160.89425234592107
117.34721818397787, 183.9560625409358
175.59518125641057, 36.477273843262694
128.7031161285338, 133.0654512779726
107.37891148877988, 110.0432401834085
190.46491108904226, 136.53687948430323
184.72008916524305, 129.17592166726416
129.69365033274426, 78.89729375461766
125.63742812197115, 53.2772809895502
176.41829867579776, 33.95295143426815
143.97413946618943, 134.44976787377436
166.21308523938634, 125.02351978934341
148.2303431723268, 137.58699472741475
124.35682625283735, 119.91339017873048
175.6292817897287, 133.1976591722686
176.87261732253694, 158.5572003688725
186.0975458521832, 115.071045549487
171.2257533639021, 49.82366901404842
146.3520435831954, 11.508942208889117
116.5781929408688, 28.982559541110355
148.94669571465425, 156.38083141802255
187.4015795829799, 67.89238877762511
160.49367526977863, 47.691020789616736
179.36965335429298, 183.31683628093276
172.30752152164544, 43.93498425577245
139.2692995831278, 25.593203468656213
176.79098070806876, 168.9863571249843
171.77672121639125, 18.267981943280542
135.62131215095152, 186.79880590164936
163.56184859841233, 3.3990537005256893
173.53311371487857, 4.779447826806282
198.8953417232539, 155.28932264420456
136.5947182450403, 118.57870671113187
132.84112034848675, 196.9701429241046
130.63735248666842, 16.373100092249437
199.998144144642, 144.36869756481218
131.34764104598176, 186.89616528989598
149.82108472693304, 42.53407077128768
188.95672945008744, 100.2794649594237
142.58364918015235, 16.26225211127439
128.12129700372265, 166.41002945795995
171.19924453416562, 35.15021365746767
144.7266629579429, 102.29867995433226
196.65031692127536, 35.199076410550155
158.40959655540712, 141.73880842137828
194.82975204874452, 107.59117894143073
179.60048436318107, 189.69799865260651
119.02090072735383, 64.6882660777083
158.8103962329287, 47.593394509413756
157.7690880000257, 75.25682244323484
193.26751955251106, 36.31320612152618
148.7985403963873, 60.38177956657
145.9492849342517, 126.46255584144915
121.64629655755671, 1.6104333171089946
182.3679701540577, 64.88312525467809
147.24144158955772, 144.45775757701756
157.02981293702072, 2.0184626000024686
192.23523212982064, 63.149495022146596
196.28936518021013, 76.6974376993107
150.7324471131783, 76.98151041754076
