208
31.638251283191664, 101.4769793560719
39.29762639749635, 41.05265730465209
59.85817499405809, 182.04341241927582
21.24786287742949, 167.02919039254834
93.52938448741281, 117.91461980646926
58.26503303315981, 125.40088333516788
73.4443484568021, 2.764098660677794
36.33007553976455, 90.33425605800059
51.38080298377725, 148.60778670475827
62.59602540222756, 197.3189506270557
89.46024985429769, 68.74776344316842
27.033511929421294, 16.198720009807932
78.15923958044641, 60.94399416729872
61.5813035792552, 85.7479419098247
72.3772101474342, 157.40787809079734
99.92494423312704, 36.55242081897869
54.81071617512434, 96.6964449844814
90.20797744104914, 119.10178989928248
3.916000056561153, 118.36326039666689
93.22698993368903, 86.43751535128538
85.27922887290624, 110.28470321871451
70.01803178161241, 199.44190818991677
90.50522788351844, 64.91043414264308
72.82622845562945, 174.20941272650265
71.22937586880636, 51.08479274168858
42.22071315437748, 185.69549140186191
10.387426899039054, 169.63701210087285
17.35318558323864, 28.596287205911143
80.85191415259432, 106.86872008359359
97.82877205202702, 98.87043957993156
95.05064128156275, 20.374680253904344
16.770969929828738, 103.17802682033378
35.881383750686844, 43.57579260504285
93.86278849940479, 111.52295434724647
69.74840191456344, 47.26843406876999
88.73005392985046, 71.6060655377662
34.127349877571845, 126.5601966984613
72.39474941568037, 193.18815266712573
14.821406793423108, 135.4243040958652
15.537495485647778, 171.62855517854524
2.339037686695722, 136.05887409515464
43.837650719876976, 84.73631120858624
16.46133702837753, 184.54705454225166
58.94772232099225, 155.11753548116025
9.872377530497245, 1.1177273793221865
1.0689140703791011, 106.86796242863008
30.573418565310597, 166.93516780863197
50.09136732932671, 84.84049017306742
57.98479401951737, 23.409442269292825
68.2545651884427, 172.57584976677214
93.98851361995997, 93.47204629839314
59.67789227018746, 175.82890226465645
88.8423597520615, 13.42497900604429
46.80000080998502, 160.6952881158
34.0036577800091, 0.5944763543544562
82.5616836722885, 117.138509552121
29.800306273582187, 72.2926756259227
7.965866545623401, 5.2076975218036115
21.78188160209481, 123.41894859431022
53.252227417528466, 185.53561777664544
71.62185344650649, 34.66779637598791
69.96340578179189, 97.23264952421651
13.228266487354245, 20.568723538133217
99.82840805350692, 134.25767263599343
44.887193858251464, 65.63171773734663
32.298623997376275, 185.97113947788392
10.91012554196884, 163.3708314882824
40.73417164034261, 123.25266698314697
40.187189709770266, 177.69590781110037
36.426103299643806, 73.72105751541156
90.96914784123065, 151.73361986130743
91.56740833024726, 173.11464666967888
40.56819328538482, 103.96667146145819
92.5802325003233, 156.05356896050725
97.30604934700223, 75.64811959411162
35.22754179336641, 102.05771023076646
12.678091209037667, 35.77919465997057
80.31446971510879, 30.548276165358846
76.00642480877234, 52.45540838483753
87.58830100916519, 199.31493797897264
0.6130704165226653, 55.48070302998933
20.985310477193963, 146.04644921801736
82.29628505135167, 132.74018756619145
25.475816598973477, 23.368496456349973
91.37323782933171, 124.0243147455701
8.250334954608507, 62.94559621216569
57.7709665205926, 152.77812850447341
88.64526812473169, 45.708945861241055
88.82443494438962, 53.448344714833354
15.275071655972571, 33.03247156191462
98.12921582762539, 34.32879502032
29.242114490457826, 51.73393822716079
56.350444155592406, 190.36313833278285
66.80908127699573, 175.40297608208712
14.70661046485995, 100.509052142952
16.967301716197248, 167.96201835878907
82.81602052452317, 189.06179496210694
96.48353318577483, 115.30309698483325
26.10045513248146, 111.0973228178407
30.62522029389314, 180.8585280588912
47.0869050154804, 20.420825709212508
85.21577044372764, 86.60602064640042
15.874190478177974, 12.494047509135475
12.53594927783489, 48.15241834868096
93.34968108396112, 75.6765677018286
98.90504776607321, 111.99527337187544
46.29206947164717, 167.05237048194473
33.08863101259539, 189.7263260409651
25.67645272085779, 1.2664468742383805
23.642859642126712, 83.2488216309071
12.273419504918747, 179.82942674574093
18.72678248006938, 190.91023934641282
87.22099094760814, 73.3925793722919
48.964599212806284, 34.0238935665714
98.22632639172812, 141.46302483142284
54.89243743679094, 21.583077539999596
94.89973720706021, 182.08241614359926
73.17005473021868, 46.816796227032675
59.536029258824286, 78.33748656808164
86.27794743989405, 130.53028822917742
4.685572655349057, 30.83420312280145
94.3180905654552, 164.14464573324173
7.497054522839086, 82.28252769627453
92.171418039447, 57.39434134725527
37.498228370232944, 45.405650025804036
56.55957278471914, 171.66966663754744
4.999824815352238, 6.926868600668112
15.623275265938052, 196.36406776964188
168.36174871680834, 101.4769793560719
160.70237360250366, 41.05265730465209
140.1418250059419, 182.04341241927582
178.7521371225705, 167.02919039254834
106.47061551258719, 117.91461980646926
141.7349669668402, 125.40088333516788
126.5556515431979, 2.764098660677794
163.66992446023545, 90.33425605800059
148.61919701622276, 148.60778670475827
137.40397459777245, 197.3189506270557
110.53975014570231, 68.74776344316842
172.9664880705787, 16.198720009807932
121.84076041955359, 60.94399416729872
138.4186964207448, 85.7479419098247
127.6227898525658, 157.40787809079734
100.07505576687296, 36.55242081897869
145.18928382487564, 96.6964449844814
109.79202255895086, 119.10178989928248
196.08399994343884, 118.36326039666689
106.77301006631097, 86.43751535128538
114.72077112709376, 110.28470321871451
129.98196821838758, 199.44190818991677
109.49477211648156, 64.91043414264308
127.17377154437055, 174.20941272650265
128.77062413119364, 51.08479274168858
157.77928684562252, 185.69549140186191
189.61257310096096, 169.63701210087285
182.64681441676134, 28.596287205911143
119.14808584740568, 106.86872008359359
102.17122794797298, 98.87043957993156
104.94935871843725, 20.374680253904344
183.22903007017126, 103.17802682033378
164.11861624931316, 43.57579260504285
106.13721150059521, 111.52295434724647
130.25159808543657, 47.26843406876999
111.26994607014954, 71.6060655377662
165.87265012242815, 126.5601966984613
127.60525058431963, 193.18815266712573
185.1785932065769, 135.4243040958652
184.46250451435222, 171.62855517854524
197.66096231330428, 136.05887409515464
156.162349280123, 84.73631120858624
183.53866297162247, 184.54705454225166
141.05227767900774, 155.11753548116025
190.12762246950277, 1.1177273793221865
198.9310859296209, 106.86796242863008
169.4265814346894, 166.93516780863197
149.90863267067328, 84.84049017306742
142.01520598048262, 23.409442269292825
131.7454348115573, 172.57584976677214
106.01148638004003, 93.47204629839314
140.32210772981253, 175.82890226465645
111.1576402479385, 13.42497900604429
153.19999919001498, 160.6952881158
165.9963422199909, 0.5944763543544562
117.4383163277115, 117.138509552121
170.19969372641782, 72.2926756259227
192.0341334543766, 5.2076975218036115
178.2181183979052, 123.41894859431022
146.74777258247153, 185.53561777664544
128.3781465534935, 34.66779637598791
130.0365942182081, 97.23264952421651
186.77173351264577, 20.568723538133217
100.17159194649308, 134.25767263599343
155.11280614174854, 65.63171773734663
167.70137600262373, 185.97113947788392
189.08987445803115, 163.3708314882824
159.2658283596574, 123.25266698314697
159.81281029022972, 177.69590781110037
163.5738967003562, 73.72105751541156
109.03085215876935, 151.73361986130743
108.43259166975274, 173.11464666967888
159.43180671461516, 103.96667146145819
107.4197674996767, 156.05356896050725
102.69395065299777, 75.64811959411162
164.7724582066336, 102.05771023076646
187.32190879096234, 35.77919465997057
119.68553028489121, 30.548276165358846
123.99357519122766, 52.45540838483753
112.41169899083481, 199.31493797897264
