160
87.50153517427329, 177.59830975736128
44.988554374314305, 48.47763189175118
97.68126601826708, 175.96523692067876
39.10052560500039, 143.12287650486573
33.77044300062831, 174.89513028653042
58.78495129776978, 130.64486711205194
88.19467755797193, 86.28208190201975
95.98034322680498, 24.104068797382226
85.88921780398412, 19.238123502537817
7.674195583740118, 77.49460392259951
98.32938836284113, 75.37541289908715
39.47782426824493, 71.44137982907684
77.56362703567797, 101.72195030655935
7.856073232679894, 179.6952883299118
81.60091499846247, 16.299507245144575
66.73674639920611, 113.80676831703818
94.99362673049616, 74.07072346307051
7.10632777103386, 149.754754339585
14.165182115572028, 52.8304261333481
80.38137085083122, 52.2133584304868
46.412031162507084, 175.68275104453684
37.621172411617444, 21.88644245560254
13.834695913477656, 43.82578534977433
76.92914097028957, 21.348139338695347
89.7722756389907, 198.30023359628814
40.99727149494932, 107.86833800357533
81.06331637070132, 75.15201594460208
7.720110400687641, 193.6551822646083
24.026996274394673, 193.37192102874863
58.216411826336575, 90.14836449735522
66.52046347734523, 68.52676654311769
86.87191640109823, 129.45800678941143
9.99017110025644, 12.25631998062251
22.951070289344454, 142.95533311255377
53.37131635156105, 146.172214392863
65.44231614843153, 70.11266672510203
15.482080341764581, 116.85426884675294
58.21140968548247, 198.27668381324915
72.498604307579, 28.011093530156096
22.23492152767831, 115.76540716868485
91.46889786707193, 147.79728142329498
87.1868592920976, 1.1902692477959276
87.72231383316186, 195.6891671060299
77.57272052145443, 129.30523658775132
53.40773603165203, 97.86378069864121
6.360412264764159, 151.46917062382536
37.31273545044609, 44.529623524507514
32.81057522873462, 107.2354469083558
7.187694596992755, 161.37350118398132
64.52171673474784, 63.17717739637594
4.398756201081944, 123.80755075235629
85.38544945818532, 167.72726367565113
99.65957335369859, 148.07150144311277
3.8950690523353426, 87.17450955701224
77.7937324997367, 85.9303454083651
87.32424159231246, 8.107600554697214
9.283633786371915, 135.03099041937375
18.159059254693723, 116.135087417924
89.38252271450749, 121.6650843668708
35.69144673744822, 184.2130924864917
74.89408998723397, 115.57984848935294
5.890268866984616, 197.65008848547342
62.58493667753908, 54.44051603791857
59.711122586853605, 148.84321420138411
66.1465711079738, 126.40754398063936
68.38071509438697, 32.511792057879305
88.63848871124159, 48.51326348524066
33.2733116523239, 178.43213650264812
26.91293136415467, 69.45289876084992
32.324502969130755, 173.42055256786392
94.20738046635626, 197.23533478931984
74.54468254160696, 133.4113560824455
22.583622668424695, 46.446994467259486
17.851216031707285, 61.30644913527672
46.32135031473671, 141.5907099915252
49.91337203083231, 56.88527405892599
75.7473605809037, 195.09958082783874
46.887084902193585, 153.57155166413025
25.883125672878784, 10.358405807506642
30.711777855929554, 162.15378908307622
112.49846482572671, 177.59830975736128
155.0114456256857, 48.47763189175118
102.31873398173292, 175.96523692067876
160.8994743949996, 143.12287650486573
166.22955699937168, 174.89513028653042
141.2150487022302, 130.64486711205194
111.80532244202807, 86.28208190201975
104.01965677319502, 24.104068797382226
114.11078219601588, 19.238123502537817
192.32580441625987, 77.49460392259951
101.67061163715887, 75.37541289908715
160.52217573175506, 71.44137982907684
122.43637296432203, 101.72195030655935
192.1439267673201, 179.6952883299118
118.39908500153753, 16.299507245144575
133.2632536007939, 113.80676831703818
105.00637326950384, 74.07072346307051
192.89367222896615, 149.754754339585
185.83481788442796, 52.8304261333481
119.61862914916878, 52.2133584304868
153.58796883749292, 175.68275104453684
162.37882758838256, 21.88644245560254
186.16530408652235, 43.82578534977433
123.07085902971043, 21.348139338695347
110.2277243610093, 198.30023359628814
159.0027285050507, 107.86833800357533
118.93668362929868, 75.15201594460208
192.27988959931236, 193.6551822646083
175.97300372560534, 193.37192102874863
141.78358817366342, 90.14836449735522
133.47953652265477, 68.52676654311769
113.12808359890177, 129.45800678941143
190.00982889974355, 12.25631998062251
177.04892971065556, 142.95533311255377
146.62868364843894, 146.172214392863
134.55768385156847, 70.11266672510203
184.51791965823543, 116.85426884675294
141.78859031451753, 198.27668381324915
127.501395692421, 28.011093530156096
177.7650784723217, 115.76540716868485
108.53110213292807, 147.79728142329498
112.8131407079024, 1.1902692477959276
112.27768616683814, 195.6891671060299
122.42727947854557, 129.30523658775132
146.59226396834796, 97.86378069864121
193.63958773523584, 151.46917062382536
162.6872645495539, 44.529623524507514
167.18942477126538, 107.2354469083558
192.81230540300726, 161.37350118398132
135.47828326525217, 63.17717739637594
195.60124379891806, 123.80755075235629
114.61455054181468, 167.72726367565113
100.34042664630141, 148.07150144311277
196.10493094766466, 87.17450955701224
122.2062675002633, 85.9303454083651
112.67575840768754, 8.107600554697214
190.71636621362808, 135.03099041937375
181.84094074530628, 116.135087417924
110.61747728549251, 121.6650843668708
164.30855326255178, 184.2130924864917
125.10591001276603, 115.57984848935294
194.10973113301537, 197.65008848547342
137.41506332246092, 54.44051603791857
140.2888774131464, 148.84321420138411
133.85342889202622, 126.40754398063936
131.61928490561303, 32.511792057879305
111.36151128875841, 48.51326348524066
166.7266883476761, 178.43213650264812
173.08706863584533, 69.45289876084992
167.67549703086925, 173.42055256786392
105.79261953364374, 197.23533478931984
125.45531745839304, 133.4113560824455
177.4163773315753, 46.446994467259486
182.14878396829272, 61.30644913527672
153.67864968526328, 141.5907099915252
150.0866279691677, 56.88527405892599
124.2526394190963, 195.09958082783874
153.11291509780642, 153.57155166413025
174.11687432712122, 10.358405807506642
169.28822214407046, 162.15378908307622
