160
7.043256058649604, 60.66376676174271
12.926061768501384, 85.75116216989971
42.11831239721822, 84.57800023625748
19.640664928986723, 71.07988758903105
31.42529046093479, 145.50415343795433
94.17060567025543, 167.30071868638362
68.9626969183389, 88.06917053888104
28.661780130221608, 106.05455710734842
22.682409685949366, 119.0290915055909
53.781619476098726, 42.34587234138845
47.21568862963221, 3.2347849024257247
94.09167671409456, 3.3441960970313716
73.59201216887234, 164.50979960340896
83.21572777199836, 46.16493059133877
34.43570448651428, 106.42288609894314
7.195157479347813, 172.37779266195574
88.86779121599099, 37.0234406214346
58.55671353980239, 61.62315579576572
72.72802867781499, 92.18912573761999
42.586406178278025, 128.47986768426233
5.435537242718902, 90.85960710824705
21.056602267346904, 189.9582163374099
86.16190487444544, 77.92695872608508
90.40136090746428, 164.8911160243411
74.68758007985251, 137.7360769886976
58.34852414729205, 99.34619005352872
76.82882880493102, 55.41734916439187
19.12281352165056, 49.89103286478178
19.828059449069034, 92.87673446262284
88.87218976221422, 153.17129529130446
61.84626151336745, 136.61744256963897
54.31469944335404, 101.84017780053189
92.018922285413, 136.69661318917778
64.49618372268702, 133.51473757339838
46.65666678743056, 31.784421404788453
59.073583318091565, 89.7922601299278
44.19707818355049, 38.86491212870655
0.4649964951775303, 82.23491042796681
8.131803984797827, 77.35613200205032
44.0309707488798, 75.73213167372064
54.57329986184699, 73.10340517330567
14.654023709733766, 78.30754300510121
97.38936033129613, 37.4588228911344
74.17854635976799, 193.88074974453582
47.84492044444505, 174.31721524167406
88.26438064939626, 169.20365830823272
38.14694790220975, 185.5050969333789
85.97409849676585, 83.4603115570159
77.19517766414675, 108.86276897247282
70.40431129192893, 1.8136285776348586
31.09986921208685, 30.96424402720588
33.049397469941134, 188.5696269508763
55.64000825575194, 106.90461789963118
52.258791724581926, 53.77700876467675
82.24221706852212, 91.91394866592326
23.791145234599455, 129.7429831995018
3.02792896987808, 8.330224299133171
28.8667596427746, 153.51336739761445
89.61506323233404, 173.5813780174878
20.864366378140883, 78.5561359161448
80.57680774403913, 102.68262213579621
23.512441945415418, 174.07732524736556
90.36591607896524, 150.7408587143577
23.350787659845103, 136.4194350961073
37.55476446240614, 181.21299559403278
11.31404256120134, 63.999726320345104
85.19540800055694, 177.14609447001212
61.85989180987105, 121.17304740849491
85.3843840850955, 39.42486597919401
31.164696182703423, 176.9293101256498
89.63713703693682, 95.89795761669859
66.43614069898032, 15.400532423766627
74.02193334225203, 147.08652520220076
75.27995700849746, 103.23177518637456
41.39951346493797, 67.61292513688433
68.71753828574296, 65.48269409631816
52.976642863716386, 51.57802249864784
79.38879949449765, 125.60925395734324
64.64796319589577, 6.304220901250055
76.8055023123696, 152.58715046755867
124.74719942347892, 64.98865785167108
112.91088865782392, 56.498263322392205
193.92240912564444, 57.816245596348345
174.0949578025794, 58.97990248957756
138.3751070549769, 94.83428177558557
177.24746306435418, 163.9344041716496
126.86408157317588, 139.26175186703364
129.46587964035402, 63.327161345053916
135.54905204533577, 141.31209136674784
199.0569531868867, 2.111441507775358
152.7843113703678, 3.2347849024257247
110.21194087347729, 75.9518813131361
126.40798783112766, 164.50979960340896
113.87255956030909, 15.21191364673362
120.10425638752594, 181.32567769492366
127.7546565197037, 159.32440194187961
174.61448836480838, 88.58012337312489
134.49101773700713, 53.46210246700742
171.57647003066523, 168.29788591458637
157.41359382172197, 128.47986768426233
194.5644627572811, 90.85960710824705
101.03163393349244, 182.66620758681245
171.0480585009067, 41.946683640696826
109.59863909253572, 164.8911160243411
125.32397343058686, 68.32645759374813
111.00691200675273, 64.2494850023688
123.56764112580447, 37.9185589921478
196.1956945826016, 32.290914289533305
180.17194055093097, 92.87673446262284
137.27739254677786, 116.17371333240763
139.16957909456335, 178.34660166482257
154.70627384233927, 85.9210845954262
130.20986906161784, 93.35073533550428
142.74617072285662, 163.63245768119344
153.34333321256943, 31.784421404788453
102.03654542495313, 138.58353865700303
129.6894098726392, 42.613069881216845
130.7285716506857, 135.5009978915652
121.9479886479378, 137.50182288416235
106.940483262599, 68.80655729544863
122.72924691068992, 60.95822665562074
190.5026705061896, 109.67593190900679
169.784280367591, 15.875157879640224
107.47291056261315, 152.61721977473982
120.58006076308708, 98.94294561535386
184.63821892997385, 94.90365979341375
149.4255352649981, 144.39703890260483
114.02590150323415, 83.4603115570159
127.54254089321732, 64.34236216738374
107.9652809747496, 67.49855278593738
168.90013078791316, 30.96424402720588
107.82469118488164, 109.72747651022627
107.31609203446453, 140.3394003865546
153.51392180314468, 14.063561205220253
173.52388211054216, 41.67931788182035
162.96474021552578, 106.72092880273742
196.97207103012192, 8.330224299133171
188.50765077894118, 131.37287360254356
110.38493676766596, 173.5813780174878
173.40030618250128, 22.476246142313848
114.1980777729875, 155.80848738931942
176.48755805458458, 174.07732524736556
109.63408392103476, 150.7408587143577
142.7984013742168, 145.2383017606607
143.10307509403364, 192.76645168531093
134.1418900432991, 137.88271129933995
177.28638231148162, 121.78925751189931
138.14010819012896, 121.17304740849491
103.1302728367125, 9.515250597147794
133.29476092742613, 169.87186907210014
155.47059088288927, 122.04072501611716
103.48091842932436, 14.961327726738638
125.97806665774797, 147.08652520220076
106.91985666899859, 55.82462580257772
169.535614660796, 62.69185934168371
137.6181369965264, 143.05420322133645
183.1086044703396, 61.4984864442028
101.69376956760833, 127.95439158999183
181.4392188531132, 30.274518545990503
123.1944976876304, 152.58715046755867
