192
71.55124176341897, 121.8912616439301
13.644529853828747, 80.41852347020564
39.15084645538506, 36.11987105833671
99.88299261093094, 158.54502859018123
91.39945151223856, 79.818525710313
72.39644463843598, 30.060866460008874
18.48341909335841, 185.3619848944447
54.41036998462295, 71.31907943798306
91.3202576024705, 196.83544584446636
13.03640704187572, 4.9560608608185674
41.59604144766724, 81.76629971661676
50.83236498515766, 109.35330254775974
85.19180122266388, 167.68916175662
92.00296165988327, 25.976327450882074
69.9544536394577, 89.62923785681242
0.4424463153763547, 25.116783735368276
12.61575787735919, 55.09666262439945
56.76097257007628, 132.7209796823531
36.65222141766162, 24.276793742301717
64.23927194773813, 81.27843513805738
70.93696606216602, 198.62234584355704
5.3540285551907925, 165.80912527984077
39.358097908991965, 30.49621179739661
53.83720465430919, 3.1069374670723793
55.08533520066965, 121.91173145235679
11.587845034462541, 30.7520372634293
82.67652320906248, 163.95083491291746
87.03755051968093, 132.26934976967686
13.564018660465537, 69.58326948938827
23.163546718986726, 187.19170756449915
79.15173518248531, 170.16163177070845
63.46222642809525, 159.25587698738312
14.995810083020578, 162.85367710620898
14.781850631211368, 133.56869164870122
57.42845033121324, 178.93032382820954
42.55595128945819, 116.80469327771092
91.6739306302247, 45.13322935091087
4.30013088529515, 154.3170180487639
89.25977429403765, 90.45173054828743
88.23844069214188, 170.88687778861362
30.284891710918384, 79.7566893612119
36.815958813158645, 169.6340546276105
40.43398193612207, 165.5941705786273
13.126832188437298, 172.84382113501695
37.895950608448224, 186.86876682240717
70.1123620601787, 110.75840195341276
50.66359739897277, 36.51299789051809
16.71333839269975, 86.75915160137689
14.850101542880157, 72.43295697822458
57.25558650538203, 14.57987710769304
1.7452124880840247, 67.6665687731395
43.3704519604755, 168.40412110618888
64.25008824153424, 58.20175146202116
75.68972403185012, 19.107570686552755
71.0494955506846, 71.6879674891344
32.00847218584799, 13.771973428123774
98.46552702946573, 151.08687353201213
23.08210515509621, 22.425307582801036
25.143952527514337, 149.17892619608085
59.22355288174028, 196.19574992237162
60.52016330452913, 5.29023029189426
44.73477032650963, 175.16448093860606
63.57170488865541, 82.75004029811521
42.51111681492914, 164.34199154424255
20.157986512242687, 36.18060366638682
50.61200449691157, 68.3984048589233
84.12708996105157, 45.35937320722656
57.692590138283585, 7.402855011107423
61.27659348684762, 175.53121223480343
8.678767053717884, 193.9771451692102
5.506201439688018, 4.033710284555592
22.747878965722357, 143.21081111594506
84.62327740410596, 117.04152364905687
54.69443063647398, 61.05548414368987
96.02858260130861, 180.2542846634208
85.77460917596409, 35.06459852888817
11.781825193271168, 145.2952012699114
49.732936797725245, 170.513239641701
88.66736292712899, 44.5567556790935
2.150948997052571, 2.3063378250712807
53.740886807868385, 81.30392186055913
0.8841137014756972, 29.470785486442995
52.38418824097132, 83.1021572382914
52.44706729287722, 115.20593096491076
58.863532502972596, 184.9228905307212
38.50540762897815, 73.85238303292137
37.531231659161776, 173.38288588042968
83.98500040484508, 99.0021347645943
26.929069744904698, 39.33574990578883
8.969973769078388, 142.09946212877736
6.634919139214968, 183.43135683442725
16.57331742016337, 98.33143478421529
37.37469547801881, 2.495628367958669
85.52137222657926, 2.4924124384198887
2.3560397515912213, 83.09978340078558
16.80234836093367, 136.0393691372212
50.80928092433539, 116.89862910056547
21.085580747065446, 177.94277857009791
28.26197943034554, 158.87677214313504
54.430963232033, 108.78885425680735
69.82238949517324, 162.15325818703008
16.763194603110065, 36.372462270150386
23.672410831114654, 119.15595667717926
90.76261524315002, 145.83810296551988
67.64832854982461, 127.28327967174444
21.616658312497893, 183.0470583170829
75.99141302513492, 117.11386637377375
99.43953814921687, 128.78512528604412
66.36818702243559, 3.4815978836406414
63.3429339202243, 11.173466596314285
64.49389458206429, 170.16770952999357
22.93386640185303, 96.07875809372715
128.44875823658103, 121.8912616439301
186.35547014617126, 80.41852347020564
160.84915354461495, 36.11987105833671
100.11700738906906, 158.54502859018123
108.60054848776144, 79.818525710313
127.60355536156402, 30.060866460008874
181.5165809066416, 185.3619848944447
145.58963001537705, 71.31907943798306
108.6797423975295, 196.83544584446636
186.96359295812428, 4.9560608608185674
158.40395855233277, 81.76629971661676
149.16763501484235, 109.35330254775974
114.80819877733612, 167.68916175662
107.99703834011673, 25.976327450882074
130.0455463605423, 89.62923785681242
199.55755368462366, 25.116783735368276
187.3842421226408, 55.09666262439945
143.23902742992374, 132.7209796823531
163.34777858233838, 24.276793742301717
135.76072805226187, 81.27843513805738
129.06303393783398, 198.62234584355704
194.64597144480922, 165.80912527984077
160.64190209100803, 30.49621179739661
146.16279534569082, 3.1069374670723793
144.91466479933035, 121.91173145235679
188.41215496553747, 30.7520372634293
117.32347679093752, 163.95083491291746
112.96244948031907, 132.26934976967686
186.43598133953446, 69.58326948938827
176.83645328101326, 187.19170756449915
120.84826481751469, 170.16163177070845
136.53777357190475, 159.25587698738312
185.0041899169794, 162.85367710620898
185.21814936878863, 133.56869164870122
142.57154966878676, 178.93032382820954
157.4440487105418, 116.80469327771092
108.3260693697753, 45.13322935091087
195.69986911470485, 154.3170180487639
110.74022570596235, 90.45173054828743
111.76155930785812, 170.88687778861362
169.71510828908163, 79.7566893612119
163.18404118684134, 169.6340546276105
159.56601806387792, 165.5941705786273
186.8731678115627, 172.84382113501695
162.10404939155177, 186.86876682240717
129.8876379398213, 110.75840195341276
149.33640260102723, 36.51299789051809
183.28666160730026, 86.75915160137689
185.14989845711983, 72.43295697822458
142.74441349461796, 14.57987710769304
198.25478751191596, 67.6665687731395
156.6295480395245, 168.40412110618888
135.74991175846577, 58.20175146202116
124.31027596814988, 19.107570686552755
128.95050444931542, 71.6879674891344
167.991527814152, 13.771973428123774
101.53447297053427, 151.08687353201213
176.9178948449038, 22.425307582801036
174.85604747248567, 149.17892619608085
140.7764471182597, 196.19574992237162
139.47983669547088, 5.29023029189426
155.26522967349035, 175.16448093860606
136.4282951113446, 82.75004029811521
157.48888318507085, 164.34199154424255
179.8420134877573, 36.18060366638682
149.38799550308843, 68.3984048589233
115.87291003894843, 45.35937320722656
142.30740986171642, 7.402855011107423
138.72340651315238, 175.53121223480343
191.32123294628212, 193.9771451692102
194.49379856031197, 4.033710284555592
177.25212103427765, 143.21081111594506
115.37672259589404, 117.04152364905687
145.30556936352602, 61.05548414368987
103.97141739869139, 180.2542846634208
114.22539082403591, 35.06459852888817
188.21817480672883, 145.2952012699114
150.26706320227476, 170.513239641701
111.33263707287101, 44.5567556790935
197.84905100294742, 2.3063378250712807
