160
80.31635499517965, 75.07212424513769
34.72908218705337, 132.6964223724442
60.849012531294385, 182.0347099874522
81.06271127300555, 27.621801261775232
30.74483950223795, 137.70808009073124
37.51994350676389, 137.70787410289404
33.65797279514189, 178.6310884362906
90.44896337987856, 157.20637781086117
97.81808249346126, 6.831893074290782
13.307946203889905, 183.06554901821502
18.593068028506735, 18.943138004799557
98.447862294314, 184.88443947044885
59.75785149288717, 113.32201303375354
16.204617562307533, 56.75134839259225
64.62210758220212, 101.3315969189865
2.9873690545968756, 141.16253897212337
74.11742858934717, 100.96274972568368
85.46572727022205, 67.3689784608182
55.09639491291895, 108.66690529686957
79.60575057077351, 186.57793400892075
42.642174988478345, 127.64985738475904
97.69548245397917, 66.24488641248196
59.08718045109702, 8.57216161405971
29.548049464909035, 100.80999681457942
68.45492091199701, 144.7184650281023
17.484920985600766, 140.62175576984853
95.99682006274192, 121.69909714633175
35.850973979005275, 31.75220661270353
1.7597704946797492, 154.81336211718758
56.25323912863512, 165.78150015758285
72.38388912286598, 136.114350513109
58.2170614112393, 137.79907901623233
54.94797109700189, 166.84077214794604
73.07043473537755, 132.35558487738362
46.2158211948357, 88.39502508831977
29.038396581401358, 145.3307237052877
11.947165420438893, 64.26319270949995
10.961900205255894, 1.7580832109914724
26.565471539032004, 71.25055649709725
21.36455264268824, 56.784028189981846
7.036726955517572, 44.60274875257139
77.04459314477974, 6.3015031976272695
89.70684735115782, 114.26842678923205
14.003611761823691, 161.5427244390429
88.6277047004354, 96.83813784015666
89.56030479382585, 7.554188375554799
69.47349249099396, 62.986459902973905
32.44604500876275, 196.7263625998139
70.4292845293526, 137.11996452045855
24.075725975962342, 182.14912915609295
74.15170102542005, 30.832685618336527
16.623875349984033, 21.899459043241322
40.57604805729535, 76.28387331939425
87.14095983236452, 86.89587138356741
82.8399175569425, 76.82331456720165
3.098028238846368, 186.44925515467023
43.85669419211448, 160.52925157206502
29.449892799472963, 154.51993343451355
62.641716329094294, 40.0102590844219
28.879620994156213, 66.14073342990146
20.843124897871917, 38.49179934096288
54.180195126174254, 35.58775163012753
83.63251275973239, 21.86868653957174
46.69987721799184, 96.50873011654474
34.84888842249213, 105.30708927508344
78.0953159551697, 8.44404919297618
94.74914797499807, 137.153655075173
57.9324445655929, 104.52466756853023
21.83949394055587, 81.86567997509829
8.60486978723447, 162.2014981904552
13.751296646689795, 114.07271391500772
2.0005008212263533, 124.2250102269413
69.21825992643461, 171.18877077130196
97.63382076696071, 131.68419823372022
38.46541155447607, 182.7299869148175
60.597520802881824, 69.73821491792403
10.093115001066886, 74.01325635666002
56.56184354983713, 38.970249931274225
26.05836929193334, 196.38428148583847
69.05057123597751, 184.61965790729278
103.74802846086665, 90.10785590445127
189.36490562888724, 98.77163584145447
189.97901028048003, 172.42106254012282
175.40349446784205, 106.46900640158674
111.97811479343997, 126.87167508087005
194.2556478881071, 137.22934407084384
156.44907729181818, 157.14596164430444
171.8449668865417, 170.00700141340837
101.8992414014121, 37.078314366341125
167.91656665627062, 129.74015959171018
172.40990003478913, 53.72678689778987
147.01614281544147, 196.63435466564093
129.3695551279858, 130.59624721402366
171.94641064839473, 3.632489410668782
165.7447457939192, 72.67684525404287
149.74797946072465, 65.58886874128132
116.23283674451012, 97.1393026107579
125.96140975716705, 18.24621103547117
124.2119753362142, 121.96846602837186
126.46878840789036, 129.1209696704404
118.35730819346472, 78.32961739691238
153.69484192684723, 28.653890002819704
172.9923020146225, 26.493430984201893
147.52660788374632, 41.6110910738521
179.74477509703888, 69.00685932882764
130.70249466750573, 161.86552973230027
178.05759051497105, 159.48392290966012
196.51719125490078, 43.67006844203789
176.27344661284616, 128.92301639635002
170.95220665434067, 151.94659574973167
148.11432835197365, 73.00713128313873
101.99284008079475, 94.54715716406045
176.78495470718394, 155.76446401300473
175.84628740291876, 114.05789014107033
181.3923403720712, 165.73692418653735
159.33509836437062, 194.667072574997
124.31848846668882, 12.74502393834589
125.19001611470377, 50.08533390334628
115.56744980243889, 137.40079966633272
176.68415880871703, 50.089845571869
158.34944055113883, 16.79364863760955
133.70016382959136, 82.48094923504917
117.69908572357988, 191.33341420246342
125.22921201646437, 94.7848700343847
144.92325242304128, 171.8067063057723
154.2075011557664, 2.064399896369662
173.65536717974243, 114.15954170484244
189.2259504089104, 155.70085397810092
179.25226284420333, 147.65904575937375
106.93060107583257, 142.8437484593812
134.256125384101, 97.29444295541585
115.14068968616554, 19.948620896339463
103.52510976100274, 21.44857664136699
108.75582022713411, 16.74818604205679
188.53797485205098, 74.99178501597046
169.06136258546434, 124.33676316790871
144.8516788850272, 190.49421933745404
106.25970052114275, 125.38690330037443
177.27732737109613, 0.022293206825829692
103.5557572052699, 133.14925635894696
167.46442863003955, 21.856586121437083
106.32364332984295, 110.63942686186385
115.74133912348687, 88.84593354251047
143.240128415347, 126.74716717399681
142.80016029675616, 158.61177996483505
123.03301888355729, 74.04193660726037
172.89515447428118, 150.98183152512993
105.80069240714276, 158.90942288968643
119.20337735923513, 32.93456533083818
152.98036458052079, 101.96945075821189
110.2557649837146, 45.86510926486464
149.91471842862418, 114.10852323132178
110.17456414925564, 127.11557015821633
158.9310241976347, 171.93376564015585
107.93180942362774, 158.93258801176552
110.60631254055791, 41.24254436326329
190.30098391311196, 79.35197775968112
196.78053515558722, 36.65471985582904
198.02809692116637, 198.89441384589736
104.75075661304284, 198.2830188650111
