160
42.86569997405299, 117.83011390842537
67.2216039143041, 70.88888529504655
47.287401256544236, 163.1071279548059
53.00190560474677, 185.89908477758013
54.86442249924297, 69.99513772254838
12.348506510168844, 44.83586850167194
41.41729484997661, 188.31187604716544
37.0083582285404, 157.0765590887952
27.232534835190748, 158.54216452168887
91.61860073871414, 49.54326902017199
46.50043479737277, 95.44272987754314
4.742524737044157, 141.06606088073067
34.81025389246389, 58.52790530758316
28.700568096750057, 3.3216122493177958
44.78892186684149, 104.9528363996987
91.43166145871413, 37.004338183745176
27.3741002616814, 29.989130975325573
88.23830653271848, 155.35910678611202
30.658658967156548, 46.20893475741597
71.56743031325153, 20.605559357368787
88.34595703995099, 109.79624038802802
92.72757050785347, 92.9069294866957
84.4142225651364, 60.135822223479465
83.4528051167235, 122.75725367685632
47.39892183123732, 157.5466752972887
48.82050405753774, 134.12311952367494
82.08780359939034, 72.65188167168284
79.46758754764814, 24.793446026722066
83.38424787252966, 68.43421992623063
65.17396499779025, 34.94441150428285
22.733239102280635, 196.25281932488002
10.420566056362457, 178.7035258944869
47.797422316871504, 151.73732207176658
82.87128564874624, 23.679938673688433
65.90786610828883, 7.6362826193106415
55.4448556864001, 64.55854479293133
78.82323022054497, 10.395144890806431
40.705142999330654, 72.58023289239519
15.091142921850565, 124.32599769836273
75.78311747375946, 87.31333675717784
73.5762836939713, 87.45289587987757
8.66139832252153, 113.33567531229554
77.8128734667344, 119.64070153948208
8.806019040425628, 156.11086323335317
13.971936621590853, 53.62562564723028
62.64784067150647, 68.42174984554114
14.674497419716259, 190.41049811315355
40.87296057653896, 182.59019527901776
35.93185424940394, 81.05952302341746
40.2465474842763, 54.64413449205241
27.002809880808677, 28.24152907248766
30.508356424601, 30.626111652318432
57.5686216863396, 63.50418155340858
68.82357584058457, 52.67725704374459
18.686085802798125, 170.5674162922081
53.58305226305039, 41.76911502370777
82.99979382151803, 82.70642320629536
75.59195842340873, 96.80244144464012
23.562761883969298, 133.30547629483513
6.795946637280476, 62.1211189089903
26.24973163756802, 44.373509651397534
23.88941788988329, 147.598018550494
39.73691391809404, 106.31631448178373
36.79633307605978, 5.967357009354601
45.17299878669735, 9.504325694705074
48.66531755043502, 42.730475397072546
86.55397832985552, 1.9068122746356053
97.11744594092573, 155.48391733659633
92.05144253082588, 85.53525591446672
11.692761747746994, 167.40937152053087
67.55106935741442, 43.84485048121232
10.92261393181463, 92.87795513779056
71.31056811573825, 173.3150782372052
84.73771279851954, 31.904961159155864
87.79585248268947, 189.38240916019217
38.67639706141815, 90.03474312297837
83.16905878423312, 99.63246784815874
17.548866599901935, 197.19993874353247
37.016953406210426, 13.635508736382928
27.712660165283943, 165.51646749347674
157.13430002594703, 117.83011390842537
116.66426610273713, 36.826475992198525
152.71259874345577, 163.1071279548059
146.99809439525325, 185.89908477758013
145.13557750075702, 69.99513772254838
187.65149348983115, 44.83586850167194
158.5827051500234, 188.31187604716544
162.9916417714596, 157.0765590887952
172.76746516480927, 158.54216452168887
108.38139926128586, 49.54326902017199
153.49956520262722, 95.44272987754314
151.2058041540156, 119.42548831036642
165.1897461075361, 58.52790530758316
171.29943190324994, 3.3216122493177958
155.2110781331585, 104.9528363996987
108.56833854128587, 37.004338183745176
161.38306476018792, 64.5400459328157
102.54152433090653, 76.51500122238275
169.34134103284345, 46.20893475741597
128.43256968674848, 20.605559357368787
111.65404296004901, 109.79624038802802
107.27242949214653, 92.9069294866957
115.5857774348636, 60.135822223479465
116.5471948832765, 122.75725367685632
152.60107816876268, 157.5466752972887
151.17949594246227, 134.12311952367494
117.91219640060966, 72.65188167168284
120.53241245235186, 24.793446026722066
116.61575212747034, 68.43421992623063
134.82603500220975, 34.94441150428285
177.26676089771937, 196.25281932488002
189.57943394363755, 178.7035258944869
152.20257768312848, 151.73732207176658
150.44912916295658, 16.360606959019997
134.09213389171117, 7.6362826193106415
104.94024106831536, 10.933885073194393
195.42075890352078, 29.475025115521714
159.29485700066934, 72.58023289239519
184.90885707814942, 124.32599769836273
151.99407026158832, 23.83039549100696
126.4237163060287, 87.45289587987757
191.33860167747847, 113.33567531229554
122.1871265332656, 119.64070153948208
191.19398095957436, 156.11086323335317
186.02806337840914, 53.62562564723028
137.35215932849354, 68.42174984554114
185.32550258028374, 190.41049811315355
112.87435250093488, 166.87349096140366
164.06814575059605, 81.05952302341746
159.7534525157237, 54.64413449205241
122.6723930217735, 40.01311335435667
169.491643575399, 30.626111652318432
142.4313783136604, 63.50418155340858
106.59130462421896, 21.63913166954099
181.31391419720188, 170.5674162922081
146.41694773694962, 41.76911502370777
117.00020617848197, 82.70642320629536
124.40804157659127, 96.80244144464012
194.14755181083223, 179.8058776236366
187.5086240516963, 90.96472968111719
112.58787259911199, 30.607456425461542
176.1105821101167, 147.598018550494
160.26308608190595, 106.31631448178373
163.2036669239402, 5.967357009354601
154.82700121330265, 9.504325694705074
168.81052008845182, 35.903035834379146
113.44602167014448, 1.9068122746356053
102.88255405907427, 155.48391733659633
107.94855746917412, 85.53525591446672
188.307238252253, 167.40937152053087
132.4489306425856, 43.84485048121232
189.07738606818538, 92.87795513779056
128.68943188426175, 173.3150782372052
115.26228720148046, 31.904961159155864
112.20414751731053, 189.38240916019217
180.58340590206882, 165.35319528505113
116.83094121576688, 99.63246784815874
182.45113340009806, 197.19993874353247
162.98304659378957, 13.635508736382928
172.28733983471605, 165.51646749347674
