208
58.33741277086697, 138.6133400983381
74.96477143297345, 33.26119222782968
82.9259330172554, 151.14015765036862
93.58010023902854, 9.538285689882663
39.23990675576399, 66.98705982256992
40.727428179066074, 149.13000023123953
84.36155924807439, 39.67747193140174
4.006476919849932, 84.25003277515002
61.74634141059714, 93.23198777832695
72.60691926407446, 100.33539226704924
97.54032568647766, 16.63796308108838
93.4299222415244, 34.92297580305368
93.8095600251166, 179.4006920756424
72.12425983348747, 179.74817198781204
49.44283904265404, 22.34629660608265
89.09695556459438, 133.04679733261105
87.35378404629385, 168.1083377114687
9.358567557148302, 10.115904075950422
83.1318319209887, 138.80112235685445
83.24139306823653, 4.816677889009058
64.15222525561447, 37.55068485339481
17.127649057278603, 198.38261616278515
82.32518876612716, 10.779913565322286
33.31763312662337, 103.57593453403541
12.669277579031846, 137.82704789385417
97.22396071293883, 115.08959731598243
80.96836096595912, 154.26620555436733
66.48790229869851, 144.13381141433962
41.836902158533775, 146.48438896397423
63.900087104309314, 145.05607119448862
32.49971856352237, 181.04173670731097
76.72148181272752, 140.18304189041788
34.207848310632606, 73.01568037988847
15.502742085776255, 87.08431524417107
37.96285299515596, 39.96212566830197
14.917046667779921, 16.044462308324192
49.08260028651677, 96.07041551025387
21.663471313401683, 53.313897176210844
84.23899688377809, 172.29638876786325
20.14432367030129, 26.642784656413543
71.444542259087, 161.54461551419675
59.80071085764146, 81.71277994085587
16.432473938511126, 128.12161624640405
79.19417991593943, 55.65554920622846
6.924315456214436, 172.93993649199194
5.401127897919822, 26.29278114367921
28.47346220308299, 91.99777044728745
50.6043085281662, 109.32923094904456
59.10288457850105, 73.46260550318773
55.58504517983275, 86.56773516328771
50.44156336512346, 60.922947879421294
56.5310780208368, 78.07413515789503
56.998095542180224, 55.26159422224812
68.95695900544159, 130.93890390218695
13.279736660037432, 127.53604351228121
12.982308115617979, 85.81317411322243
96.71697259834528, 112.08586841424997
7.009269262907503, 56.60986562470258
57.81052199115966, 187.26892370364777
86.62458722475344, 14.532911575731733
8.713051194746003, 96.29214684342762
81.72277243769793, 142.2609742546796
99.49845336440481, 18.926152848050105
93.20434357243144, 135.0585324104255
0.2665752235178398, 70.67351346731563
41.22980355908601, 199.79070733247127
46.37174635638899, 169.3213932444165
73.35406013472311, 85.89682095826457
63.918560967399365, 1.3707045008209517
35.80384054952045, 78.96924839017268
25.759938621253365, 124.91253698081108
56.796511593678375, 158.2786410304494
70.91150047233447, 53.94275348296323
21.181017944020653, 142.54490839329665
3.5687018774325896, 106.00512497627534
7.34804651699974, 174.57277028765486
89.00281728000799, 98.19748831379265
4.028870801157957, 170.03777647225522
73.03037045796341, 151.48624220150043
5.855427127770152, 64.71854206280283
24.713191969034533, 187.1900293133716
51.048494272400276, 36.46918310015419
63.19374814844646, 99.00883118298718
0.3706336493684126, 29.208364489282967
22.518184039565515, 23.404082841919728
93.84165477706725, 11.57987991011964
26.595878894233515, 163.26083776074015
16.94259211386864, 49.314859428527534
21.500882681147903, 35.186484198791824
44.54906571401914, 26.326434323656578
30.86956617836938, 43.51519140238038
72.50191597498079, 22.089979175607088
11.299199622759104, 167.2002885771661
31.578746171159345, 146.01381727538697
7.914053990610482, 39.42736637021695
61.9009771897433, 134.67064997195592
28.561813023091787, 197.3206667980406
37.62118973849019, 97.6204247942011
21.065239399364078, 7.27794866789051
65.89718123759465, 93.17729272976285
76.48886984139517, 18.3655570623819
24.002079618111928, 99.22305269864162
11.836037019135738, 3.8949832645844618
62.11451119894543, 28.95806267528367
68.84696503699443, 195.73271082497288
64.1780774986623, 114.19800419868487
63.242258347719016, 112.05948967155277
89.82229083316729, 47.419653310649636
6.07637535852954, 16.57814241754685
83.70616668505531, 94.0926301999756
44.46776658013702, 32.96428587183626
3.614156412070768, 130.79960045183725
8.33059477562259, 55.100574910577826
32.17547056865919, 162.3404020468208
44.613139510053855, 50.67181053932763
19.00685645542709, 50.14026228292761
26.230714400655465, 6.738119298736556
36.442001475881995, 106.92037115890962
47.44949461447771, 25.319087566815067
67.14913112547863, 31.426089755893273
46.29217420544342, 74.52717519613799
11.417008757262215, 19.93652701475266
95.88024470229149, 133.95976256746397
89.7659235973219, 130.90438272576196
42.169327922341196, 159.68155817242152
13.946530668934665, 46.5554214845377
60.33250598879771, 191.7766891885998
13.18211793452112, 108.48534825389038
141.66258722913304, 138.6133400983381
125.03522856702655, 33.26119222782968
117.0740669827446, 151.14015765036862
106.41989976097146, 9.538285689882663
160.760093244236, 66.98705982256992
159.27257182093393, 149.13000023123953
115.63844075192561, 39.67747193140174
195.99352308015006, 84.25003277515002
138.25365858940285, 93.23198777832695
127.39308073592554, 100.33539226704924
102.45967431352234, 16.63796308108838
106.5700777584756, 34.92297580305368
106.1904399748834, 179.4006920756424
127.87574016651253, 179.74817198781204
150.55716095734596, 22.34629660608265
110.90304443540562, 133.04679733261105
112.64621595370615, 168.1083377114687
190.6414324428517, 10.115904075950422
116.8681680790113, 138.80112235685445
116.75860693176347, 4.816677889009058
135.84777474438553, 37.55068485339481
182.8723509427214, 198.38261616278515
117.67481123387284, 10.779913565322286
166.68236687337662, 103.57593453403541
187.33072242096816, 137.82704789385417
102.77603928706117, 115.08959731598243
119.03163903404088, 154.26620555436733
133.51209770130149, 144.13381141433962
158.16309784146623, 146.48438896397423
136.0999128956907, 145.05607119448862
167.50028143647762, 181.04173670731097
123.27851818727248, 140.18304189041788
165.7921516893674, 73.01568037988847
184.49725791422375, 87.08431524417107
162.03714700484403, 39.96212566830197
185.0829533322201, 16.044462308324192
150.91739971348323, 96.07041551025387
178.3365286865983, 53.313897176210844
115.76100311622191, 172.29638876786325
179.85567632969872, 26.642784656413543
128.555457740913, 161.54461551419675
140.19928914235854, 81.71277994085587
183.56752606148888, 128.12161624640405
120.80582008406057, 55.65554920622846
193.07568454378557, 172.93993649199194
194.59887210208018, 26.29278114367921
171.526537796917, 91.99777044728745
149.3956914718338, 109.32923094904456
140.89711542149894, 73.46260550318773
144.41495482016725, 86.56773516328771
149.55843663487656, 60.922947879421294
143.4689219791632, 78.07413515789503
143.00190445781976, 55.26159422224812
131.0430409945584, 130.93890390218695
186.72026333996257, 127.53604351228121
187.01769188438203, 85.81317411322243
103.28302740165472, 112.08586841424997
192.9907307370925, 56.60986562470258
142.18947800884035, 187.26892370364777
113.37541277524656, 14.532911575731733
191.28694880525399, 96.29214684342762
118.27722756230207, 142.2609742546796
100.50154663559519, 18.926152848050105
106.79565642756856, 135.0585324104255
199.73342477648217, 70.67351346731563
158.770196440914, 199.79070733247127
153.628253643611, 169.3213932444165
126.64593986527689, 85.89682095826457
136.08143903260063, 1.3707045008209517
164.19615945047954, 78.96924839017268
174.24006137874665, 124.91253698081108
143.20348840632164, 158.2786410304494
129.08849952766553, 53.94275348296323
178.81898205597935, 142.54490839329665
196.4312981225674, 106.00512497627534
192.65195348300026, 174.57277028765486
110.99718271999201, 98.19748831379265
195.97112919884205, 170.03777647225522
126.96962954203659, 151.48624220150043
194.14457287222984, 64.71854206280283
