208
60.83936098703869, 146.46518850782275
21.645700509290776, 31.19724750628339
63.010730825230326, 171.80331645857763
65.85045171620716, 119.79355440428199
5.199995900268963, 133.35412557354087
77.94877889136218, 111.38994205970232
5.9574781828604095, 32.12083539564934
76.07027988491234, 54.45521418479548
20.732878089336538, 58.705146479122234
37.57251798766429, 49.99325264119581
8.20127997046368, 187.553789279297
59.094370360735084, 33.793154765781416
29.792987393846758, 165.39031052071402
35.426905245896755, 97.17552345091906
90.63890332301708, 135.26444887663573
96.96849314308415, 154.42120654913515
64.70126884034704, 126.29767448662307
24.801683554302436, 17.020007703420582
42.52092843609966, 187.65721007297827
24.021635995786795, 111.49987118023333
67.25246677690596, 2.938507811512814
40.417127512376595, 158.3270000883948
57.322383729940874, 140.27287840315716
91.10194958901742, 45.582434575822425
14.365973038781185, 81.07805347904113
56.331825588904024, 41.188558166627644
38.11656703185967, 15.83596219250014
76.14010006571708, 26.095048839265655
23.78731751402954, 149.78829173427144
53.80225746196825, 23.508897610323174
41.8388351136635, 121.16563202859321
31.335657141858835, 9.035489100143039
51.79461802303387, 105.94518469674759
82.09301378248298, 142.1901789046522
36.32600169418453, 174.0544203417971
55.11361848356804, 42.786441702979985
72.71291910939667, 77.86461173961536
53.50522465914271, 155.81830920111736
78.45261916234342, 187.9101589319597
15.551716830431854, 11.517331065443145
50.59312201602493, 157.94424090308806
50.642040247465516, 59.822630434314036
32.84966413428165, 167.54658887140118
88.12451075372827, 72.12562468327239
52.48571122953676, 17.398133278723083
55.15335664821618, 108.51028340407254
48.541523088648745, 71.55732406436944
8.331725765380149, 129.12650192403146
38.8901147883858, 35.22253649592709
38.905469690408765, 134.97033592248124
87.40795640112158, 30.64499603058418
5.936773990916744, 196.02102780108262
29.814545821218232, 1.899069996764835
61.4074865136483, 113.61496225669549
65.90549299382917, 131.76195008142003
5.118616587407249, 106.8524442464135
97.70045346031881, 195.547963289207
81.16055641382725, 103.07838995715781
36.1937685963605, 73.89322062673006
99.88546691054202, 134.53252540583756
0.5358517111168526, 186.22605107761393
90.53219097258967, 131.55876631261975
67.4010306107715, 63.088263561973044
8.335909270834584, 74.39930836204674
87.45570520033095, 110.37834348738558
14.465311746437514, 92.59075521323189
48.2166193368895, 123.4443886930948
5.233462286486066, 128.52803461842396
37.959760914333096, 179.8487777175786
69.49560839283785, 2.0642141223218076
54.96930167635062, 88.42028689390888
55.13719395621731, 106.88774014622
69.97762736173756, 152.80575615436467
32.971712850824346, 18.36869287242706
63.44017357574469, 92.34243977587874
42.90305483761425, 1.868252298323398
0.10770856468822476, 182.72642847451422
47.41852949192353, 142.12754211025597
46.10374802120769, 91.75386144846054
69.04552186880827, 177.57818616143038
74.76509732127043, 52.283545777879084
46.213367903206105, 69.70691088156372
40.178243195674746, 80.40539560675788
31.29485783497512, 197.57205941765065
2.24764937825761, 107.71347674089893
11.47597746986052, 174.1173812742836
42.07979687655894, 24.210317742273713
19.84047376365956, 179.64206843119507
48.28994996477458, 26.31470867208774
9.84467600968073, 62.05643733086079
74.10373705483944, 194.1878888784547
59.17569749448588, 44.54256751672197
62.99882672460494, 197.20240873638122
29.615224043723863, 168.20943968582316
45.09189586175374, 119.21938287288421
72.58984199493804, 125.77217878466571
40.96379732473634, 72.16227778190864
39.741823857748415, 57.96435344277582
27.31580337523737, 14.716756165154665
98.35940160175566, 136.05931979524115
61.26645714153069, 21.88611175458186
90.9602639674692, 199.45099979851
2.6367931543708423, 46.83301353347058
22.272971234988105, 27.88662232073069
53.28937320178755, 172.9467141869461
67.65001923326905, 154.38125793937633
27.145049316823886, 40.67894782121173
82.43519542806106, 125.93645068122399
78.646989038328, 52.75888600370613
65.2322361752939, 51.830122756246496
20.783911416411105, 17.630358976026272
97.93668234188885, 94.37800264295768
78.6275941543089, 127.93222243947815
36.25052533046631, 107.58181022696212
29.842101674175993, 48.245748232361564
24.129826896678097, 24.700626384828862
8.252627859635053, 85.54276096632796
21.151894350031476, 194.38364500409605
29.44755580733347, 43.36102139709639
62.4297421922386, 125.19058005534455
55.522431567062405, 23.78493462492086
72.36288304307354, 73.95888349113918
89.78924262924893, 151.59211070362153
11.64169860777131, 74.45957778650964
53.39148060348955, 94.14484372400153
35.82038823528516, 26.7320644189208
87.83766016081108, 126.98629935913608
30.880868554690068, 56.41983916945603
114.47163950261671, 140.76265483574673
178.35429949070922, 31.19724750628339
135.60071573219562, 136.11327818632805
100.39631429044191, 115.98504024315979
188.4084720548704, 82.00600518049967
122.05122110863782, 111.38994205970232
194.0425218171396, 32.12083539564934
115.04292027973798, 29.427788779179977
132.96126504020765, 14.277594644760683
162.4274820123357, 49.99325264119581
161.77579314047455, 111.51803726321316
140.90562963926493, 33.793154765781416
100.82432876126443, 127.02316018969053
164.57309475410324, 97.17552345091906
109.36109667698292, 135.26444887663573
148.5795676679445, 161.01569649310022
180.81399100162645, 101.9593435688917
175.19831644569757, 17.020007703420582
134.23834423270793, 166.37942873705495
175.9783640042132, 111.49987118023333
132.74753322309402, 2.938507811512814
163.09521126232653, 140.4011114136723
166.82485797138563, 134.52454357922937
108.89805041098258, 45.582434575822425
165.4046633900603, 144.3992471422977
163.7498584755328, 116.96038852423331
195.75839935854495, 55.54664655275536
123.85989993428292, 26.095048839265655
103.18086709990025, 117.0314045827417
146.19774253803175, 23.508897610323174
158.1611648863365, 121.16563202859321
173.1398349614529, 74.15485512067126
123.76644203631979, 108.7392480838781
126.56357599078382, 108.29805533013305
163.67399830581547, 174.0544203417971
144.88638151643195, 42.786441702979985
193.7626310582063, 116.14742571077767
110.55207247357454, 115.07766724234688
160.73179852475982, 162.23221603348114
169.63561952864262, 86.37778487355783
164.9932577292255, 194.1696278359254
157.98607199204673, 123.31680917551454
183.04615291338015, 164.50274415094142
111.87548924627173, 72.12562468327239
147.51428877046322, 17.398133278723083
144.84664335178383, 108.51028340407254
174.79381432309253, 23.4603509042298
137.63469660363225, 157.38854841567112
105.78672661755722, 96.75122761754767
136.2661665471433, 182.76405570539097
175.94670222095885, 66.07940947633726
194.06322600908325, 196.02102780108262
102.92027284857731, 9.507586155676817
138.5925134863517, 113.61496225669549
175.6043321190565, 84.62840867891373
191.1295662405334, 115.90538580986941
170.05137241972116, 128.92064313109455
118.83944358617275, 103.07838995715781
163.80623140363952, 73.89322062673006
126.00915558131646, 189.61295568195214
199.46414828888314, 186.22605107761393
187.39290091385277, 185.85051395805158
138.58917750803877, 36.2248133999747
191.66409072916542, 74.39930836204674
112.54429479966905, 110.37834348738558
156.4912375904489, 168.39001783660575
151.7833806631105, 123.4443886930948
168.3440162612407, 174.66499599700433
162.0402390856669, 179.8487777175786
151.87807614712364, 36.17561227653776
105.05402375504586, 54.87745829759696
144.86280604378268, 106.88774014622
124.22094295795007, 171.4391701244201
165.03148822345372, 43.605574470134
167.49306743419635, 45.082909154121545
109.84591745276144, 19.889736980968166
199.89229143531176, 182.72642847451422
190.38347997925018, 96.71171382545253
153.8962519787923, 91.75386144846054
130.95447813119173, 177.57818616143038
