160
9.582146662870095, 57.90743094797044
78.29043171452255, 79.98316028381822
92.76511447265776, 184.93921575443244
41.131012812302544, 165.52156342753833
55.92653481768417, 80.63483077756032
8.343668830087545, 104.67366929400362
41.11452939653078, 83.5264696211758
23.96205216997091, 12.071294207412038
87.97466339740278, 192.7892567717102
67.92889091203207, 35.39983722622746
17.963305213996083, 195.43617985060584
11.420402276655231, 27.75184212159047
49.20134735760841, 31.3687597904881
11.458018340095833, 180.51605260257318
29.214024780898683, 150.72533436727818
25.51905414553426, 73.09194602341917
9.451730506131117, 194.01065865374264
44.22972134121993, 156.373141917109
49.68264491693729, 73.92182318170637
57.799260213268525, 107.14051220487895
43.25100901016052, 99.99641659378138
92.46317584398705, 183.0933439960135
20.903027394146857, 37.62935524316138
82.33193893281818, 143.98878048124425
69.99528348138398, 28.67604170008431
91.90946540590097, 89.14320383028623
45.60501035589448, 95.80550161237707
14.127184542406354, 31.052853082000453
62.25759116197046, 156.2695793599073
17.792760699435938, 69.5204987535176
18.385957888113147, 156.51514442906767
93.08568894286901, 99.07630770907792
3.992712103573115, 110.1098122209923
3.4646870932447893, 48.35258553140973
61.69726741452358, 111.95499010053484
81.2531296484917, 59.60456886813162
39.38506759432606, 128.13268633476468
30.025203005079383, 175.68530471710514
49.29522820760339, 147.57357432228935
86.48491685231005, 150.68092716987144
59.92543345786441, 196.39598041746876
68.9164485227975, 155.25291753970134
16.25086171355322, 82.28255508777906
46.395495141374056, 137.00940396191749
71.39449394960471, 129.59256419675006
91.86354961411713, 96.15620124575841
48.403906849973524, 123.64372356135192
94.4508601136892, 27.961402184119407
51.679818957857854, 54.29606085562553
43.599722174096875, 17.031835460337618
78.86817677147309, 92.16036362518605
31.103292644398692, 96.65163745312013
75.63936839090795, 6.128662965855769
24.128351419117156, 170.35060469388497
88.48235776304355, 69.96750045731486
25.42921016687879, 50.44616645901889
88.07861115160001, 144.39868731926913
85.5275489866852, 129.84706035793005
29.057585666881565, 140.82047338631045
49.31230390728187, 65.93664452722246
24.300555650542815, 135.34752750596425
58.465790200070586, 168.95373766887175
40.10032871061811, 149.10080089917315
23.490080868826098, 73.76647507818467
37.5060974808582, 175.68829980292284
79.00347326562607, 171.4231878440536
56.52007842595843, 189.97234929761478
11.853453811435921, 132.94099353936474
6.23747389792456, 145.02214563765813
23.767180364060327, 191.45325896034726
58.45087806595116, 163.9061633188225
77.63015199664277, 158.9548847977034
80.61426290285318, 139.43066138047965
13.856764015770217, 163.16867219020858
59.02539626938362, 94.89129581677949
63.076012310023906, 88.50881906474763
85.101650943843, 8.790470581591705
83.95471960589677, 62.74306012036118
24.67477371025808, 44.6843553863993
28.37570136365689, 54.94586854899075
190.4178533371299, 57.90743094797044
121.70956828547745, 79.98316028381822
107.23488552734224, 184.93921575443244
159.20947231209738, 138.25371518860024
199.96836806974773, 35.894060937216544
188.79393017457502, 83.74264932189139
158.88547060346923, 83.5264696211758
169.25957362026122, 29.799641858441618
112.02533660259722, 192.7892567717102
132.07110908796793, 35.39983722622746
182.03669478600392, 195.43617985060584
144.3861688874073, 20.183534226067223
150.79865264239157, 31.3687597904881
188.54198165990417, 180.51605260257318
170.78597521910132, 150.72533436727818
174.48094585446574, 73.09194602341917
190.54826949386887, 194.01065865374264
178.4431102619002, 187.93723884064704
161.0665532365362, 153.76869867148528
142.20073978673148, 107.14051220487895
156.74899098983948, 99.99641659378138
107.53682415601295, 183.0933439960135
179.09697260585315, 37.62935524316138
117.66806106718182, 143.98878048124425
130.00471651861602, 28.67604170008431
108.09053459409903, 89.14320383028623
154.39498964410552, 95.80550161237707
142.75036937922744, 70.6844448706758
137.74240883802955, 156.2695793599073
182.20723930056405, 69.5204987535176
181.61404211188685, 156.51514442906767
186.4171605513491, 39.5169632229744
196.00728789642687, 110.1098122209923
196.53531290675522, 48.35258553140973
138.3027325854764, 111.95499010053484
143.35645055677963, 17.46847472279447
160.61493240567393, 128.13268633476468
169.9747969949206, 175.68530471710514
114.38422536755128, 183.29911827084058
113.51508314768995, 150.68092716987144
198.60163002119015, 154.3176821986042
174.74371046226082, 174.92098200787825
153.18688537484175, 59.7313469417994
186.55887345243505, 199.1458699346476
128.6055060503953, 129.59256419675006
129.05114130086537, 162.10719481135055
151.5960931500265, 123.64372356135192
104.59691157560542, 98.65972095322084
113.28047789046967, 121.46655246299365
156.40027782590312, 17.031835460337618
121.13182322852691, 92.16036362518605
149.51160064025208, 64.36626373009912
124.36063160909205, 6.128662965855769
175.87164858088283, 170.35060469388497
111.51764223695645, 69.96750045731486
174.5707898331212, 50.44616645901889
149.1498232005648, 199.37176265954912
114.4724510133148, 129.84706035793005
191.94678377317982, 174.0969790266579
150.6876960927181, 65.93664452722246
189.8966455200525, 171.02355766217886
141.5342097999294, 168.95373766887175
142.6915050582941, 159.82087699871337
104.71722368322399, 151.76671759974104
143.71362734968315, 150.91493367751448
156.87013710288832, 111.62589969582419
143.47992157404155, 189.97234929761478
188.1465461885641, 132.94099353936474
197.5747687240078, 66.31344388387019
176.23281963593968, 191.45325896034726
165.27622523054816, 86.01075811167647
122.36984800335723, 158.9548847977034
119.38573709714682, 139.43066138047965
186.1432359842298, 163.16867219020858
109.85986410444933, 171.80863696664557
119.67597757777256, 129.44995460238206
189.8060527043881, 77.407554696575
113.88571644926637, 19.117281315751544
175.32522628974192, 44.6843553863993
171.6242986363431, 54.94586854899075
