208
91.34955264434822, 12.430755416572147
20.84071102245868, 49.32830328177196
69.34097721194928, 102.34998637548836
51.45225501723129, 183.6054224599891
61.2636461560903, 169.81614510631172
10.643767948911442, 153.349071032931
72.50296006172667, 176.46600813947174
20.626394580410967, 197.00154691087818
4.346711964321582, 101.00627544200829
89.24984532233844, 188.05277966248326
57.26828753449706, 38.51356163521147
44.12418367659336, 129.671130352985
97.25715410018071, 122.41499978309824
88.36155474202204, 115.67069432651506
15.34649264962723, 140.69311600981175
15.827434521027694, 199.52100762905218
11.516708085638516, 47.84702363086224
28.80290812851897, 20.3953319000346
26.015983657993946, 192.01261464567324
32.775021594969544, 156.1572761697211
10.607976473350034, 175.09212693189826
13.270332427077724, 171.0203608007352
68.06124084948891, 114.27401136369741
30.324226462722336, 23.431669008659874
65.00724891538006, 10.992106061738527
80.30194697177174, 5.645532264453945
38.37650612397876, 130.64090428194672
0.2623296886788862, 95.55544827227716
91.85573571190777, 116.3569041953546
66.57920118542195, 94.50478773933118
66.02575926897649, 150.83688001224345
12.072128908591374, 152.0676702228898
16.541256181138976, 93.04456353366439
97.80012478693571, 21.01536970104876
3.1303211815633225, 51.723275521328404
20.663154344405545, 177.6556261435935
18.050476213783984, 10.494902331427713
56.57665876066472, 141.47216702099598
13.54097680561055, 42.47693511669603
96.24507865058305, 81.50001640076741
50.73354234287862, 93.23814684480448
63.98449198825475, 13.928941846738208
70.84310576346007, 29.883305127117453
87.41960603753462, 10.133418027271723
81.66099713564367, 71.47784011451053
88.8555957142845, 14.797402212910015
68.05678276635017, 195.2186605095722
48.58917963073155, 130.37412714430866
26.58751852862692, 122.96901004657062
48.04882889659815, 131.8878474538086
24.655896214570696, 152.1220221209436
96.71870974390974, 38.17839833609735
81.32898930197966, 88.20750397051596
22.82793257213811, 19.099176583005907
73.27158058461933, 58.81742285478375
37.58611537712607, 64.93979561460522
14.22080790045741, 121.32111690677891
65.45277401343525, 42.46204147496291
56.26182955077865, 71.79775565582128
38.11115292551717, 113.38985837112526
39.672444697094335, 70.32390423146151
33.127658129279226, 116.39744075805115
58.02739770576254, 32.18590662168512
73.18108368346877, 31.25547892585516
38.71204365927191, 149.4524723294816
90.20154561923663, 106.78610468297414
85.56831708530288, 79.02382590370844
15.40318969916311, 63.57520867234503
36.75461523900713, 92.1416537967663
80.4738168870965, 48.53391590898279
64.15461282871006, 96.49592749367051
34.09502492631654, 63.28113007592462
71.97259388635088, 67.04954087712302
21.51032639779543, 134.28185095402046
1.5317372082643277, 87.03300836533015
48.18825274916841, 150.71633205920557
54.44281567245742, 28.395380114090372
11.870827814336938, 180.04918749560497
21.784108051626028, 111.40781063149596
42.29406612854268, 158.67511402887726
28.048112073696853, 2.304160025447821
95.79115207702698, 175.02253176343666
78.32277271445267, 190.24021154257142
26.964024552682318, 155.9369493047253
41.62204869094579, 92.80527453875031
8.791262815713086, 191.8696216658181
59.23291042002556, 122.97053387199486
48.27047299160759, 60.826148671231905
43.48624912257769, 157.12664155485058
55.34616984725472, 16.515758367023036
6.954743310117683, 93.42470591900307
3.6503477810634344, 62.86075833375744
79.89229279428666, 194.95484824558704
44.50409533727196, 193.31463747218288
14.687194284622574, 181.57793234277315
24.082999737334944, 139.55340734343446
28.87219787911508, 18.208942049158594
42.9644819209408, 96.03135655024569
76.1018859416283, 47.96710815790159
1.2359039884425882, 81.47190327289633
17.85902953138736, 60.366260036763954
76.47200053811409, 148.47902886459218
53.89166653807206, 58.81208204638855
95.14971718094341, 145.15483941409164
55.88051067933905, 131.87850630227814
45.72336464944592, 19.17606447586224
65.81703919559209, 55.54052899670596
91.00882962068276, 170.75949487947915
67.11739092634173, 5.721913036142112
81.53178988457938, 86.40108313319199
44.026370037024854, 90.77210344060931
50.591239973311744, 12.098685726840941
20.5458553909721, 24.241036978533415
19.350046144174136, 99.96106939057728
37.54058197235922, 13.315666523022184
37.01789272067133, 25.997419641931142
88.97690733985529, 196.49110382041187
69.92240669732105, 112.72631087565472
51.57004176440111, 107.5776780471034
76.54030442877625, 61.35099809020006
88.20980412193124, 3.467878794366852
38.96138060503063, 141.01284967827593
61.07982378874004, 161.77038922585552
44.75707076890162, 133.9624664839922
51.07040750624927, 177.8725327468646
99.96282649267704, 156.65347576607735
34.212363757688834, 160.4405072912795
65.91380152642594, 33.94064226793467
108.65044735565178, 12.430755416572147
179.1592889775413, 49.32830328177196
130.65902278805072, 102.34998637548836
148.5477449827687, 183.6054224599891
138.73635384390968, 169.81614510631172
189.35623205108857, 153.349071032931
127.49703993827333, 176.46600813947174
179.37360541958904, 197.00154691087818
195.65328803567843, 101.00627544200829
110.75015467766156, 188.05277966248326
142.73171246550294, 38.51356163521147
155.87581632340664, 129.671130352985
102.74284589981929, 122.41499978309824
111.63844525797796, 115.67069432651506
184.65350735037276, 140.69311600981175
184.1725654789723, 199.52100762905218
188.48329191436147, 47.84702363086224
171.19709187148104, 20.3953319000346
173.98401634200604, 192.01261464567324
167.22497840503047, 156.1572761697211
189.39202352664998, 175.09212693189826
186.72966757292227, 171.0203608007352
131.9387591505111, 114.27401136369741
169.67577353727768, 23.431669008659874
134.99275108461995, 10.992106061738527
119.69805302822826, 5.645532264453945
161.62349387602126, 130.64090428194672
199.73767031132112, 95.55544827227716
108.14426428809223, 116.3569041953546
133.42079881457806, 94.50478773933118
133.9742407310235, 150.83688001224345
187.92787109140863, 152.0676702228898
183.45874381886102, 93.04456353366439
102.19987521306429, 21.01536970104876
196.86967881843668, 51.723275521328404
179.33684565559446, 177.6556261435935
181.94952378621602, 10.494902331427713
143.4233412393353, 141.47216702099598
186.45902319438946, 42.47693511669603
103.75492134941695, 81.50001640076741
149.26645765712138, 93.23814684480448
136.01550801174525, 13.928941846738208
129.15689423653993, 29.883305127117453
112.58039396246538, 10.133418027271723
118.33900286435633, 71.47784011451053
111.1444042857155, 14.797402212910015
131.94321723364982, 195.2186605095722
151.41082036926844, 130.37412714430866
173.41248147137307, 122.96901004657062
151.95117110340186, 131.8878474538086
175.3441037854293, 152.1220221209436
103.28129025609026, 38.17839833609735
118.67101069802034, 88.20750397051596
177.1720674278619, 19.099176583005907
126.72841941538067, 58.81742285478375
162.41388462287392, 64.93979561460522
185.7791920995426, 121.32111690677891
134.54722598656474, 42.46204147496291
143.73817044922134, 71.79775565582128
161.88884707448284, 113.38985837112526
160.32755530290567, 70.32390423146151
166.8723418707208, 116.39744075805115
141.97260229423745, 32.18590662168512
126.81891631653123, 31.25547892585516
161.2879563407281, 149.4524723294816
109.79845438076337, 106.78610468297414
114.43168291469712, 79.02382590370844
184.5968103008369, 63.57520867234503
163.24538476099286, 92.1416537967663
119.5261831129035, 48.53391590898279
135.84538717128993, 96.49592749367051
165.90497507368346, 63.28113007592462
128.02740611364914, 67.04954087712302
178.48967360220456, 134.28185095402046
198.46826279173567, 87.03300836533015
151.8117472508316, 150.71633205920557
145.5571843275426, 28.395380114090372
188.12917218566307, 180.04918749560497
178.21589194837398, 111.40781063149596
157.70593387145732, 158.67511402887726
