176
64.65498590489757, 40.291273005067296
84.61383518348123, 198.23946707421095
11.527238140233663, 88.31579077771403
80.28208511339948, 61.535067892818574
40.31134446926601, 111.81479953477489
11.124536646629446, 21.783446440455336
29.757099871559735, 143.09786316806725
2.503334483389319, 58.076456323296675
1.5052092813260476, 54.924880592722026
19.092353522383544, 129.29427039492066
97.42180590034077, 52.99294003740922
90.49104486368005, 85.4732247669388
36.47902855465864, 93.42728323693845
81.05297002160222, 91.25336383750033
16.196151840985706, 51.59207798023162
74.42996896354501, 68.7676668465899
19.836183693170884, 41.776988103585076
37.69560958356325, 1.8291507663946716
82.32848191298747, 120.48450207179613
44.52727719673361, 166.03258361692835
25.303776940444767, 102.65444743905144
66.58809484734695, 178.90921843515346
4.3001168318397625, 124.53338287169258
39.03029735261985, 62.645172446185946
56.87864051377791, 178.81773977921327
48.15904945542088, 102.08747992113265
31.279061223401918, 66.4612018005195
71.00812536832879, 93.34958525086074
9.380404125714946, 68.49504752017171
31.64208007293645, 173.47439590956674
88.46985174523286, 151.86717713349282
15.889694614354921, 176.04837414171928
15.804148836576548, 96.05882801207386
21.240562022911448, 129.85534532695914
21.999088819344315, 164.62672156681452
30.012590852497677, 58.059413065231816
84.63854877228275, 144.46101296721224
46.593236155571226, 91.1435276152301
29.283194357642884, 84.30748028112438
82.09058312805327, 69.09565850291628
25.029962805775618, 136.16144018334157
72.81774665865994, 178.31704525946537
31.542385752127355, 42.108945089628634
14.870352673656539, 5.049746499233931
79.91038282427746, 44.7681561789788
23.00656343873889, 42.99061163038489
87.38700827466867, 118.21024501339838
72.76939423852266, 74.11260961072625
45.54937378109833, 103.3365906094337
24.09205074935943, 81.91611850978839
64.92180087484992, 30.736621127508258
2.4903999195721616, 111.48473417382104
55.016226539888294, 34.58806552642688
21.846543897623118, 111.02418548715427
10.043661430958274, 135.0066994716374
78.14135692885901, 7.713872757391216
29.09111312585707, 4.371591167872069
78.09251043910749, 74.09430209698573
28.364457403671327, 9.887936720380019
33.101167447721416, 39.58139655276216
89.09015361840548, 167.07956313175927
71.79930314085404, 164.69602097702872
72.58385857596211, 157.56101158511615
19.23259401827453, 108.9612914186779
57.868236215442934, 26.45407869055647
46.8145550709677, 63.05728454773145
6.417303256042772, 121.41649317776069
22.02540064564954, 108.29035177672746
23.828016830374732, 37.69710417190302
34.00126763057134, 67.3322899446885
43.56910229231179, 130.3530203000551
56.963633395002574, 170.24037971444375
51.14682151534665, 133.79397663028038
44.19930003491787, 18.75382039623974
84.96994404443936, 56.36435917824485
40.40204320155313, 60.819124470719
75.8238965812593, 49.415273479014
63.764387416524706, 178.490504784908
32.33195343373042, 160.43076820666522
12.303389628980788, 134.23068478899918
17.9814303419618, 49.817532277708665
1.7673090640167755, 88.80279190984271
29.918118048557286, 88.27366028247697
39.16956653824861, 179.29128294233158
29.733249923710915, 7.950718453596983
24.211698905067546, 77.21818799014119
29.600728905550078, 14.168679861657797
79.60693125054608, 148.02599997477986
45.410321041373535, 113.3778194553897
26.754541126996756, 72.90139876834832
42.469770182469645, 131.83136411453958
18.668686314051918, 32.387634176600464
14.60710400411852, 180.29095998310228
77.64784815042627, 100.43789156356749
9.469342081544074, 127.03970239444673
35.59825889300665, 131.64266667412855
135.34501409510244, 40.291273005067296
115.38616481651877, 198.23946707421095
188.47276185976634, 88.31579077771403
119.71791488660052, 61.535067892818574
159.688655530734, 111.81479953477489
188.87546335337055, 21.783446440455336
170.24290012844025, 143.09786316806725
197.49666551661068, 58.076456323296675
198.49479071867395, 54.924880592722026
180.90764647761645, 129.29427039492066
102.57819409965923, 52.99294003740922
109.50895513631995, 85.4732247669388
163.52097144534136, 93.42728323693845
118.94702997839778, 91.25336383750033
183.8038481590143, 51.59207798023162
125.57003103645499, 68.7676668465899
180.16381630682912, 41.776988103585076
162.30439041643675, 1.8291507663946716
117.67151808701253, 120.48450207179613
155.47272280326638, 166.03258361692835
174.69622305955522, 102.65444743905144
133.41190515265305, 178.90921843515346
195.69988316816023, 124.53338287169258
160.96970264738016, 62.645172446185946
143.1213594862221, 178.81773977921327
151.84095054457913, 102.08747992113265
168.72093877659808, 66.4612018005195
128.9918746316712, 93.34958525086074
190.61959587428504, 68.49504752017171
168.35791992706356, 173.47439590956674
111.53014825476714, 151.86717713349282
184.1103053856451, 176.04837414171928
184.19585116342344, 96.05882801207386
178.75943797708857, 129.85534532695914
178.0009111806557, 164.62672156681452
169.98740914750232, 58.059413065231816
115.36145122771725, 144.46101296721224
153.40676384442878, 91.1435276152301
170.71680564235712, 84.30748028112438
117.90941687194673, 69.09565850291628
174.97003719422437, 136.16144018334157
127.18225334134006, 178.31704525946537
168.45761424787264, 42.108945089628634
185.12964732634347, 5.049746499233931
120.08961717572254, 44.7681561789788
176.99343656126112, 42.99061163038489
112.61299172533133, 118.21024501339838
127.23060576147734, 74.11260961072625
154.45062621890168, 103.3365906094337
175.90794925064057, 81.91611850978839
135.0781991251501, 30.736621127508258
197.50960008042784, 111.48473417382104
144.9837734601117, 34.58806552642688
178.15345610237688, 111.02418548715427
189.95633856904172, 135.0066994716374
121.85864307114099, 7.713872757391216
170.90888687414292, 4.371591167872069
121.90748956089251, 74.09430209698573
171.63554259632866, 9.887936720380019
166.89883255227858, 39.58139655276216
110.90984638159452, 167.07956313175927
128.20069685914598, 164.69602097702872
127.41614142403789, 157.56101158511615
180.76740598172546, 108.9612914186779
142.13176378455705, 26.45407869055647
153.18544492903231, 63.05728454773145
193.58269674395723, 121.41649317776069
177.97459935435046, 108.29035177672746
176.17198316962526, 37.69710417190302
165.99873236942867, 67.3322899446885
156.43089770768822, 130.3530203000551
143.03636660499743, 170.24037971444375
148.85317848465334, 133.79397663028038
155.80069996508212, 18.75382039623974
115.03005595556064, 56.36435917824485
159.5979567984469, 60.819124470719
124.1761034187407, 49.415273479014
136.2356125834753, 178.490504784908
167.6680465662696, 160.43076820666522
187.6966103710192, 134.23068478899918
