208
93.34284939466374, 61.2620998286342
2.3589035285803694, 72.67222501143723
46.304887880042564, 31.020372354584612
68.57468064153942, 79.56839839386025
81.75372665288975, 74.19922711672895
93.39923968173058, 97.53819677590853
32.60511134895337, 155.66142064216865
40.7393770601009, 81.17074935003903
46.22547082632058, 54.045496756743304
35.14121771437776, 171.19587397994172
7.887074439299491, 177.35162108130328
68.70736402108383, 141.72394140079192
96.04740619985202, 23.525286480066356
11.847353519841608, 58.04924048687572
33.55345803143515, 85.65872318944649
82.27848317032297, 55.019521260086265
52.127357368455094, 190.2814907752522
41.141619485836046, 40.4562444134062
17.97513747693663, 197.61891953564458
28.777418392921582, 54.35429077043927
45.221978946640284, 99.74002746368211
10.072944789343886, 19.680927103912758
43.183255530408935, 69.48301319251742
6.601783160412278, 64.66300869548316
68.15340843092463, 129.40311183597603
71.68803772800695, 26.475072979586933
10.253051748593, 182.70595767394983
26.378396896260604, 20.737132638373556
79.23466696517778, 184.6745792514323
24.103981608749216, 172.19044605557937
25.495103272829834, 153.07971655317743
17.57515114362196, 5.849799321241189
54.259716779263236, 82.72847813171784
31.038469645861145, 177.34152401766073
37.83426421540531, 51.47557829252709
56.278373873885165, 27.033954964970608
71.80303299365794, 143.51168426112594
65.5102536818075, 12.292294733689847
92.06328866348493, 106.20694861304338
51.66820140746587, 95.5794545621673
41.1510847440428, 142.81726336522277
33.905518371243694, 191.96213299005407
64.99878682259939, 157.63367184643693
60.05620700694128, 103.22940518997325
81.78664242918254, 96.51377839200217
88.09814292786665, 170.10085201500186
18.425977648897796, 134.97806349128186
97.2253983969241, 62.204474897001916
33.706453311421846, 140.83435392805038
95.6941177175152, 85.39467985606099
31.068176313103134, 101.45311145815205
70.90283542872358, 167.58322418231177
32.76809006931584, 107.42563660030848
64.27246503565277, 116.95049377193133
38.184952730603406, 59.84342273165086
62.44768599893107, 158.1510665378041
3.9086991999047527, 199.2157545812866
10.793123668863547, 62.04545351376485
93.17130479148102, 82.73290118978002
15.71215348007341, 51.86134674286986
83.96626538069857, 3.522912588691285
73.94063083492745, 82.45599618458128
71.11849010955882, 67.50045988045919
67.37948217211661, 0.03151520806041752
74.30764490981862, 187.44862096465167
15.795613475303794, 56.891138123316985
52.24873118062564, 58.34689385485958
36.37784417794514, 89.10920128861007
15.482041751363852, 7.902319679923964
74.30121570469295, 152.3633268929497
78.116806714664, 106.69095095546946
6.51450501392592, 36.398621330263126
40.10599364892569, 6.438234431463519
88.89806473800238, 165.18696249785424
16.747898153005814, 11.542516037169314
73.45293828874651, 59.49140447628629
92.34539923117903, 158.0885230219208
37.960967465378204, 18.078239441218447
61.325819835652304, 193.35087818211986
96.30594471569026, 104.62443693995431
17.247065663414464, 54.85065872327522
27.08532741073142, 155.79899664795073
36.58808761694726, 35.841463259437624
4.040251026043462, 3.8097682650014786
35.08102130943163, 182.34180947815005
80.61079499165392, 11.586920157891601
62.15160078039307, 85.26377997327097
37.73027133890001, 71.05772527488266
7.16219145436463, 162.92791833536555
64.88032284208313, 197.0337831439146
9.531680767671713, 71.63268876830975
69.15031031980598, 62.2204858431743
38.47093305498589, 131.72084257914963
9.518485917585362, 117.42843626320396
87.39856448973595, 96.84909247267903
80.77399620284473, 138.20729849591822
89.71959650240125, 90.78082920436835
46.13118357817948, 71.95038070396049
79.804059281517, 102.74435548457674
25.00388721878962, 181.22298346776626
12.597535301807083, 112.70998091869413
12.31177097168058, 163.56837468398103
55.50787144055768, 157.5326027782388
16.26173725585589, 35.35785861797793
80.21390839996643, 46.34330351857003
69.76669818661149, 65.75553494227205
90.99003407625791, 4.170256931148519
59.07575374961706, 107.78596762351424
37.36224057757208, 82.58381948973772
74.5677032005818, 173.03908943522072
24.491472037340646, 150.00428112015015
65.56603604928259, 84.25819620701687
84.95673181550573, 169.75040445810214
28.466552426256907, 128.35702432753175
64.01457604545354, 133.31433970599994
92.44437628814754, 10.713738104225424
74.37912049170022, 119.95787945263639
77.57815997791151, 68.29704220628692
24.437474949534998, 66.6222638905647
7.356200044786343, 103.7988892353996
20.069911485047008, 143.8372953188385
50.86002502339356, 25.940956753467415
51.41591325230124, 119.52753331032307
68.83244416550073, 6.227640302996074
41.32489966839857, 19.44537705741938
40.979725323955776, 162.52923508786853
80.9328035144786, 33.45459878619739
88.51391761465031, 51.562512034948014
106.65715060533626, 61.2620998286342
197.64109647141964, 72.67222501143723
153.69511211995743, 31.020372354584612
131.42531935846057, 79.56839839386025
118.24627334711025, 74.19922711672895
106.60076031826942, 97.53819677590853
167.39488865104664, 155.66142064216865
159.2606229398991, 81.17074935003903
153.7745291736794, 54.045496756743304
164.85878228562223, 171.19587397994172
192.11292556070052, 177.35162108130328
131.29263597891617, 141.72394140079192
103.95259380014798, 23.525286480066356
188.15264648015838, 58.04924048687572
166.44654196856484, 85.65872318944649
117.72151682967703, 55.019521260086265
147.87264263154492, 190.2814907752522
158.85838051416397, 40.4562444134062
182.02486252306338, 197.61891953564458
171.2225816070784, 54.35429077043927
154.7780210533597, 99.74002746368211
189.9270552106561, 19.680927103912758
156.81674446959107, 69.48301319251742
193.39821683958772, 64.66300869548316
131.84659156907537, 129.40311183597603
128.31196227199305, 26.475072979586933
189.746948251407, 182.70595767394983
173.6216031037394, 20.737132638373556
120.76533303482222, 184.6745792514323
175.89601839125078, 172.19044605557937
174.50489672717018, 153.07971655317743
182.42484885637805, 5.849799321241189
145.74028322073676, 82.72847813171784
168.96153035413886, 177.34152401766073
162.1657357845947, 51.47557829252709
143.72162612611484, 27.033954964970608
128.19696700634205, 143.51168426112594
134.4897463181925, 12.292294733689847
107.93671133651507, 106.20694861304338
148.33179859253414, 95.5794545621673
158.8489152559572, 142.81726336522277
166.0944816287563, 191.96213299005407
135.00121317740061, 157.63367184643693
139.9437929930587, 103.22940518997325
118.21335757081746, 96.51377839200217
111.90185707213335, 170.10085201500186
181.5740223511022, 134.97806349128186
102.7746016030759, 62.204474897001916
166.29354668857815, 140.83435392805038
104.3058822824848, 85.39467985606099
168.93182368689688, 101.45311145815205
129.09716457127644, 167.58322418231177
167.23190993068417, 107.42563660030848
135.72753496434723, 116.95049377193133
161.8150472693966, 59.84342273165086
137.55231400106894, 158.1510665378041
196.09130080009524, 199.2157545812866
189.20687633113644, 62.04545351376485
106.82869520851898, 82.73290118978002
184.2878465199266, 51.86134674286986
116.03373461930143, 3.522912588691285
126.05936916507255, 82.45599618458128
128.88150989044118, 67.50045988045919
132.6205178278834, 0.03151520806041752
125.69235509018138, 187.44862096465167
184.20438652469622, 56.891138123316985
147.75126881937436, 58.34689385485958
163.62215582205485, 89.10920128861007
184.51795824863615, 7.902319679923964
125.69878429530705, 152.3633268929497
121.883193285336, 106.69095095546946
193.4854949860741, 36.398621330263126
159.89400635107432, 6.438234431463519
111.10193526199762, 165.18696249785424
183.25210184699418, 11.542516037169314
126.54706171125349, 59.49140447628629
107.65460076882097, 158.0885230219208
162.0390325346218, 18.078239441218447
138.6741801643477, 193.35087818211986
103.69405528430974, 104.62443693995431
