176
48.69656194673904, 48.73143976187253
11.822036134226522, 107.38303760312013
92.36945101997483, 54.4518442405753
78.18255448393913, 100.10671149608818
47.09206036067627, 63.55251550770129
72.81979309283675, 17.28732908388404
31.65619009154389, 118.1773110644651
43.132560080936, 171.4464536678438
51.29752553174713, 183.518967041154
63.63101905316788, 39.63222397716753
39.00970408451152, 66.70601373232148
2.8222509619200364, 122.16567243749978
36.786972427293755, 52.990647982872964
51.43902712246133, 152.16786257847124
80.64161174609055, 186.2054219360527
29.904577659301545, 115.5486372933296
18.63627477982722, 111.11188411283968
14.542221227294727, 102.86708993026194
43.6414986909891, 18.13267378083252
57.877763389671735, 17.959442251576995
57.19943195510062, 171.3759838958512
1.1259162499476671, 118.90291211349151
71.55234008980881, 92.08081309678579
61.65437790864827, 125.3167702235439
94.49644354122563, 116.28771232128689
12.790487433751696, 176.12342404933946
49.202562828747844, 180.69215602207345
73.60159027922901, 148.4331770891802
69.52316794465479, 63.48563909164086
74.22397857335656, 35.740703988667974
28.316040640490602, 146.43969288251398
33.06896344390348, 46.637330806609036
47.16842640501463, 88.8301183449854
39.28103219715886, 43.06713102282664
23.06545586204529, 155.36664973922592
86.32104606838946, 36.5471093121398
62.37015228761983, 149.80162316130404
7.651658913139892, 86.47725488977356
55.52812933221713, 15.064230039749816
91.47719359897096, 69.00907886361426
8.306402308873695, 139.56988198179786
15.293083401432417, 197.84791928720972
18.59030848577764, 71.3438698645231
13.759522013524473, 124.83903156160994
6.475634582445011, 118.88578501518663
91.61860830790211, 132.1281075189582
55.12229039607066, 86.62407469287896
87.86398497857654, 65.27853833605151
60.4545247663808, 106.41910897589737
30.61773811683677, 177.66790363488795
47.783477581915236, 46.224192116609665
45.85640068555791, 29.485213594272697
84.55514186556428, 161.55437363563968
48.491287440475475, 161.83354282582087
63.435983199707394, 190.85171114040486
62.48783055281061, 93.40597410318998
18.76422657612965, 41.53874385795311
5.08771184021406, 167.7746701674271
25.199977918042094, 113.10772249300713
53.5681310135413, 26.958729309773034
10.332019603917209, 58.71366449957498
11.678976678658815, 120.6878851510327
62.885582256260484, 23.692405091273883
50.53209085891086, 13.176500475040932
76.18998030931185, 17.102048070164955
62.63571540736203, 166.64999180570265
23.456635151447824, 15.867556044301235
96.3401943552614, 7.850639881007959
60.38066344114527, 47.5437975871295
1.2941185022775525, 123.46221096746295
30.951720341154843, 72.02331077812032
42.12405055973474, 35.11010854773726
3.856715242453146, 4.395394097303962
62.990359658439345, 53.22768992742108
18.28116435241465, 69.08894617549902
84.82334251857023, 58.53277794914842
83.50731472028161, 13.742266093451526
87.59957972697542, 75.71448196434439
73.57033618992787, 13.540764236523039
58.464624310292656, 63.08993329226924
21.682837139270493, 161.99118530258104
75.23854414939399, 11.733117433770612
70.22175241495462, 77.6192264902574
89.53596450368183, 134.77300736812222
57.36820725936636, 106.49897824834935
99.87591011562672, 158.81953201773513
70.71628467413682, 113.55905180238695
15.157293142346306, 20.081787363197236
98.61330252113164, 116.07035252814062
43.29298239025551, 6.7286934732090575
33.30331950307573, 145.24109435467295
24.266640885435432, 156.928560815158
15.255965783034176, 61.05399359313568
24.270337653069916, 6.819447410292012
3.3629857718851075, 159.73931951489314
63.81928270038053, 19.45101199224737
151.30343805326095, 48.73143976187253
188.17796386577348, 107.38303760312013
107.63054898002517, 54.4518442405753
121.81744551606087, 100.10671149608818
152.90793963932373, 63.55251550770129
127.18020690716325, 17.28732908388404
168.3438099084561, 118.1773110644651
156.867439919064, 171.4464536678438
148.7024744682529, 183.518967041154
136.36898094683212, 39.63222397716753
160.99029591548847, 66.70601373232148
197.17774903807995, 122.16567243749978
163.21302757270624, 52.990647982872964
148.56097287753866, 152.16786257847124
119.35838825390945, 186.2054219360527
170.09542234069846, 115.5486372933296
181.36372522017277, 111.11188411283968
185.45777877270527, 102.86708993026194
156.3585013090109, 18.13267378083252
142.12223661032826, 17.959442251576995
142.80056804489936, 171.3759838958512
198.87408375005234, 118.90291211349151
128.4476599101912, 92.08081309678579
138.34562209135174, 125.3167702235439
105.50355645877437, 116.28771232128689
187.2095125662483, 176.12342404933946
150.79743717125217, 180.69215602207345
126.39840972077099, 148.4331770891802
130.4768320553452, 63.48563909164086
125.77602142664344, 35.740703988667974
171.6839593595094, 146.43969288251398
166.93103655609653, 46.637330806609036
152.83157359498537, 88.8301183449854
160.71896780284115, 43.06713102282664
176.9345441379547, 155.36664973922592
113.67895393161054, 36.5471093121398
137.62984771238018, 149.80162316130404
192.3483410868601, 86.47725488977356
144.47187066778287, 15.064230039749816
108.52280640102904, 69.00907886361426
191.6935976911263, 139.56988198179786
184.70691659856757, 197.84791928720972
181.40969151422235, 71.3438698645231
186.24047798647553, 124.83903156160994
193.52436541755498, 118.88578501518663
108.38139169209789, 132.1281075189582
144.87770960392933, 86.62407469287896
112.13601502142346, 65.27853833605151
139.5454752336192, 106.41910897589737
169.38226188316324, 177.66790363488795
152.21652241808476, 46.224192116609665
154.1435993144421, 29.485213594272697
115.44485813443572, 161.55437363563968
151.50871255952453, 161.83354282582087
136.56401680029262, 190.85171114040486
137.5121694471894, 93.40597410318998
181.23577342387034, 41.53874385795311
194.91228815978593, 167.7746701674271
174.8000220819579, 113.10772249300713
146.4318689864587, 26.958729309773034
189.66798039608278, 58.71366449957498
188.3210233213412, 120.6878851510327
137.11441774373952, 23.692405091273883
149.46790914108914, 13.176500475040932
123.81001969068815, 17.102048070164955
137.36428459263797, 166.64999180570265
176.5433648485522, 15.867556044301235
103.6598056447386, 7.850639881007959
139.61933655885474, 47.5437975871295
198.70588149772246, 123.46221096746295
169.04827965884516, 72.02331077812032
157.87594944026526, 35.11010854773726
196.14328475754687, 4.395394097303962
137.00964034156067, 53.22768992742108
181.71883564758537, 69.08894617549902
115.17665748142977, 58.53277794914842
116.49268527971839, 13.742266093451526
112.40042027302458, 75.71448196434439
126.42966381007213, 13.540764236523039
141.53537568970734, 63.08993329226924
