160
49.27631413022285, 177.72523816472477
94.45118985044105, 88.82534105561244
67.4340733171355, 74.69528996574115
55.050403709515415, 135.97020100133355
45.94096243278343, 136.66713055568488
90.84441003346588, 16.27227336335544
18.38375478368428, 51.83460629794108
28.169248414475888, 141.93942749469142
99.98629698343841, 166.60478228593988
65.91885209066722, 198.5442836770017
1.3187006250450106, 21.49851852364999
20.069153679610963, 135.11424045792313
34.69418551184482, 50.190546260967906
89.28214865869775, 177.26268660873436
4.465472544499615, 2.4505002855393476
20.18988766434189, 56.57406363050597
20.695934018902328, 189.8803416770455
15.554599326498897, 181.90662481953524
46.625184784631415, 80.13833068182994
73.7084365656611, 113.29967469950792
85.11428062263036, 158.51789541215325
22.839102625285378, 171.2286972805978
85.39888005755968, 171.90912758039292
21.737552607157273, 67.34625107213131
28.8718308632675, 45.728582648186425
41.91593769186204, 61.23537182210892
33.92191158042789, 86.84088648103561
61.46600258987145, 72.2400191298354
90.70633078978416, 74.08593643078059
92.78584191498666, 107.04169885775204
12.221905249244925, 60.53192832775049
96.22301851733143, 93.77126895269636
52.85817472267625, 106.2421520049405
71.26385809900462, 56.85068637857731
26.654380596173798, 77.60480556038772
75.65306353960618, 10.065782835219327
26.453139301520945, 40.05736946483556
97.0848413385545, 193.87844261098402
47.270147380308025, 46.54432358999219
39.982303409120014, 155.33116265576916
89.5440627891277, 75.75205125297431
18.19600375379672, 131.40919844065544
63.8056502642961, 48.49563389215885
36.71289384683105, 108.84224973941255
50.834881876705, 131.35127614161073
47.452811705626786, 26.982503417023686
74.87017234834153, 73.30544802952572
10.137571947843094, 124.27282948521052
0.08729426091522718, 26.23837475364139
89.44114195985406, 144.88981995219848
52.45035178502063, 191.37668621105107
19.989987092524274, 101.92841054522839
63.277269067455755, 199.50937352514757
64.7152111190412, 55.75841289480466
58.5106567743341, 31.754642633453468
83.34144448331008, 104.72268235503937
35.95464696793875, 114.8109682001585
49.304202738680715, 96.93683754155649
41.267119560749336, 90.84411254704452
82.47690870415477, 23.83224559722368
59.30921402675733, 94.09705024530011
56.73852623561647, 154.75829149082801
7.367295056739243, 39.23542356555705
73.75958224167817, 169.9250289751829
29.498733163087365, 145.55361271846948
55.02471832048541, 12.99816778634848
72.15682211352905, 163.15711684154124
87.00906172023105, 90.24394502165683
88.6183932060036, 173.06712057301576
72.79042628496299, 133.32013412986456
20.063597604989525, 163.7550327494292
1.1600777588337108, 0.1799032304439896
76.92498177957732, 66.34065552505616
54.290318103463285, 167.44746001352232
42.60017912870673, 85.32334526653496
84.0561380749011, 130.4326220485252
70.1877577421269, 112.6734103861952
22.182753118222752, 162.2288340996987
40.9278913670795, 117.18259580064463
0.705744181690926, 11.187774949501627
150.72368586977714, 177.72523816472477
105.54881014955895, 88.82534105561244
132.5659266828645, 74.69528996574115
144.94959629048458, 135.97020100133355
154.05903756721656, 136.66713055568488
109.15558996653412, 16.27227336335544
181.61624521631572, 51.83460629794108
171.83075158552413, 141.93942749469142
100.01370301656159, 166.60478228593988
134.0811479093328, 198.5442836770017
198.681299374955, 21.49851852364999
179.93084632038904, 135.11424045792313
165.3058144881552, 50.190546260967906
110.71785134130225, 177.26268660873436
195.53452745550038, 2.4505002855393476
179.81011233565812, 56.57406363050597
179.30406598109766, 189.8803416770455
184.4454006735011, 181.90662481953524
153.37481521536859, 80.13833068182994
126.2915634343389, 113.29967469950792
114.88571937736964, 158.51789541215325
177.16089737471464, 171.2286972805978
114.60111994244032, 171.90912758039292
178.26244739284272, 67.34625107213131
171.1281691367325, 45.728582648186425
158.08406230813796, 61.23537182210892
166.0780884195721, 86.84088648103561
138.53399741012856, 72.2400191298354
109.29366921021584, 74.08593643078059
107.21415808501334, 107.04169885775204
187.7780947507551, 60.53192832775049
103.77698148266857, 93.77126895269636
147.14182527732373, 106.2421520049405
128.7361419009954, 56.85068637857731
173.3456194038262, 77.60480556038772
124.34693646039382, 10.065782835219327
173.54686069847907, 40.05736946483556
102.9151586614455, 193.87844261098402
152.72985261969197, 46.54432358999219
160.01769659087998, 155.33116265576916
110.4559372108723, 75.75205125297431
181.80399624620327, 131.40919844065544
136.1943497357039, 48.49563389215885
163.28710615316896, 108.84224973941255
149.165118123295, 131.35127614161073
152.5471882943732, 26.982503417023686
125.12982765165847, 73.30544802952572
189.8624280521569, 124.27282948521052
199.91270573908477, 26.23837475364139
110.55885804014594, 144.88981995219848
147.54964821497936, 191.37668621105107
180.01001290747573, 101.92841054522839
136.72273093254424, 199.50937352514757
135.28478888095879, 55.75841289480466
141.4893432256659, 31.754642633453468
116.65855551668992, 104.72268235503937
164.04535303206126, 114.8109682001585
150.69579726131929, 96.93683754155649
158.73288043925066, 90.84411254704452
117.52309129584523, 23.83224559722368
140.69078597324267, 94.09705024530011
143.26147376438354, 154.75829149082801
192.63270494326076, 39.23542356555705
126.24041775832183, 169.9250289751829
170.50126683691263, 145.55361271846948
144.97528167951458, 12.99816778634848
127.84317788647095, 163.15711684154124
112.99093827976895, 90.24394502165683
111.3816067939964, 173.06712057301576
127.20957371503701, 133.32013412986456
179.93640239501048, 163.7550327494292
198.83992224116628, 0.1799032304439896
123.07501822042268, 66.34065552505616
145.70968189653672, 167.44746001352232
157.3998208712933, 85.32334526653496
115.9438619250989, 130.4326220485252
129.8122422578731, 112.6734103861952
177.81724688177724, 162.2288340996987
159.0721086329205, 117.18259580064463
199.29425581830907, 11.187774949501627
