96
34.966168498152314, 180.71714713367766
28.08661132863972, 151.7690168186769
8.115794596029547, 32.518067509629
5.851393548258487, 146.2508839046902
22.295754214544328, 65.79880474295096
81.77345980367285, 72.99581494508035
20.940530830255355, 114.7202458558511
65.7908547432815, 159.67269578396906
79.76283436363146, 112.56987680722904
19.478902357021298, 23.039806744198433
41.6114175487483, 21.247486104513523
20.872382840281954, 171.59377671091636
40.46235008030884, 183.2312111491278
84.32629649955331, 114.5270985723585
30.70321660642179, 32.696042438049
90.82973400451597, 22.965089090018065
133.42901878233363, 62.23303315967949
103.02659467955738, 18.392467401418532
169.2470876477939, 137.9314196983957
145.79640656190554, 66.46650628142399
153.99740261332127, 11.87675602161351
153.8560725819998, 3.8495005696118634
181.47368450608906, 7.498130083962828
198.3320381501722, 119.17390247030377
165.0338315018477, 180.71714713367766
171.91338867136028, 151.7690168186769
159.6404563651283, 87.34048628544797
112.40650752036677, 73.9829515295371
148.77418816720007, 191.70324279258693
115.44756988779211, 30.51381892427141
164.22191192748386, 40.27679415625134
165.2021376430793, 94.25582641254418
191.88420540397044, 32.518067509629
107.77925864496642, 50.95458124698655
139.68779070999162, 171.40417973078328
142.96563109456804, 34.93257680152997
116.40241868653665, 151.96910819017594
105.82565776173759, 117.81429449618865
194.1486064517415, 146.2508839046902
153.49985627564922, 8.682022056896056
177.7224426747125, 1.3086234934696295
120.57443982141582, 50.428403470889926
146.44254815018897, 108.55393561415391
143.48747504238986, 56.480933131175995
189.4545007826748, 160.46494824945927
190.76573153558627, 131.97241932662413
137.83004823314312, 61.966557451606974
120.92043499605792, 163.13130602261495
109.71269694578909, 17.13990174267559
122.27187842131431, 26.7720370852075
177.70424578545567, 65.79880474295096
185.17936990768374, 113.16050458701237
109.37427915739836, 50.652403002760195
112.3752651509081, 32.43621077149892
151.26594329797757, 141.13715671551032
118.22654019632715, 72.99581494508035
179.3523639653638, 155.76906864705228
147.45668012630802, 178.2819578280265
183.5394381821392, 109.05694703746656
117.04892315578613, 88.58891925659505
179.05946916974466, 114.7202458558511
134.2091452567185, 159.67269578396906
104.79124793005697, 189.6594657904984
120.23716563636854, 112.56987680722904
180.5210976429787, 23.039806744198433
163.6472164980297, 31.26031099904598
158.3885824512517, 21.247486104513523
146.2871965042681, 117.09446096782936
179.12761715971806, 171.59377671091636
125.93199182493711, 84.27579332581803
124.51094949050865, 21.908185481535035
156.6098200741426, 194.905244948683
119.4048411205037, 22.891351641321457
187.06757358918097, 38.69779188293128
159.53764991969115, 183.2312111491278
115.67370350044669, 114.5270985723585
167.63029875618787, 79.95533813691287
169.2967833935782, 32.696042438049
166.06712060212675, 55.594055787420224
118.62457925134167, 21.31729241210174
109.17026599548403, 22.965089090018065
168.37876471757886, 155.1016531694566
104.31708857495471, 15.21672606507678
149.13516174235852, 173.65780768480067
109.36308355379956, 114.53399834486567
133.8598445152782, 75.00887616442647
136.60609851990552, 59.046008237918166
183.9511950143773, 197.40231243341992
102.97544326373897, 135.34013980446448
138.60143300102854, 18.798460751546187
173.19946698222765, 14.265182824765077
171.64051065557254, 56.22340958146281
171.2999290762438, 161.42241072506886
137.66825396202896, 152.47519766757202
188.69950594395743, 167.8364946570466
178.47342704341577, 17.60426661022634
