160
77.18147229821926, 110.8956055144244
15.600046132493823, 135.79853848752447
92.1842666527782, 109.65353145266215
63.29029624980592, 129.82259437380256
46.16573734540266, 149.92055973040607
81.10619666561989, 195.73602864284067
62.508605465802134, 181.45750912941548
43.4195240469991, 78.37815871191606
82.41587383639808, 190.58363218225261
94.79144719920444, 62.77982754668734
25.79375017467446, 162.61982811589465
74.78563215416928, 159.90482192410974
49.594569965146675, 102.14068752081373
46.71172336488891, 9.495071792084175
96.3964906405405, 118.69856810964134
70.33209779015318, 46.945193621401636
1.012407361193027, 149.14310197854633
30.811583092006323, 66.79521164587132
44.38072783056192, 16.183373264843326
60.02949890597301, 140.89007824991504
52.236307574113106, 195.10955409435905
0.29342033260666156, 57.53524194529683
17.169211569644478, 76.48821057166977
64.80183875297199, 161.26457842575434
44.074112946976605, 13.287429222504043
86.69848671586347, 133.53054398801967
10.769347278703464, 113.40844292965083
45.69506324504005, 152.6490157400484
25.119512791461446, 66.3554099663285
65.1420129451167, 0.33883886907817384
64.3080115483342, 104.58610304431363
53.41791675757913, 188.26128128899882
94.35798477435111, 66.85933273046709
36.836410474694425, 182.60796880357464
92.69153945708553, 81.20735289733298
46.59330129327107, 11.444678164297013
44.11175990547599, 151.97133589735841
24.133002371167557, 110.57609624522605
30.66848957829879, 81.02975902182186
59.2909086870893, 23.31398614086587
90.29962606663341, 90.32293522528582
91.29607385470065, 134.97847389890188
77.02000182994196, 75.57773750879143
36.69378998285097, 140.37918257741856
68.42771623398815, 112.37752501508366
59.26373746918498, 175.52673080885745
16.690869846901307, 178.87754939971325
97.7623696600103, 111.03195769087631
55.45569951053097, 88.8916991361929
30.23538762505988, 55.63237088285522
46.28698895888941, 109.45696100590695
22.0364172402345, 62.13699421867881
57.51492339638568, 91.12594616393297
9.386332830773654, 107.22524112443135
86.76716356243165, 162.2945518528515
81.55071085757427, 111.85639806979928
45.01586416853178, 173.53740449834964
87.2730140925547, 39.13272386865499
87.89883269644895, 159.0987769946493
25.26501754508467, 127.43874425829821
46.32948132916455, 139.30970891698598
80.56288797897064, 114.13767686669703
65.76752000063038, 61.73104648885064
61.88383465351016, 86.58359153997512
32.20284083621357, 153.62419800887645
48.63773938792898, 112.55104774340013
66.0585416970645, 174.66904650681678
47.929892422534834, 116.15612793350934
83.42468152062963, 15.927725167456487
68.63780724226314, 51.591044788571324
2.441418161342888, 66.57887587618569
61.060091291401875, 61.68833304168322
11.317318998497527, 44.362700261117155
93.00172185646682, 151.2927103893687
2.9287537196669824, 0.39841902311029287
51.93946706159196, 136.78098786945304
20.842241790720664, 101.73724427360513
39.109930498382774, 178.78339141903575
54.60065249460634, 91.00261103385438
68.84664969535633, 58.7735130203703
115.64468116600202, 160.5994615545979
139.3938424441772, 173.06631496581952
173.44182738791997, 68.94816016843788
118.44531825346685, 188.5324580802541
187.74667187611874, 169.94120476179938
124.29011775965114, 145.94791822899768
182.83485677938708, 140.42586973660454
137.07789102677418, 52.51186885835422
121.62050831693867, 178.56333700379193
149.13916926030927, 30.036453786305927
175.38202728746955, 169.83256015030818
121.42630558906335, 106.59230965072588
119.41361157005545, 48.352014721585036
186.54038197382152, 73.85950368377223
133.56644062403115, 167.70807601375242
139.7966203898294, 53.59512476541979
191.97501287958707, 159.10911014333027
105.44448597046315, 56.7164485247581
113.77457350499861, 16.65673742962386
159.23472411233044, 118.3014693241864
118.05453461884646, 180.10687097297844
190.1721517696267, 50.9355793022916
195.76447317624712, 66.04908287524616
112.89542749492904, 188.38867652325783
113.60487443793107, 12.326086417595006
188.29750815720791, 69.3526889557074
194.95831303858964, 86.49357816680609
145.23161624741448, 192.61349478817766
185.08583035883265, 46.67050087077207
191.11205304532146, 23.347681006697087
157.21424156564248, 50.27464963889721
147.51841011585074, 186.5703424178236
179.4474521802254, 1.6934778527114558
181.3979787745361, 195.65394006042033
100.42443708089282, 83.82963603808156
192.79884779866669, 10.53935326183797
182.30221926610994, 143.5860627724543
165.14845066291937, 160.24564931840104
118.20724093885747, 7.075473155414791
175.77723517090362, 60.11392054206721
154.20074001262947, 18.019077639547355
147.99631176647867, 154.426227211664
154.97208781343267, 33.37372343136427
108.75603149770477, 162.75992621629197
185.5430388028868, 148.90995471767351
171.2303663749598, 150.36428927762512
111.62297017431666, 178.48754148048184
141.25086320112803, 143.56922667200516
186.67287602598796, 16.122010579724112
152.2667534575569, 77.11829789535926
140.7231633370771, 34.665070505685634
185.92952876935374, 44.022638819668614
190.5366271038372, 164.37688452330846
139.8270034396491, 95.67551515843708
175.46881576340672, 178.86244312119942
132.58856897115163, 108.53399953302893
192.21235158915349, 173.43582587717924
137.547237641398, 80.08073156718174
143.22937029887586, 110.33635578279363
193.43081907451622, 196.27920399650654
187.4736801197713, 132.52157139145834
178.75393739888423, 177.01846044723823
141.43160355710862, 134.2531660143758
192.89619848608552, 103.5799690827601
112.5047382330287, 154.5710687289825
143.80251159358406, 132.49979141799204
149.36879057725065, 134.6661155552986
102.697822726022, 40.64892814433605
107.74276322044378, 23.12218928721792
125.61670159704931, 11.481237142979793
183.48929945484687, 100.84941949069517
157.51581893265129, 12.591391792403673
117.49069848466314, 8.659564020391631
144.4636350404967, 181.11474100495664
183.29272644618186, 65.70837065697894
125.14531179638428, 185.48486130475976
156.31800987326736, 90.15871146036085
198.90152868788044, 197.85801956314754
108.81124562358927, 125.54995077182969
133.46900416728067, 137.6883707275513
