160
9.802366404186424, 6.320199556933215
31.009140724551955, 196.3085965512968
2.468013893763943, 125.16568771793777
70.8832373820878, 58.28556007658739
36.66131226659207, 88.81851759309447
29.924781248093634, 48.13819215091038
67.31192032797915, 134.35022059472237
88.54934396884885, 101.73449700046382
7.718597131001436, 132.94162390413277
88.348594019078, 56.41487975574346
16.724718363203404, 177.62762069318413
70.87973416724735, 139.26985715637366
7.586138509525886, 71.78078369064278
81.7513296987432, 13.477210343349523
26.194183690045215, 6.23134680748898
20.717378107087438, 101.9970510072922
27.754817636685658, 130.29950826514803
98.43409916937469, 5.020825130270223
10.372300537169432, 34.059687743137765
14.802848036394444, 39.643417965473304
27.3574242548981, 117.26440063898946
73.10795012955201, 173.49371565435248
83.76149925743297, 150.25901663226404
14.651685686555528, 72.90654217375167
42.163169873538465, 19.255870932097842
30.03762705294776, 118.13271192118593
89.33425180993952, 38.57903293314708
68.79474301473452, 169.559868599378
49.73803419409537, 110.98099828487713
13.94470241064737, 124.7234563230125
43.23635747017279, 2.816002618164326
50.71461400233972, 70.2267838291852
49.27976670831059, 41.78688092503269
90.084236848394, 168.2822058492662
0.6193820186233379, 21.08294077779911
54.38616941377524, 45.07410297154193
27.58591378102522, 39.18315258075926
77.48009789265751, 174.97851038816842
20.364143842843006, 171.10840541592407
76.57876622237606, 116.50813639348725
95.74773693545126, 19.93858814972189
49.34483378442835, 158.8088875050922
12.307712919223967, 116.966927300339
2.409203570137375, 150.26597696986153
58.15033416353774, 86.68823037735972
27.907332289624375, 178.73297878062453
92.92900405122904, 91.58421319336976
86.66064135932756, 84.4713119394473
4.396873674450397, 76.07931551668776
46.417224486774934, 91.59198993665154
54.82506854049615, 55.588840432390604
34.398880894528105, 115.31809071993435
54.79343027359109, 38.52523676995372
38.22229300776211, 107.91785343381687
39.817599437123796, 147.62049975096215
95.76977124001994, 79.1186402608513
44.35564975697274, 126.93769398372734
91.99086960569122, 57.782156116208874
91.14471138603348, 8.566920362541763
12.683615985218843, 51.38413571014559
77.14192796276768, 141.60947325167555
22.243979616463992, 142.61441080477152
70.91746490639493, 148.64171236225556
78.16237124555616, 63.65683464034073
72.32329147703909, 11.058956446014045
83.12688486811646, 95.97759496405276
69.44279345312665, 154.55795567834073
75.16323667252753, 173.3659618711173
15.51462399264697, 140.13775324152667
83.36866360544224, 81.28661927998766
55.0658461792372, 185.54781588638275
48.154474134940116, 130.3840237896187
75.07684090637302, 99.68790325521788
75.23654612106674, 40.72196545360865
42.94292832715284, 65.20156315726786
7.417567347772891, 166.41809328170416
14.440943571875653, 13.251698690156367
66.20388366546385, 2.5220847595296636
91.8747718859011, 37.37195404111573
57.05620412426931, 127.51853201047938
190.19763359581358, 6.320199556933215
168.99085927544803, 196.3085965512968
197.53198610623605, 125.16568771793777
129.1167626179122, 58.28556007658739
163.33868773340794, 88.81851759309447
170.07521875190636, 48.13819215091038
132.68807967202085, 134.35022059472237
111.45065603115115, 101.73449700046382
192.28140286899855, 132.94162390413277
111.651405980922, 56.41487975574346
183.2752816367966, 177.62762069318413
129.12026583275264, 139.26985715637366
192.41386149047412, 71.78078369064278
118.2486703012568, 13.477210343349523
173.8058163099548, 6.23134680748898
179.28262189291257, 101.9970510072922
172.24518236331434, 130.29950826514803
101.56590083062531, 5.020825130270223
189.62769946283058, 34.059687743137765
185.19715196360556, 39.643417965473304
172.6425757451019, 117.26440063898946
126.89204987044799, 173.49371565435248
116.23850074256703, 150.25901663226404
185.34831431344446, 72.90654217375167
157.83683012646154, 19.255870932097842
169.96237294705224, 118.13271192118593
110.66574819006048, 38.57903293314708
131.20525698526546, 169.559868599378
150.26196580590462, 110.98099828487713
186.05529758935262, 124.7234563230125
156.76364252982722, 2.816002618164326
149.28538599766028, 70.2267838291852
150.7202332916894, 41.78688092503269
109.915763151606, 168.2822058492662
199.38061798137667, 21.08294077779911
145.61383058622476, 45.07410297154193
172.41408621897477, 39.18315258075926
122.51990210734249, 174.97851038816842
179.63585615715698, 171.10840541592407
123.42123377762394, 116.50813639348725
104.25226306454874, 19.93858814972189
150.65516621557165, 158.8088875050922
187.69228708077603, 116.966927300339
197.59079642986262, 150.26597696986153
141.84966583646226, 86.68823037735972
172.09266771037562, 178.73297878062453
107.07099594877096, 91.58421319336976
113.33935864067244, 84.4713119394473
195.6031263255496, 76.07931551668776
153.58277551322507, 91.59198993665154
145.17493145950385, 55.588840432390604
165.6011191054719, 115.31809071993435
145.2065697264089, 38.52523676995372
161.77770699223788, 107.91785343381687
160.1824005628762, 147.62049975096215
104.23022875998006, 79.1186402608513
155.64435024302725, 126.93769398372734
108.00913039430878, 57.782156116208874
108.85528861396652, 8.566920362541763
187.31638401478116, 51.38413571014559
122.85807203723232, 141.60947325167555
177.756020383536, 142.61441080477152
129.0825350936051, 148.64171236225556
121.83762875444384, 63.65683464034073
127.67670852296091, 11.058956446014045
116.87311513188354, 95.97759496405276
130.55720654687335, 154.55795567834073
124.83676332747247, 173.3659618711173
184.48537600735304, 140.13775324152667
116.63133639455776, 81.28661927998766
144.9341538207628, 185.54781588638275
151.84552586505987, 130.3840237896187
124.92315909362698, 99.68790325521788
124.76345387893326, 40.72196545360865
157.05707167284714, 65.20156315726786
192.5824326522271, 166.41809328170416
185.55905642812434, 13.251698690156367
133.79611633453615, 2.5220847595296636
108.1252281140989, 37.37195404111573
142.9437958757307, 127.51853201047938
