128
88.48755980696413, 153.06691384010898
19.84316541438471, 156.42954726005348
39.208524317161675, 168.57201262949533
95.92098968097666, 156.18694826867534
21.87104837981305, 12.854358134313815
99.97809642974197, 161.52126153355027
95.45847857379732, 164.80052644958673
89.69826404598722, 9.809027059220575
76.43878288291745, 160.12232617760947
68.56643929362286, 5.943518750636212
38.922888738424476, 109.17921465842197
61.260597113581504, 74.06492102543143
25.40873074127544, 57.9634653450577
65.57539667778816, 175.7629654124852
33.131572870990766, 73.03531815348782
85.27837040355374, 192.80109775909048
2.9082246780611887, 142.56290368024568
50.31773420931403, 146.50342648154685
33.86153651151535, 156.56462285265314
48.134368440205634, 168.01019949330168
79.23663284140945, 172.7724124734727
40.682583672065356, 97.41085539329461
65.16408648697133, 115.92342514361431
96.48267087380088, 93.32132929643208
56.73023106503137, 138.79035273842857
98.23999577598515, 36.36760584448402
11.672449307543452, 58.593672400448504
46.123950260147595, 88.21208311066297
34.20394559444267, 2.413437171737298
26.480191536537067, 144.03661716948838
60.92390385707647, 118.64254219039564
83.17059789859931, 94.72752545216372
49.20554326762843, 117.54422874751059
22.92322998780194, 116.72905406315282
54.917180665913925, 120.3832843706836
48.885483623163275, 72.19818299779195
65.35688058207164, 165.45230628400284
81.25328360335965, 35.00647508995192
25.2218114366328, 92.29132504998343
76.42605619636088, 11.29399083526932
68.13691224427065, 15.771936634517857
44.19195036605883, 105.11052148021183
20.20886090449401, 60.19959256367255
46.34911876940918, 134.18440729923228
92.51247756435184, 146.82215340063533
15.575261904386394, 85.89015644424929
35.20423588468572, 22.301592188099526
47.17617522999697, 70.47507348744537
156.55218717382758, 147.77510587135436
111.51244019303587, 153.06691384010898
184.00991081618162, 136.28611804840054
180.1568345856153, 156.42954726005348
160.79147568283832, 168.57201262949533
104.07901031902334, 156.18694826867534
103.35840487361429, 118.08473693113497
178.12895162018694, 12.854358134313815
100.02190357025803, 161.52126153355027
104.54152142620268, 164.80052644958673
110.30173595401278, 9.809027059220575
120.74204690533625, 111.6779504172235
123.56121711708255, 160.12232617760947
131.43356070637714, 5.943518750636212
130.938850367719, 187.7197671694358
146.3143504611326, 28.346047133105714
146.71272329810105, 44.59462950570092
161.0771112615755, 109.17921465842197
138.7394028864185, 74.06492102543143
174.59126925872457, 57.9634653450577
177.40104319250807, 75.18066176343814
134.42460332221185, 175.7629654124852
120.89222279802027, 66.6313223427319
166.86842712900923, 73.03531815348782
125.32777795521635, 4.85068225745986
128.37116511854398, 27.61164835209431
139.15475829148522, 35.45645386255065
114.72162959644626, 192.80109775909048
191.60511774000736, 23.81208891639277
166.87665546461707, 58.448424776551676
148.4564222025445, 185.79594634790152
197.0917753219388, 142.56290368024568
149.68226579068596, 146.50342648154685
166.13846348848466, 156.56462285265314
104.55037887656687, 105.19784914243988
151.86563155979437, 168.01019949330168
120.76336715859055, 172.7724124734727
193.05888507127463, 2.54203276823064
159.31741632793464, 97.41085539329461
134.8359135130287, 115.92342514361431
103.51732912619912, 93.32132929643208
143.26976893496862, 138.79035273842857
125.18390042572788, 183.53751753899226
101.76000422401485, 36.36760584448402
107.90182680933563, 45.68558014674273
188.32755069245655, 58.593672400448504
127.18710846919738, 159.8569988794567
184.0335563745268, 19.616705794031986
153.87604973985242, 88.21208311066297
179.16527105047467, 167.5211566281997
100.31051505607438, 195.70826301359523
165.79605440555733, 2.413437171737298
193.25626814731416, 172.3414403518443
173.51980846346294, 144.03661716948838
172.23000221404587, 129.43673249242468
139.07609614292352, 118.64254219039564
116.82940210140069, 94.72752545216372
150.79445673237157, 117.54422874751059
177.07677001219807, 116.72905406315282
145.08281933408608, 120.3832843706836
151.11451637683672, 72.19818299779195
134.64311941792835, 165.45230628400284
118.74671639664035, 35.00647508995192
174.7781885633672, 92.29132504998343
123.57394380363912, 11.29399083526932
131.86308775572934, 15.771936634517857
155.80804963394115, 105.11052148021183
149.84351185458493, 139.72303767300204
177.96424842578602, 133.77116200371998
155.15346349796465, 52.78230826400232
179.791139095506, 60.19959256367255
190.87268577148976, 2.6335636676146246
153.6508812305908, 134.18440729923228
107.48752243564816, 146.82215340063533
184.4247380956136, 85.89015644424929
164.79576411531428, 22.301592188099526
129.06287667518777, 57.84969732558747
132.26753283942958, 170.75737791938485
152.82382477000303, 70.47507348744537
165.50985057533777, 158.25207669563284
