224
67.27953479036736, 141.40527893592534
91.14238716456433, 152.53613905526612
17.431075723894537, 143.11224685047642
73.90279421939057, 98.79763232260166
40.39388410742307, 166.85679397361696
31.216474058864065, 109.56062712491689
97.45961967599965, 156.01549163892906
45.81659598285764, 25.25322561088974
85.52864369202996, 113.29001009724315
25.30897780378728, 105.67555678637672
52.11266927089737, 51.33154660674392
46.282307370954065, 111.04793367579443
13.641452714725254, 87.75381605205175
70.28515384784222, 5.46313731124377
46.80975908286295, 70.8296058992674
23.612822681327046, 50.6662150054414
80.1771350450974, 151.91386317966106
57.778192513028046, 87.90622798659606
61.82400270184617, 107.15882547120788
52.490793006791236, 39.14473765497483
52.29579095708759, 92.61363129007998
93.9959727953101, 199.7849956633959
7.364650027593221, 117.8071498356613
0.8750694674639306, 152.36051674221773
68.97896513718895, 170.94952303316745
57.51792195098107, 147.47308800916863
43.12474640393718, 11.21126722208831
6.739015380003153, 131.9161617041962
83.14218439009758, 189.32448867801492
20.840515778645603, 175.50722937229673
79.02862719447762, 116.96627723129856
92.36422859759273, 97.20754645818498
14.673805806978624, 31.788985222059175
5.780219741075642, 171.41463556231164
56.81081110672347, 155.18821615357479
59.41069189332337, 152.18134235736525
34.60491060225187, 42.95315798669073
64.63229114732162, 85.44896253102948
99.33999590524166, 192.78925670788266
74.76082269656226, 84.04761358969427
63.95082490601846, 119.7990118863336
96.2708810605659, 165.46022471788754
25.688082018228595, 75.993331758811
37.581559539486435, 189.9068048423986
40.99420345355721, 183.98209446090146
64.62437119861022, 67.94086223547767
68.41979655453534, 57.159171629310684
37.49664805056405, 136.37979925759012
38.431380762166896, 121.04281876939041
76.55347730220888, 83.13910210328135
28.35034872193802, 149.20220228694552
49.81358994107477, 70.03361273410724
73.0857272195368, 186.63563419238835
9.721586598286935, 74.50660556877082
91.60539404478787, 142.36865458172744
77.54930058185573, 162.80581229005512
2.4808711963380183, 161.75411905156125
16.000513861790143, 93.51249170929339
80.78153104566071, 168.79882003246252
68.17305177797144, 120.65992661462955
60.76670552085621, 122.96551620657493
63.96915201859724, 89.0069588241504
69.15390986456396, 187.47497291864363
71.49601204248576, 64.53836094992964
90.60893896588249, 123.70362542233283
24.286646857407156, 162.66996862305865
36.11347903719189, 85.11135655719465
40.257151799314485, 48.05466955622044
45.492148470886214, 101.14265030679675
92.35496192338094, 118.75660219157486
86.01652343792878, 54.275742724986415
91.74471347980986, 148.51185711517957
44.17681310596513, 143.5528649681259
65.80706052960606, 169.61070374198485
53.89437653709759, 46.27765964610273
54.8394847261379, 103.40103670827234
0.7753033545177512, 67.30704466644265
3.0971864755520495, 54.85883803424316
2.464026874088243, 191.20262488262304
56.506938916099145, 68.10067443534811
90.88700268557577, 134.39046337657027
23.15107334014489, 3.7322749038805503
40.04887237903185, 92.06700370861178
35.35686994084246, 165.54672566893478
86.10993715751533, 74.59645474044802
64.55392825882485, 146.9976070820263
96.75431215168732, 179.68370739772715
48.61892340342029, 148.03925192957058
41.16119563368103, 58.92388647341183
21.014895096422393, 9.026794442180686
7.806298543127143, 120.93382474442977
57.81078732185303, 98.75784959494607
73.37474157469437, 85.64591730760063
66.64596843762473, 26.837529291837825
47.79150444415693, 113.99496056700488
32.0994500452093, 13.5022463547819
28.780223477364906, 145.5631935695941
91.8142537251979, 63.17138102542881
51.45350870176113, 126.05499102605529
20.526289383857954, 27.991926120160414
43.27046573753476, 160.1332362277862
56.3624619933975, 158.41408408243862
44.63932853581082, 2.9689285045907177
99.6713209191736, 16.0812506451385
1.333599518314943, 47.43871614304736
78.84626765247525, 59.40423145958826
36.42847430898267, 0.41415336187262675
21.03316103002498, 165.63102458796143
77.13022599249902, 110.02135840686076
21.110411088247172, 81.9598262782171
48.461045006433004, 167.86278459386327
39.11019905843594, 46.359626120163774
87.65114868628677, 39.374993013770876
92.68029977825645, 176.31183453987953
80.03324243992684, 63.89235632207095
34.02045131822846, 55.086603013755585
33.979252814586346, 116.81710782002399
56.535447577939294, 125.07676416911026
25.020079537952057, 67.20673582670247
29.641877154060346, 82.1635016041981
56.32157998642848, 137.43783754603257
23.98016020547028, 33.14441726155002
39.90795334501014, 198.09682583250378
64.54263802224052, 21.182428273699315
93.72624816423996, 54.183555349307966
4.3679071251744634, 92.28938464440661
93.00802365456713, 152.4630571328033
46.04366439484839, 167.0280175349697
48.99399832948879, 35.640058343083325
98.92530289139232, 24.936678204740616
65.30679269600478, 62.3982387392183
65.71337911189116, 48.20788453397198
91.83006533871962, 130.8127752974776
61.33021710420222, 190.36498949811192
8.270497976292168, 146.59340463778244
50.62096380424121, 189.68358541526834
83.57593494716876, 42.00223184798608
54.210834641663666, 52.13324865957458
40.75528608950055, 30.218174307344103
49.83258952383955, 156.09735470282544
17.92715593766673, 88.59080441137581
77.6105907263964, 194.90001489637677
5.650301225635557, 2.4794791423608853
30.777050625846925, 79.77475246189015
157.9910000827076, 199.97498731117292
156.58268287888862, 160.95831567709894
160.4357368411797, 156.72487317462682
126.09720578060943, 98.79763232260166
199.51386543015997, 152.840856844878
100.23858460872815, 135.44064858300374
169.88433601769165, 169.62401969932117
154.18340401714235, 25.25322561088974
177.3134026632261, 88.23961138706535
174.6910221962127, 105.67555678637672
132.0383850835708, 13.36305292083515
153.71769262904593, 111.04793367579443
146.27623853566382, 56.27575973087562
100.78056654905086, 12.433134581188199
147.3141942067724, 103.97690285428607
185.25822228192987, 99.20082121367217
186.4703630499331, 185.82388623012494
163.7015194959571, 25.370805275866324
194.30198655878726, 63.349101109243435
136.16822199413468, 72.1166858031266
115.69355254202098, 97.08777394211961
106.0040272046899, 199.7849956633959
181.05999750765753, 194.46646382383614
127.86666448008708, 151.50998116625806
117.21043673461163, 156.0304550517757
183.0394083327897, 91.11236598360601
131.8896514131471, 21.874715493911935
127.96581591266872, 183.31850147426277
116.85781560990242, 189.32448867801492
164.08518019699494, 102.98054771290825
173.35471313931197, 88.85616084693342
108.80392701669217, 167.82934789974829
185.32619419302137, 31.788985222059175
194.21978025892435, 171.41463556231164
143.18918889327654, 155.18821615357479
140.58930810667664, 152.18134235736525
112.32658704333507, 15.853826049207886
190.3448261094444, 160.21114710002487
104.97167991154392, 139.94266136505786
198.3751548374209, 12.091099314075016
140.00301965768386, 100.26297600434827
103.7291189394341, 165.46022471788754
193.86813245229624, 128.30010740783854
106.32766383130169, 182.62316997494466
118.55332098194388, 196.31657298855475
150.74636320610125, 49.199472694911364
178.54737176677108, 0.20719682795964367
184.05842525359125, 187.94058674294786
184.25944285295657, 108.11098454225538
178.58224711749668, 10.193647978998888
100.66795488828207, 175.18265497763718
126.31824392622771, 61.496203521973
109.51948007948937, 173.08522934278776
190.27841340171307, 74.50660556877082
170.79331357367602, 143.8805556748194
122.45069941814427, 162.80581229005512
170.15159317583175, 105.05733017475936
183.99948613820985, 93.51249170929339
116.6087462754474, 137.1544157341187
111.501410562101, 189.50840961848797
198.91628324273384, 93.77287594140296
102.00386229326293, 89.94534704400972
117.22274184191099, 149.62914475234484
109.902951747831, 85.71997439365234
176.27075865175559, 191.50705111007386
198.06584368946693, 187.27350984310038
101.52898973723524, 108.92055615333337
136.48103553382293, 63.608135562621506
165.12442323300618, 62.080041259649455
106.93798027319015, 175.52040485385464
152.41135763645826, 131.9946047241808
166.72470076484046, 164.79133103750218
166.4187612513755, 85.71414308410161
116.80102138659183, 115.95069555534752
120.35079981346833, 17.642729776362366
161.1654741248146, 28.51082803196259
185.85458934363692, 114.63615092932746
196.90281352444796, 54.85883803424316
197.53597312591177, 191.20262488262304
165.79744862105855, 125.80906410139998
