192
33.29791157734697, 67.83634907159129
44.04186574528056, 104.47655955071487
71.42645792396658, 118.6499316596362
97.92994646853474, 123.39433922309917
2.6827246889997047, 143.51182268288454
62.26157752934831, 32.68748341831695
90.71522347847656, 13.14285185239008
38.750913985245404, 115.15694995577637
38.85330474356555, 72.10397375344999
43.403008579485714, 170.42653258042532
89.85801509710811, 27.70923863839212
16.423477596573044, 56.3372596996256
9.389717968532462, 90.22338714663857
39.02138362268923, 169.6622574673284
72.74341854797252, 92.12723517591922
88.70385898008017, 60.35871963940282
91.18823991670837, 127.69910342376534
45.160096158832765, 59.485369242925735
24.045389810322458, 73.0371868297181
41.17429533781662, 1.6014236502354784
34.98236505927975, 49.97485969602853
30.345490202315485, 113.30611718626483
49.87625806713487, 60.15941168128451
12.698900645463496, 16.737390543346574
86.63632311714076, 17.123927763680037
38.41528352566761, 105.80828358870573
2.0822220911357214, 14.793410688483144
84.28546150169575, 113.4480946584943
0.6843262390818339, 149.83747420638198
94.08803138993797, 28.955870743761245
16.867457575854637, 188.08951460469717
55.006155447515845, 136.09668107610315
53.382087440437346, 116.18780643638145
91.92722366684434, 172.75856523467584
62.44718525847408, 41.52227636184978
0.5167578197286637, 187.83005960929447
78.40310230409371, 140.52823567916496
63.767665440897915, 108.95434023426304
15.375884464773238, 63.379936227580444
3.8283364288350885, 4.079551965616823
60.75883994006887, 107.95875367753527
46.77063174972589, 31.08152769041157
45.217916696148144, 22.691116579937187
45.90604800465069, 61.365428166926115
33.00443451626137, 186.95067431966586
52.452285074618686, 159.2166699723713
46.361320278535075, 35.86625084795283
2.9718432263031724, 195.6158808952376
41.79997375613627, 39.935507751272056
1.5082682182784524, 139.87653372528573
72.37165597579452, 72.1303205751708
2.2430778938452245, 67.62907795450668
28.637283533993607, 71.76303731498466
60.4805376318471, 1.3159390739687638
72.22080012583177, 46.16654980804853
72.8180574328577, 136.1213007956812
87.8217384602366, 183.3576805074296
92.65476559816653, 22.73491287524594
56.819869168397005, 83.04968955039018
96.03494488028258, 72.40094986038999
64.92861987294806, 2.9740144202786034
49.458369953037575, 30.912736301603516
14.52936983896378, 67.52477185328489
44.24501574388031, 139.73326121889892
98.57672562024393, 142.73883230934305
72.50394943023008, 80.13626323752503
7.744838472149551, 23.69255011833369
70.60078309850249, 193.38121513103943
49.10578826387834, 99.43808889979739
42.89774840369426, 36.686096089710276
99.4303408299935, 195.668578161651
64.65824909662457, 165.36135803066128
29.543159800875664, 156.8223464431733
69.84755679075685, 73.51959769047367
60.9716597585503, 157.25640110006077
79.8405562121476, 48.59574453025948
38.875358149906205, 58.22178355871716
47.342680773486144, 76.50297664432972
98.46345170714035, 127.47433093916365
5.576755171203285, 38.10308376478151
94.44642217788103, 69.60293783712359
22.5623264335606, 164.07037439457645
83.07018269683248, 68.07123929164828
40.082769577124, 97.06616830184609
70.49387804114238, 175.2526143812686
76.58249113322213, 29.90202580874415
40.510054878250024, 31.348108903780613
77.43580200271944, 157.78685369993386
97.3665503583353, 74.66088531436388
0.03908609981886357, 179.92753930422077
65.70417960777851, 143.2896708118468
21.33197561440222, 165.77379511907068
97.48325005315195, 150.3648085408904
79.60245688561207, 90.16187191924901
31.40885036109221, 26.979069755282126
35.94743601978675, 156.5345507883779
29.131764328618846, 7.726430209439372
80.4187474156456, 33.225302887160325
68.99654819746688, 81.78924757511172
81.06987293219508, 108.67194783447431
28.075035995343878, 2.7263151450562573
73.06847455733555, 1.8606945412243503
10.131111654022174, 138.43615841921059
7.018354106310188, 29.3665440996123
73.98911612583554, 123.69659186798731
28.32700831641526, 126.14316644177465
49.76089788176201, 170.80886435823038
25.595800341529028, 61.79470921868686
51.943936587869224, 136.32220208358197
80.3285675748328, 82.52862327657277
98.84259331947996, 106.72390912133764
99.6263088680879, 70.83382232561775
166.70208842265302, 67.83634907159129
155.95813425471943, 104.47655955071487
128.57354207603342, 118.6499316596362
102.07005353146526, 123.39433922309917
197.3172753110003, 143.51182268288454
137.7384224706517, 32.68748341831695
109.28477652152344, 13.14285185239008
161.2490860147546, 115.15694995577637
161.14669525643444, 72.10397375344999
156.59699142051429, 170.42653258042532
110.14198490289189, 27.70923863839212
183.57652240342696, 56.3372596996256
190.61028203146753, 90.22338714663857
160.97861637731077, 169.6622574673284
127.25658145202748, 92.12723517591922
111.29614101991983, 60.35871963940282
108.81176008329163, 127.69910342376534
154.83990384116723, 59.485369242925735
175.95461018967754, 73.0371868297181
158.82570466218337, 1.6014236502354784
165.01763494072026, 49.97485969602853
169.6545097976845, 113.30611718626483
150.12374193286513, 60.15941168128451
187.30109935453652, 16.737390543346574
113.36367688285924, 17.123927763680037
161.5847164743324, 105.80828358870573
197.91777790886428, 14.793410688483144
115.71453849830425, 113.4480946584943
199.31567376091817, 149.83747420638198
105.91196861006203, 28.955870743761245
183.13254242414536, 188.08951460469717
144.99384455248415, 136.09668107610315
146.61791255956265, 116.18780643638145
108.07277633315566, 172.75856523467584
137.55281474152594, 41.52227636184978
199.48324218027133, 187.83005960929447
121.59689769590629, 140.52823567916496
136.23233455910207, 108.95434023426304
184.62411553522676, 63.379936227580444
196.1716635711649, 4.079551965616823
139.24116005993113, 107.95875367753527
153.22936825027412, 31.08152769041157
154.78208330385186, 22.691116579937187
154.0939519953493, 61.365428166926115
166.99556548373863, 186.95067431966586
147.5477149253813, 159.2166699723713
153.63867972146494, 35.86625084795283
197.02815677369682, 195.6158808952376
158.20002624386373, 39.935507751272056
198.49173178172154, 139.87653372528573
127.62834402420548, 72.1303205751708
197.75692210615478, 67.62907795450668
171.3627164660064, 71.76303731498466
139.51946236815292, 1.3159390739687638
127.77919987416823, 46.16654980804853
127.1819425671423, 136.1213007956812
112.1782615397634, 183.3576805074296
107.34523440183347, 22.73491287524594
143.18013083160298, 83.04968955039018
103.96505511971742, 72.40094986038999
135.07138012705195, 2.9740144202786034
150.54163004696244, 30.912736301603516
185.4706301610362, 67.52477185328489
155.75498425611968, 139.73326121889892
101.42327437975607, 142.73883230934305
127.49605056976992, 80.13626323752503
192.25516152785045, 23.69255011833369
129.3992169014975, 193.38121513103943
150.89421173612166, 99.43808889979739
157.10225159630573, 36.686096089710276
100.5696591700065, 195.668578161651
135.34175090337544, 165.36135803066128
170.45684019912434, 156.8223464431733
130.15244320924313, 73.51959769047367
139.0283402414497, 157.25640110006077
120.1594437878524, 48.59574453025948
161.12464185009378, 58.22178355871716
152.65731922651386, 76.50297664432972
101.53654829285965, 127.47433093916365
194.42324482879673, 38.10308376478151
