160
75.62894598772046, 59.671913913048556
67.93479748779527, 50.27290743449824
15.965702094344515, 143.9428613463091
16.297819027172167, 191.23408167440817
22.678019702685106, 89.91036761458149
96.31389771300793, 32.04363219611264
22.573820808263278, 21.78003150675094
55.43956974919845, 9.441375147729648
39.43309266352703, 12.690239691432236
20.11559453256452, 127.00459334865526
41.29772506024989, 100.22616476507416
44.55994865368478, 69.72344288511572
5.555475989081183, 2.037287971907209
8.456352514289723, 134.3085845437199
36.68329254024382, 173.06524690334706
66.2655357412153, 11.984197953069952
50.30601542164966, 114.98570111964266
81.91115647838274, 89.03388086365484
42.486111430457804, 59.63995888166338
9.893048428289708, 3.2360919241202657
9.183563755206126, 171.10289041418082
32.504089628564195, 7.348989495497937
65.50189392426637, 131.82657650966024
78.10629250645682, 73.27727155920212
6.717667125805981, 97.36979088795965
58.78088883432564, 88.78945804828042
70.2793325729716, 23.863521698812317
72.89938799324695, 137.68475122999348
96.21630732123106, 190.14944228421479
27.356825576481892, 57.750294311898934
60.9738427216728, 155.45082269936853
84.74819688377261, 185.7838488454896
71.04585722318919, 155.4546305905915
58.695570655595056, 171.12906438106396
45.48819366879129, 83.00456631552609
36.46611459623733, 192.22373996636117
69.37732136864845, 131.9613389345356
22.14875663212962, 199.92669403988683
26.629624698321063, 85.3103789809266
94.76962186144789, 26.298928294059976
92.16026702666588, 91.96692811972473
94.09912039814836, 108.10719404253672
57.57881548117065, 134.62051750500436
85.62315391107497, 65.29693637350871
17.897787245982943, 170.49448736677627
56.14221991045552, 79.53998594475624
29.30464645602574, 164.11367515092286
2.523663692774336, 8.756935660806398
99.89804143327753, 115.80966854923196
29.641842494786317, 10.46797360027032
72.71516697398025, 119.74393127366372
72.97332504952227, 3.8650614815920914
9.546153600563411, 104.3918667112969
36.199462598370836, 141.2478828068547
58.702116530753734, 32.8079083681333
78.55216686671422, 130.82950949856456
14.32718389975669, 185.42330900848228
85.02306541202114, 51.56947008202912
77.69836927571768, 143.49284956504184
84.27064583057651, 25.654735314970623
67.54593648801698, 20.07866356649568
70.71978790330344, 95.99956575639447
86.9248040044282, 1.177574003767612
43.96810507276372, 132.28917712349235
19.62335314846935, 135.51809562399154
0.994112602844377, 32.663355381112915
81.77206690700292, 145.50053783054818
63.09983260810452, 112.53295710565878
57.56624652755406, 185.48180367781012
69.92089207176048, 119.47255744959509
36.148582744917945, 164.4125830216923
39.092915146710325, 98.19596413531104
28.416113421545695, 22.99768929690833
63.78121403844008, 69.4997224735236
54.251140371028775, 131.17754275945057
95.90692996845763, 47.89317239913251
85.44428620318088, 17.447032682591136
40.981163923189044, 1.5221593253266663
14.314962218828843, 93.86035172198162
97.19124706333776, 163.89161869848468
124.37105401227954, 59.671913913048556
132.06520251220473, 50.27290743449824
184.03429790565548, 143.9428613463091
183.70218097282782, 191.23408167440817
177.3219802973149, 89.91036761458149
103.68610228699207, 32.04363219611264
177.4261791917367, 21.78003150675094
144.56043025080155, 9.441375147729648
160.56690733647298, 12.690239691432236
179.88440546743547, 127.00459334865526
158.7022749397501, 100.22616476507416
155.44005134631522, 69.72344288511572
194.44452401091883, 2.037287971907209
191.54364748571027, 134.3085845437199
163.31670745975617, 173.06524690334706
133.7344642587847, 11.984197953069952
149.69398457835035, 114.98570111964266
118.08884352161726, 89.03388086365484
157.5138885695422, 59.63995888166338
190.10695157171028, 3.2360919241202657
190.81643624479386, 171.10289041418082
167.4959103714358, 7.348989495497937
134.49810607573363, 131.82657650966024
121.89370749354318, 73.27727155920212
193.28233287419403, 97.36979088795965
141.21911116567435, 88.78945804828042
129.7206674270284, 23.863521698812317
127.10061200675305, 137.68475122999348
103.78369267876894, 190.14944228421479
172.6431744235181, 57.750294311898934
139.0261572783272, 155.45082269936853
115.25180311622739, 185.7838488454896
128.9541427768108, 155.4546305905915
141.30442934440495, 171.12906438106396
154.5118063312087, 83.00456631552609
163.53388540376267, 192.22373996636117
130.62267863135156, 131.9613389345356
177.85124336787038, 199.92669403988683
173.37037530167893, 85.3103789809266
105.23037813855211, 26.298928294059976
107.83973297333412, 91.96692811972473
105.90087960185164, 108.10719404253672
142.42118451882936, 134.62051750500436
114.37684608892503, 65.29693637350871
182.10221275401705, 170.49448736677627
143.85778008954446, 79.53998594475624
170.69535354397425, 164.11367515092286
197.47633630722567, 8.756935660806398
100.10195856672247, 115.80966854923196
170.35815750521368, 10.46797360027032
127.28483302601975, 119.74393127366372
127.02667495047773, 3.8650614815920914
190.4538463994366, 104.3918667112969
163.80053740162916, 141.2478828068547
141.29788346924627, 32.8079083681333
121.44783313328578, 130.82950949856456
185.67281610024332, 185.42330900848228
114.97693458797886, 51.56947008202912
122.30163072428232, 143.49284956504184
115.72935416942349, 25.654735314970623
132.454063511983, 20.07866356649568
129.28021209669657, 95.99956575639447
113.0751959955718, 1.177574003767612
156.0318949272363, 132.28917712349235
180.37664685153067, 135.51809562399154
199.00588739715562, 32.663355381112915
118.22793309299708, 145.50053783054818
136.90016739189548, 112.53295710565878
142.43375347244594, 185.48180367781012
130.07910792823952, 119.47255744959509
163.85141725508205, 164.4125830216923
160.9070848532897, 98.19596413531104
171.5838865784543, 22.99768929690833
136.21878596155992, 69.4997224735236
145.74885962897122, 131.17754275945057
104.09307003154237, 47.89317239913251
114.55571379681912, 17.447032682591136
159.01883607681094, 1.5221593253266663
185.68503778117116, 93.86035172198162
102.80875293666224, 163.89161869848468
