176
38.955648077080326, 130.34180005183558
43.958883333645005, 141.43576171599707
68.49544743529104, 118.88897867955433
59.79754462479172, 14.81749172971547
68.4621552261982, 87.26317840117571
68.59749512560299, 179.05967612904564
97.22700096083643, 21.82691813631925
45.13873645774106, 128.17482282525876
62.70687736806497, 161.67285500833907
61.04810843986773, 96.3618794387157
66.02207684327395, 63.89303339691699
6.319853155244337, 2.8911726617833144
78.68614732895321, 30.54455580881286
12.415898770017552, 109.93681441949703
81.49930484948948, 86.68979431229275
25.548803287120506, 63.941763147679424
38.617641804199664, 199.88964940306556
98.09893067958629, 182.66062596312
32.123609396787685, 61.56920426841439
89.50768447592033, 3.205468623915042
93.48647431452336, 153.31947689294546
72.37202022956866, 117.66267305022285
34.457945504234, 189.135134285502
32.37435505636014, 109.48523297545195
85.25233547060134, 118.29651964041807
33.593528039923605, 114.1134594768754
13.777394024603229, 90.23688668447856
81.9514986148311, 25.376306917447188
61.17906092733823, 69.40894434042049
9.858968617030117, 74.30165150386551
46.19127643887224, 152.8613616266005
48.14485102571142, 10.717656221806337
39.96735995837815, 181.77042166006234
42.73156109160456, 111.64796628377846
20.115112148666814, 102.65378108850933
38.19948080050676, 34.20846040519816
33.64588546390127, 74.31971558710286
77.63511105251241, 197.32438508563192
90.47740047015526, 95.86247030397436
21.10969181765705, 146.94341053769057
26.735863861228736, 195.08565138640358
27.323596221257873, 193.1827093400471
34.763792462588874, 140.0345574647451
24.103349554764176, 146.18680412327814
35.33155771712138, 177.34807685693647
14.752347254339105, 115.50289676981909
66.63077781447161, 167.62504941554442
62.47235123290681, 46.811203189632856
74.92231740130958, 60.33246515992637
6.849555663190987, 58.682538541300964
29.147517523213796, 27.94056029189842
84.78224260833305, 77.88957779428914
91.39303470091764, 110.93371880426596
40.81286910469474, 132.6581320844448
15.783078502803882, 92.6377066253662
15.606554691624563, 9.97740992523597
98.30534799848776, 25.530253044570685
5.909708089074883, 78.66539942555717
76.64232596882763, 189.8676071926282
41.86220465181716, 194.09531584841204
30.350254711332692, 126.82971894825761
76.41940803414003, 70.79236184373944
86.16522104682687, 50.962152073554854
54.038322546385366, 90.51240257689727
80.19064627236885, 80.96114753865062
33.92681837632093, 127.62840271151843
78.41444184806744, 99.9842751422949
80.3239580870226, 32.354560724002425
96.83470283131561, 82.40818886592422
26.852675702843754, 133.49707486323604
62.12737228446539, 132.0981520779431
42.284636768637995, 56.02013368676426
69.44049999315453, 62.748039098559104
89.67961591852355, 29.042150701165383
29.98446985936909, 43.56973795364405
82.37262723755588, 56.70332171986014
40.09606341708986, 120.30140470451174
65.14839305016756, 152.23392702301402
60.217866141705024, 1.816117026982722
71.3810563776216, 125.99612269715367
11.350198638357945, 11.427432386182224
81.06930214121152, 61.9454507348087
31.11230118346886, 105.21047868563515
20.046843052893728, 110.8348569271278
36.995194434595824, 110.62185952653746
39.02930659001187, 71.61611426382353
59.65248812492081, 7.797640332427669
68.15442630779488, 23.02743478958491
35.50930415617207, 50.983425958628814
18.240305606787377, 122.83394938275379
75.99653119124213, 120.42917881863934
25.106196109221845, 162.5063730487102
33.77075811533281, 104.48473490517436
4.442156540870645, 92.88101154243911
93.96203620126342, 115.20200130520344
19.604145340494604, 171.5256641769769
161.04435192291967, 130.34180005183558
156.04111666635498, 141.43576171599707
106.90414831735853, 190.3494701113851
140.20245537520827, 14.81749172971547
131.5378447738018, 87.26317840117571
131.402504874397, 179.05967612904564
102.77299903916357, 21.82691813631925
154.86126354225894, 128.17482282525876
194.53815738368064, 102.99925385589192
138.95189156013225, 96.3618794387157
133.97792315672604, 63.89303339691699
193.68014684475565, 2.8911726617833144
139.5201454665318, 19.322684665707925
187.58410122998245, 109.93681441949703
139.12510280169715, 74.88289118411457
105.54084670936223, 129.95519300308248
142.4269457194152, 198.28293836250614
101.90106932041371, 182.66062596312
167.87639060321231, 61.56920426841439
110.49231552407967, 3.205468623915042
106.51352568547664, 153.31947689294546
127.62797977043134, 117.66267305022285
165.542054495766, 189.135134285502
179.06865572767228, 117.45529887789974
114.74766452939866, 118.29651964041807
166.4064719600764, 114.1134594768754
186.22260597539676, 90.23688668447856
118.0485013851689, 25.376306917447188
138.82093907266176, 69.40894434042049
190.14103138296989, 74.30165150386551
193.0309645709469, 122.48988174977336
151.85514897428857, 10.717656221806337
160.03264004162185, 181.77042166006234
157.26843890839544, 111.64796628377846
179.8848878513332, 102.65378108850933
139.02728436477082, 89.00150522817796
197.4637603322824, 1.5673242824916667
122.36488894748759, 197.32438508563192
109.52259952984474, 95.86247030397436
178.89030818234295, 146.94341053769057
173.26413613877128, 195.08565138640358
172.67640377874213, 193.1827093400471
165.23620753741113, 140.0345574647451
175.89665044523582, 146.18680412327814
164.66844228287863, 177.34807685693647
185.2476527456609, 115.50289676981909
133.36922218552837, 167.62504941554442
137.52764876709318, 46.811203189632856
167.4803728321626, 37.77055900233981
193.15044433680902, 58.682538541300964
170.8524824767862, 27.94056029189842
115.21775739166695, 77.88957779428914
112.61151834842734, 146.9266078027226
164.16976779998532, 182.39743222391482
184.21692149719613, 92.6377066253662
184.39344530837545, 9.97740992523597
101.69465200151224, 25.530253044570685
194.09029191092512, 78.66539942555717
123.35767403117237, 189.8676071926282
158.13779534818283, 194.09531584841204
169.6497452886673, 126.82971894825761
123.58059196585997, 70.79236184373944
113.83477895317313, 50.962152073554854
145.96167745361464, 90.51240257689727
119.80935372763115, 80.96114753865062
166.07318162367906, 127.62840271151843
121.58555815193256, 99.9842751422949
119.6760419129774, 32.354560724002425
152.75259907221385, 110.2711587264934
173.14732429715625, 133.49707486323604
137.8726277155346, 132.0981520779431
157.715363231362, 56.02013368676426
130.55950000684547, 62.748039098559104
110.32038408147645, 29.042150701165383
170.01553014063091, 43.56973795364405
117.62737276244412, 56.70332171986014
159.90393658291015, 120.30140470451174
160.0279216856443, 77.29078874937902
139.78213385829497, 1.816117026982722
161.10786225627058, 64.58254173267348
