128
45.38038741090244, 66.36925589718633
3.796831139352841, 102.77582879443041
70.49298969417146, 67.58054674352935
79.55129843060668, 6.271969973886282
55.75194963831615, 74.6400917719825
8.285731660993612, 171.18352426331572
49.89955392969959, 106.44641470541876
73.22487954496702, 137.32417827352978
99.86517604783069, 81.35641515591361
69.27374355423156, 13.003412933472426
93.59233196821931, 29.5156005542363
11.779765117027896, 140.34364281040658
26.211351362298497, 5.256999563265929
68.90372693521411, 137.384254325951
81.26811457276455, 175.69842195061776
14.19081239278077, 71.75371320434998
27.491210745928573, 60.80083364170959
73.31096917332637, 165.126746805096
69.11874484482738, 73.45937315259525
89.31490820754105, 99.31786056799852
85.28725260686907, 56.965697190356465
14.936825281737697, 192.89828873289358
99.77519456884471, 44.0894009801559
69.72343099902007, 38.977608127638064
98.5939988956874, 1.5730054176904984
92.60964745094665, 109.92997233106081
44.69342452159806, 124.40581920405498
59.27937919972792, 132.50831826780725
34.69016798100834, 149.84123967692926
34.13283095502333, 69.00801709671671
49.99579378042689, 9.346640871867983
43.96571787427077, 25.38855030575826
10.434502806582746, 39.21197540604009
12.179732319420388, 86.36162492361773
93.45008244430113, 43.23463311132143
5.85735040545623, 163.96319469891617
98.77701103001108, 142.8075211944491
15.419897815971916, 58.96297957485843
84.08275747102417, 148.60069185425417
82.29647974103388, 50.546901912645346
88.155362807237, 103.76925966804752
78.28233423088312, 73.40813405668598
25.234797476232963, 181.05234262482847
7.546806567621123, 135.59038801759633
22.14563717839909, 27.22210237317284
32.685958855538864, 126.90110204380353
64.38867959411382, 35.23460390514288
49.54274002324798, 84.87833517113764
135.4343375437919, 92.20486330169251
154.61961258909756, 66.36925589718633
165.61073982684272, 112.16840459002992
196.20316886064717, 102.77582879443041
129.50701030582854, 67.58054674352935
137.4284557997803, 48.90165972777947
120.44870156939332, 6.271969973886282
144.24805036168385, 74.6400917719825
191.7142683390064, 171.18352426331572
173.5726007620049, 12.915400704756653
117.29287078720859, 54.85478632187011
190.148350120295, 88.80556340002201
150.1004460703004, 106.44641470541876
126.77512045503298, 137.32417827352978
100.13482395216931, 81.35641515591361
130.72625644576846, 13.003412933472426
106.40766803178069, 29.5156005542363
139.4155726853122, 109.60459369611655
165.20624307190886, 50.07912076419354
166.11401894917947, 36.58185403980345
153.22815739390646, 19.376208994498036
104.2722749969868, 174.92999590250074
188.2202348829721, 140.34364281040658
173.7886486377015, 5.256999563265929
131.0962730647859, 137.384254325951
118.73188542723545, 175.69842195061776
185.80918760721923, 71.75371320434998
172.50878925407142, 60.80083364170959
173.2901741548372, 186.6843034866921
126.68903082667363, 165.126746805096
173.71844353356346, 71.54396190746913
169.1504874056813, 90.01310614198934
130.88125515517262, 73.45937315259525
168.28353256714283, 131.6302634617135
117.34273979622911, 61.23317611032499
138.74135506372636, 92.18174493021414
185.97300050474473, 136.82949710417597
110.68509179245895, 99.31786056799852
114.71274739313093, 56.965697190356465
185.0631747182623, 192.89828873289358
109.26676211377404, 131.78246654086027
100.22480543115529, 44.0894009801559
130.27656900097992, 38.977608127638064
101.4060011043126, 1.5730054176904984
109.76975847887486, 179.80503249742094
171.20294326875637, 4.355192084701054
107.39035254905335, 109.92997233106081
155.30657547840195, 124.40581920405498
140.7206208002721, 132.50831826780725
180.98911278889946, 7.6632274315720394
165.30983201899167, 149.84123967692926
165.86716904497666, 69.00801709671671
170.85055168254308, 31.77796207072221
150.00420621957312, 9.346640871867983
156.03428212572922, 25.38855030575826
189.56549719341726, 39.21197540604009
187.8202676805796, 86.36162492361773
176.63072045824248, 162.07997107930734
106.54991755569887, 43.23463311132143
194.14264959454377, 163.96319469891617
101.22298896998892, 142.8075211944491
184.58010218402808, 58.96297957485843
146.09933889461914, 12.65516377159248
108.03460842093638, 4.346129454573244
115.91724252897583, 148.60069185425417
117.70352025896612, 50.546901912645346
111.844637192763, 103.76925966804752
147.45119425116667, 138.11157381699618
162.72360100308939, 133.46610902494515
109.380577499598, 42.01490929965694
121.71766576911688, 73.40813405668598
168.67157339632476, 66.43972949637522
167.57312752506402, 50.567184311503
138.59021195868036, 64.9730680475109
174.76520252376704, 181.05234262482847
192.45319343237887, 135.59038801759633
177.85436282160092, 27.22210237317284
167.31404114446113, 126.90110204380353
135.61132040588618, 35.23460390514288
150.45725997675203, 84.87833517113764
