144
23.21924712444712, 161.5494930132523
2.704590841124732, 140.92787835980306
40.79362757863265, 150.33161612633305
94.40923477792708, 58.383654609163614
43.94359395994645, 88.29998487927418
67.50144673095463, 11.541577457176967
17.24009769740786, 107.12813750968292
57.04861676917234, 136.83198354107944
1.1355447509726058, 133.70157458834314
13.582965634234423, 56.790096724544625
72.71268400661246, 3.141656481410293
9.29250764618521, 63.325844617538564
30.991159569935434, 135.68849007773514
54.31834371980142, 47.26132607237583
7.817122987382352, 108.32794004246973
18.087136466229836, 198.43807084238486
21.77788770965933, 35.41861348183879
47.7035894571523, 62.30760677647156
83.59285531619697, 20.264744631368494
18.45897323520187, 139.88326894338857
68.88763087243676, 27.92595625738652
32.282385379642356, 33.071463421838956
69.51771540196519, 4.014503272818826
12.318440264581032, 70.33820449890756
93.34640840124163, 8.80640261741965
46.934202465142306, 138.75324458479432
47.619285268292565, 64.12266296048288
59.16211593758184, 14.0804768547256
18.917180838749413, 100.80370700689471
8.672246297526575, 144.06502416141726
28.82579996630693, 15.877724860085118
17.04706641736523, 108.7185223806564
51.814999634321936, 152.2028558175536
63.28342770184899, 129.93363706833478
74.23692089120875, 3.723480680203095
97.3271532578407, 172.65875702257318
2.457876135600623, 91.33540486591443
64.30196831799567, 154.61069599029398
63.48089243233107, 92.11742475551408
68.64247522382549, 126.42979686452964
92.21499318183167, 61.26618606084302
65.60042492487437, 181.00714829028618
99.71782735009586, 164.5327806562854
8.654832703885262, 76.93196217304367
2.2975555931829206, 195.05457103624582
19.3775230029139, 77.37687504038612
41.991496395653904, 128.81707388393053
47.12294289702966, 30.579306218764522
12.11733941028137, 138.93887567398824
18.526305083171223, 185.68132439187275
97.13462006606436, 174.9214857872607
32.57459987413345, 193.17948508509352
75.84896161867714, 196.2576600989523
68.24012435215711, 24.528248272416153
51.283055339477315, 139.23598167249992
25.447208021599977, 142.97217439454346
55.16706069662598, 85.01538161402755
36.179223841541805, 160.3366347967401
15.134521465919482, 39.596346615977836
8.073018358587557, 31.35469347959856
72.47554979701793, 93.70498519287791
57.75953435982652, 93.49567865366832
23.20647766545144, 156.3993655436341
44.758978254119064, 28.211248719037417
176.78075287555288, 161.5494930132523
197.29540915887526, 140.92787835980306
159.20637242136735, 150.33161612633305
105.59076522207292, 58.383654609163614
156.05640604005356, 88.29998487927418
110.1003004048877, 29.418249953321162
117.83908203110825, 122.3102583051552
132.49855326904537, 11.541577457176967
182.75990230259214, 107.12813750968292
142.95138323082767, 136.83198354107944
198.8644552490274, 133.70157458834314
103.05031195479334, 195.77145605591127
130.55446260487568, 138.7476344852363
186.41703436576557, 56.790096724544625
127.28731599338754, 3.141656481410293
190.70749235381479, 63.325844617538564
175.43640567880087, 159.57900070732725
169.00884043006457, 135.68849007773514
145.68165628019858, 47.26132607237583
192.18287701261764, 108.32794004246973
181.91286353377018, 198.43807084238486
178.22211229034068, 35.41861348183879
144.16966183513594, 191.62731716682052
152.2964105428477, 62.30760677647156
116.40714468380303, 20.264744631368494
181.54102676479812, 139.88326894338857
127.88730023450286, 159.28210880059171
131.11236912756323, 27.92595625738652
167.71761462035764, 33.071463421838956
175.191712584854, 30.616918208068867
130.48228459803482, 4.014503272818826
187.68155973541897, 70.33820449890756
106.65359159875837, 8.80640261741965
153.0657975348577, 138.75324458479432
182.50905183174237, 51.043389364026815
152.38071473170743, 64.12266296048288
140.83788406241817, 14.0804768547256
181.0828191612506, 100.80370700689471
199.39651354150055, 94.66770892845055
191.32775370247342, 144.06502416141726
171.17420003369307, 15.877724860085118
182.95293358263478, 108.7185223806564
148.18500036567806, 152.2028558175536
136.716572298151, 129.93363706833478
104.17988718911928, 72.75420676790903
125.76307910879125, 3.723480680203095
102.6728467421593, 172.65875702257318
197.54212386439937, 91.33540486591443
135.69803168200434, 154.61069599029398
120.99404017871976, 61.60837215321906
136.51910756766893, 92.11742475551408
115.0654803547726, 195.18771620963452
131.3575247761745, 126.42979686452964
107.78500681816833, 61.26618606084302
134.39957507512563, 181.00714829028618
165.0694943703532, 124.31163417706877
100.28217264990414, 164.5327806562854
191.34516729611474, 76.93196217304367
197.70244440681708, 195.05457103624582
180.6224769970861, 77.37687504038612
158.0085036043461, 128.81707388393053
152.87705710297035, 30.579306218764522
187.88266058971863, 138.93887567398824
181.47369491682878, 185.68132439187275
102.86537993393564, 174.9214857872607
167.42540012586656, 193.17948508509352
124.15103838132286, 196.2576600989523
131.75987564784288, 24.528248272416153
148.7169446605227, 139.23598167249992
174.55279197840002, 142.97217439454346
144.83293930337402, 85.01538161402755
163.8207761584582, 160.3366347967401
184.86547853408052, 39.596346615977836
191.92698164141245, 31.35469347959856
127.52445020298207, 93.70498519287791
142.24046564017348, 93.49567865366832
176.79352233454856, 156.3993655436341
199.81891390903422, 75.62387383653267
155.24102174588094, 28.211248719037417
166.27605051119542, 50.51968903247484
