240
89.1850055225074, 142.6664877890693
15.13432177622004, 159.08445766457666
6.171497166046491, 66.84048443285535
69.84924861234677, 58.14886058571105
69.43378688898886, 17.2275422950015
63.68811185299224, 96.83317494038448
94.81384304537531, 162.99404313106785
83.29659749177235, 160.55462404641753
7.679496364044702, 71.95638638637054
71.4031095914384, 100.50334102819549
93.9452889925777, 55.661540489081894
81.68646908065158, 79.37891728271671
75.30989476977992, 42.30226401803907
93.61306801216804, 94.68796540972532
12.73543745707334, 33.02337940663542
75.68779244316627, 62.50374335490252
14.429285961656413, 19.05850897007866
3.4639512830791808, 99.90321829117867
70.00670019964059, 31.332606223788062
30.42218819553656, 122.8920028798272
56.403910822959055, 71.5597472005082
39.26743968375854, 124.94820348758861
17.75926428080068, 189.5353794256764
19.697028932868587, 70.46843533185785
50.448431429048526, 104.26074660198597
59.64324103865037, 168.44158161651117
6.896476468226509, 2.2582479223582252
3.6600998637914106, 36.20358389675828
2.878603228233334, 167.66984626290193
83.65913356311894, 27.982694081851236
98.3326699334456, 168.0823102969892
96.33887827654804, 63.10832596904281
45.62062519232012, 136.80958708428506
12.207629349884265, 120.08663089755258
43.00296313422871, 82.13420500867224
99.17853685739486, 55.61343206930538
21.65042843796694, 186.12831575347388
30.24901236718658, 145.61450478759846
24.901580094249663, 97.97386920892401
52.81795129860613, 98.42223943474761
24.660271326810722, 117.35185952022763
86.9862381716122, 111.96320080500328
44.7599516305046, 52.48975524644126
16.644399166368906, 81.69573507723398
17.153267288697094, 75.5501122059507
55.682311454064205, 151.64788075106793
26.333486941682914, 154.13934817223634
11.624355444780232, 115.62153284154955
43.36538522322877, 72.70065049861057
60.7626239648259, 52.353129685130526
66.60152238391775, 196.71403642209802
23.01632526379973, 146.9936234809795
62.12115454226688, 148.34225313973855
83.81772511049752, 57.573476736403805
77.21666799400957, 114.89861778256024
51.47444525677376, 123.53386521960421
34.6773308355128, 100.09094896286675
68.69339620528486, 56.273494482315556
7.809776289666082, 167.73796011505658
4.459026920316001, 44.30491224938859
93.9190533353429, 122.74556690747467
87.27796737471219, 190.4124333131547
51.09907712867502, 109.59805004937692
95.7961634097059, 49.0603482964777
75.86633568661566, 45.353180486380815
36.77081182029015, 96.70240923490616
54.927126014732885, 94.61733765826284
38.45726249628459, 107.44075099496393
73.44872921633095, 112.0691033514378
73.09859002193276, 197.13979023340985
48.98092543533639, 10.740713084843613
56.7804375587391, 104.92017418088186
55.942756683569584, 15.73012229944335
77.9793457011043, 69.87101346390394
16.972348729316032, 186.73593303391854
94.77498580281328, 101.41546480906283
2.099877466897715, 178.93868435250138
33.09628951656591, 40.05099890844368
65.883719412004, 2.7626133893209115
99.49929974848905, 129.2154308446293
89.95980081171173, 121.11430053068011
91.87815183970012, 151.11609217749756
62.49502908767711, 61.97735138869103
34.87390856193036, 182.34458561503868
82.70742756302931, 29.950645175373847
28.780799750390074, 7.173037915120606
36.736073168544735, 148.84251701870866
86.544701884447, 196.0864690435401
52.418995331358374, 154.17489095344587
1.5666877170502524, 59.65974954500708
61.22593003595686, 83.93336928466653
31.64263048472973, 155.6097553912676
21.94789081763592, 95.00871128191737
2.909935418862719, 77.77964347753532
57.83959556445074, 41.44871886346495
75.2627410308166, 175.78764855423282
32.50294484974753, 54.26350692990187
63.104530853599414, 102.093058839794
49.38148700069098, 131.81644868279147
90.33668634454325, 180.9081438610845
19.069908407944624, 40.9093212216453
59.61859396128415, 85.31381632464112
55.38476174961612, 7.03920230051871
5.220177197022069, 154.86815342563375
44.42896082949969, 189.89833329509307
62.65306576453238, 55.40554708210579
31.747863677345002, 100.1708707162714
34.76611439854852, 97.08725733406665
40.00099249161695, 185.9796394935397
30.956450880873497, 140.23263811746435
90.35684427566015, 115.72660575364839
23.212651300378482, 67.78770279647088
6.363644033132109, 130.24804787037343
37.75008515947428, 80.81598341745809
86.9108867778831, 161.6719360780715
21.737720999899977, 10.378480207710528
98.84981429577253, 25.649737623058932
53.382214308159114, 48.756122736515174
76.23992328144806, 77.95354527158321
50.23931511428428, 158.1116342598419
25.3948747196733, 94.17889110043699
7.897427279228952, 145.2888469033056
3.5340555695455356, 181.35220185042843
47.761129546492285, 82.74815908498287
0.21205379796007673, 156.7861267245841
10.458825993399534, 149.12285122412115
23.227958621646096, 170.8342607131546
84.22798410591335, 187.20252050990007
17.49397121995959, 183.70947806398678
32.87772894142712, 168.18042026403188
76.57332576473972, 172.2862852196098
26.843901471039732, 124.11598463587956
21.941564747682683, 145.18348057989394
39.20988139494839, 179.8304475130928
74.29814509300746, 128.6992497728721
64.06028104475192, 93.12169792753993
74.60184788858335, 4.01919719356405
79.23016689607837, 50.52906147038865
10.84198196520868, 109.59249489690922
3.3899306091094816, 192.35689929487353
41.695024758783795, 131.350367511775
36.02433540914761, 44.56064888489295
68.68318235432504, 100.30754692419883
60.83741087331086, 80.22172383278996
3.4511281518778136, 111.9418673321032
67.63819753457919, 166.4647891259309
1.5231440284190656, 112.49048790287411
68.48208021279845, 192.26932496540738
91.12701061329673, 131.6642562217562
12.057234907277802, 53.94955796757226
61.065057259280245, 146.18774862546348
2.619391375176683, 13.238614732045285
31.85676356678241, 64.37258730938706
21.561476054583128, 76.82993377956828
19.311633734224632, 185.3918646155621
87.059001245088, 3.505809914732838
73.36026618030861, 134.791179647815
77.81615677249133, 136.6930572122996
93.25268984601433, 39.089945792079874
68.42120362449987, 82.15240858678116
110.8149944774926, 142.6664877890693
184.86567822377995, 159.08445766457666
193.8285028339535, 66.84048443285535
130.15075138765323, 58.14886058571105
130.56621311101114, 17.2275422950015
136.31188814700775, 96.83317494038448
105.18615695462469, 162.99404313106785
116.70340250822765, 160.55462404641753
192.3205036359553, 71.95638638637054
128.5968904085616, 100.50334102819549
106.0547110074223, 55.661540489081894
118.31353091934842, 79.37891728271671
124.69010523022008, 42.30226401803907
106.38693198783196, 94.68796540972532
187.26456254292665, 33.02337940663542
124.31220755683373, 62.50374335490252
185.5707140383436, 19.05850897007866
196.53604871692082, 99.90321829117867
129.9932998003594, 31.332606223788062
169.57781180446344, 122.8920028798272
143.59608917704094, 71.5597472005082
160.73256031624146, 124.94820348758861
182.24073571919934, 189.5353794256764
180.3029710671314, 70.46843533185785
149.55156857095147, 104.26074660198597
140.3567589613496, 168.44158161651117
193.1035235317735, 2.2582479223582252
196.3399001362086, 36.20358389675828
197.12139677176665, 167.66984626290193
116.34086643688106, 27.982694081851236
101.6673300665544, 168.0823102969892
103.66112172345196, 63.10832596904281
154.37937480767988, 136.80958708428506
187.79237065011574, 120.08663089755258
156.9970368657713, 82.13420500867224
100.82146314260514, 55.61343206930538
178.34957156203305, 186.12831575347388
169.7509876328134, 145.61450478759846
175.09841990575035, 97.97386920892401
147.18204870139385, 98.42223943474761
175.33972867318928, 117.35185952022763
113.0137618283878, 111.96320080500328
155.2400483694954, 52.48975524644126
183.3556008336311, 81.69573507723398
182.8467327113029, 75.5501122059507
144.3176885459358, 151.64788075106793
173.6665130583171, 154.13934817223634
188.37564455521976, 115.62153284154955
156.63461477677123, 72.70065049861057
139.2373760351741, 52.353129685130526
133.39847761608223, 196.71403642209802
176.98367473620027, 146.9936234809795
137.87884545773312, 148.34225313973855
116.18227488950248, 57.573476736403805
122.78333200599043, 114.89861778256024
148.52555474322622, 123.53386521960421
165.3226691644872, 100.09094896286675
131.30660379471516, 56.273494482315556
192.19022371033392, 167.73796011505658
195.540973079684, 44.30491224938859
106.0809466646571, 122.74556690747467
112.72203262528781, 190.4124333131547
148.90092287132498, 109.59805004937692
104.2038365902941, 49.0603482964777
124.13366431338434, 45.353180486380815
163.22918817970987, 96.70240923490616
145.0728739852671, 94.61733765826284
161.54273750371541, 107.44075099496393
126.55127078366905, 112.0691033514378
126.90140997806724, 197.13979023340985
151.0190745646636, 10.740713084843613
143.2195624412609, 104.92017418088186
144.0572433164304, 15.73012229944335
122.0206542988957, 69.87101346390394
183.02765127068398, 186.73593303391854
105.22501419718672, 101.41546480906283
197.9001225331023, 178.93868435250138
166.90371048343408, 40.05099890844368
134.11628058799602, 2.7626133893209115
100.50070025151095, 129.2154308446293
