160
45.7001864789546, 76.53495544722894
90.35860409842839, 67.16323135826316
46.05406242480892, 19.036246086723697
95.96279310929953, 129.8885802077865
97.71543447706347, 134.53165638565622
72.10757446341218, 54.73651224144924
24.82796916732317, 10.002021507290948
80.6802135738483, 93.40002091189635
7.180166077369055, 74.9453409664463
97.24100925844989, 125.77628774536839
83.01706960298456, 125.05634658586085
83.91166148874318, 101.27218955569295
40.987854475860395, 5.674019121150442
48.94243470735119, 14.589725659553565
54.635944105304276, 104.2908439455901
26.235008509297273, 156.0136986511543
12.799916437299618, 172.64274233833274
94.19739312838254, 115.74997358173982
17.65997565783858, 146.51508217149495
85.3865268320173, 68.9954759600483
48.70145903851282, 47.720569579154905
94.71383378932548, 44.06070726159813
45.16594030152136, 135.11252713434237
42.90373076189731, 117.3269935008703
11.954117338823487, 91.47082621578797
46.39266466725122, 89.65910333136439
43.12196796281361, 141.00699130964318
49.73842045988029, 11.554781017190209
5.064929956686603, 128.775102810032
38.99570759957364, 9.220332952828777
84.4223086723338, 6.607344260835313
45.44307724872554, 158.54661487063464
4.115493856992625, 124.03137716964278
97.61603597173429, 129.58472560533477
69.19562507073601, 92.9240371384845
77.68269063205618, 60.68538198398527
10.47394074362391, 114.57254261293679
19.461006981911552, 158.2793171865747
74.11429568927082, 114.99778158913853
61.075893219372134, 68.05201712337016
17.572540156866708, 140.80990214630495
57.50461940780129, 136.02488581255835
44.609930452667335, 150.65166744963386
15.764365627476595, 25.75485805974744
32.52135044121004, 119.72804221803507
65.49398588435865, 81.88673667282231
60.86114205826658, 134.66240278263408
34.65209895838589, 130.793096329832
57.653801776775964, 118.94426050142164
14.72007041285307, 69.89575758598691
78.0793197922825, 90.17851477757381
2.036723743577724, 33.92823665477227
20.79551100601944, 170.09745891390463
81.31248442447833, 155.3242514284523
92.74148206070538, 76.71515882128797
25.495057871528644, 149.17431451142346
17.555019981529806, 43.72701698202233
61.95830136494609, 191.97655949884773
80.46686202756617, 184.65176578519217
32.550529407682745, 171.1681052157209
24.598338031235336, 105.80372501923746
82.35792345219622, 138.69293095799333
70.63765689222407, 137.07075172414562
10.428221625857077, 28.707732474750586
93.57653818980958, 87.55775028540685
41.611915223729156, 178.0102711251381
83.84176612783396, 173.18231556110322
92.93820770481257, 131.29038747738818
88.84726443673186, 60.64696148199529
66.11291236445254, 22.693982430200066
28.270047010458125, 47.72794876521851
19.21221648869885, 49.6872394498271
61.35247987712313, 169.48183978925283
24.468781699566257, 137.95003991757312
52.22322589925453, 70.85175382857713
69.23024590796012, 29.786085342733394
78.32294463767624, 59.06979272307545
98.39086941582866, 19.848402395066834
65.76664702051542, 4.411638949131547
12.21522359400511, 113.10351435653708
184.73677586498903, 126.3615183904166
109.64139590157161, 67.16323135826316
153.94593757519107, 19.036246086723697
141.5039600032379, 179.33035160488936
156.50368733747368, 164.8207887412453
112.57428210098846, 47.78875899108075
175.17203083267682, 10.002021507290948
177.84140296602968, 144.54898931033776
192.81983392263095, 74.9453409664463
123.91731850297411, 182.63212579410478
179.15449965741738, 135.4976262024049
116.08833851125682, 101.27218955569295
159.0121455241396, 5.674019121150442
151.0575652926488, 14.589725659553565
116.07061459277446, 165.13959107225986
173.76499149070273, 156.0136986511543
187.20008356270037, 172.64274233833274
102.46660809229428, 73.23635039099415
150.70708106849537, 188.59267277466753
114.6134731679827, 68.9954759600483
155.27400099375967, 40.33857113457493
161.04233090706379, 8.979709913806877
179.9257390629622, 60.82633303321274
144.82048010633406, 177.51144007552475
157.27521249867706, 99.63525895449659
153.6073353327488, 89.65910333136439
132.41348156543012, 75.07208150229667
147.30428655985648, 51.68342653287428
194.9350700433134, 128.775102810032
144.10196115686784, 36.293065327998676
115.5776913276662, 6.607344260835313
126.38417769868741, 152.29018326959144
195.88450614300737, 124.03137716964278
133.1129669086131, 82.73119598343268
181.51532405655522, 61.85415261510767
122.31730936794382, 60.68538198398527
189.5260592563761, 114.57254261293679
125.09247743515706, 196.65984601672855
196.44822864124737, 188.09965575542472
138.92410678062788, 68.05201712337016
170.84906209676524, 199.46480138848997
153.14836183401866, 100.133040061317
104.57038223157656, 76.00789988086578
184.2356343725234, 25.75485805974744
122.83862592801417, 181.42743949963318
134.50601411564134, 81.88673667282231
197.83933259120613, 174.79942446003017
189.8571858266382, 141.75818382864819
128.04151576992115, 171.16184948320452
185.27992958714694, 69.89575758598691
160.12463129001623, 37.40745632343532
135.29987873505632, 60.64630684543817
179.20448899398056, 170.09745891390463
127.06131009913342, 174.97208040422137
107.25851793929462, 76.71515882128797
117.66960318140137, 94.58172993480017
182.4449800184702, 43.72701698202233
197.98977355776023, 180.89997073424846
159.66586985526618, 197.33115436680305
167.44947059231725, 171.1681052157209
151.0518095363069, 145.92069357731006
175.0943790868965, 70.11910456731401
108.76380759095838, 187.90151557148567
171.4599529236372, 62.74608164921575
145.2407234950382, 161.74619446018554
153.51129878318787, 198.32557818697614
116.15823387216604, 173.18231556110322
107.06179229518743, 131.29038747738818
111.15273556326814, 60.64696148199529
173.71574978983597, 89.55535998300977
193.56835344283917, 42.84570400375656
175.5220374956409, 30.920193037655807
173.71767559184354, 136.16025323183584
175.53121830043375, 137.95003991757312
147.77677410074546, 70.85175382857713
130.76975409203988, 29.786085342733394
176.54590139901939, 6.560321458404461
161.79668467679056, 71.17059835873845
134.23335297948458, 4.411638949131547
187.78477640599488, 113.10351435653708
