160
97.29586506139547, 15.086583545553012
15.728909557473935, 185.00637522082235
85.74228357552187, 23.280954500663253
19.900104851683942, 30.63509579519259
64.46997676571323, 35.528651914050215
90.459054891752, 126.90015470921816
88.54921060688461, 24.47804475092714
47.1255607699279, 27.887062510984496
57.98849145869516, 34.14035844454726
48.71207312764939, 8.678937422554611
44.34669529821399, 132.53858794824822
23.02494009208852, 98.03234502927609
14.0359987825883, 68.94265418712551
41.604964045267515, 73.22648933184601
15.08255424238657, 77.55157999261367
75.85792324320971, 42.56205518375062
16.354841832592413, 82.43851681203034
60.45182583484552, 171.79967695940843
8.810304212218245, 115.5623884661273
71.89634173570299, 58.57325569784428
89.3673774737891, 85.60493183952813
58.55731647132154, 92.15810436847191
9.042097605250476, 91.547195103612
84.80479227654668, 51.36240907085104
50.89988494343587, 90.03625429418844
16.85239184150008, 199.5755743112904
58.26459698833866, 9.820819480761855
7.894343154998618, 78.90000905081193
59.663274613378746, 122.3816131212689
12.973002051924997, 89.01752035224837
13.719450895582463, 17.89138607207139
22.95786521262537, 122.6971880323
80.91075196718478, 53.59969044697497
21.024880800020775, 140.47688766992408
66.17558704439438, 100.64574519227256
80.12381987571018, 124.67523135688342
55.433041737471775, 46.96879624162862
70.2842410659254, 51.695869824857056
71.1739480039643, 85.84596066473118
90.67005287684869, 4.900760418312067
53.60919775619627, 121.8059520022633
36.769299642759336, 49.174497476004305
25.387995562986355, 53.84774057776178
88.40330363878462, 98.92519164479596
95.86646480750642, 189.5283161326344
54.98711190484137, 7.3630071108520045
10.345019519294086, 135.10010954566187
30.52896176068507, 191.47501692441622
10.41947330758618, 186.22697475217046
68.76575974743365, 65.4697678251475
71.525669551565, 130.71789159441872
0.6042466065571683, 33.05459927672965
14.367804467989487, 113.96155849146523
13.172401288498826, 43.805611532819924
91.2487090260036, 173.7710187429132
51.31151281072199, 148.04908126667925
73.79226556905938, 187.09085434271847
75.98060250984545, 190.22396003979173
34.71840037771737, 123.5439839839887
23.618570466698674, 6.647745103742264
22.340124748920665, 65.28387335488183
51.72404311248747, 186.91570940118544
64.91351121245908, 128.25214229186125
19.332053534914962, 110.09649286424892
23.696048793204906, 26.41627705548968
44.17016183432951, 121.81553674206494
76.66470141456607, 29.878050366546848
66.99260446751242, 97.14602922352056
84.50340260934301, 69.31725786163278
3.7735634040707344, 0.5697739072771713
39.2861236046841, 195.8752785310205
79.22198752462337, 69.88525623662181
72.65874962410993, 114.43197661975869
52.78342800859301, 86.1066778349963
30.03766757957067, 18.058278659183213
70.66139229837027, 172.693318340343
53.112057860885976, 3.334161630770227
57.23344683046342, 104.86146007081987
49.803756754899474, 93.46510458165167
43.864046656566835, 101.78007491288348
102.70413493860453, 15.086583545553012
184.27109044252606, 185.00637522082235
114.25771642447813, 23.280954500663253
180.09989514831605, 30.63509579519259
135.53002323428677, 35.528651914050215
109.540945108248, 126.90015470921816
111.45078939311539, 24.47804475092714
152.87443923007208, 27.887062510984496
142.01150854130483, 34.14035844454726
151.28792687235062, 8.678937422554611
155.653304701786, 132.53858794824822
176.9750599079115, 98.03234502927609
185.9640012174117, 68.94265418712551
158.3950359547325, 73.22648933184601
184.91744575761342, 77.55157999261367
124.14207675679029, 42.56205518375062
183.6451581674076, 82.43851681203034
139.54817416515448, 171.79967695940843
191.18969578778174, 115.5623884661273
128.103658264297, 58.57325569784428
110.6326225262109, 85.60493183952813
141.44268352867846, 92.15810436847191
190.9579023947495, 91.547195103612
115.19520772345332, 51.36240907085104
149.10011505656414, 90.03625429418844
183.1476081584999, 199.5755743112904
141.73540301166133, 9.820819480761855
192.1056568450014, 78.90000905081193
140.33672538662125, 122.3816131212689
187.026997948075, 89.01752035224837
186.28054910441753, 17.89138607207139
177.04213478737464, 122.6971880323
119.08924803281522, 53.59969044697497
178.97511919997922, 140.47688766992408
133.82441295560562, 100.64574519227256
119.87618012428982, 124.67523135688342
144.56695826252823, 46.96879624162862
129.7157589340746, 51.695869824857056
128.8260519960357, 85.84596066473118
109.32994712315131, 4.900760418312067
146.39080224380373, 121.8059520022633
163.23070035724066, 49.174497476004305
174.61200443701364, 53.84774057776178
111.59669636121538, 98.92519164479596
104.13353519249358, 189.5283161326344
145.01288809515864, 7.3630071108520045
189.65498048070592, 135.10010954566187
169.47103823931494, 191.47501692441622
189.58052669241383, 186.22697475217046
131.23424025256634, 65.4697678251475
128.474330448435, 130.71789159441872
199.39575339344285, 33.05459927672965
185.6321955320105, 113.96155849146523
186.82759871150117, 43.805611532819924
108.7512909739964, 173.7710187429132
148.68848718927802, 148.04908126667925
126.20773443094062, 187.09085434271847
124.01939749015455, 190.22396003979173
165.2815996222826, 123.5439839839887
176.38142953330131, 6.647745103742264
177.65987525107934, 65.28387335488183
148.27595688751254, 186.91570940118544
135.08648878754093, 128.25214229186125
180.66794646508504, 110.09649286424892
176.3039512067951, 26.41627705548968
155.82983816567048, 121.81553674206494
123.33529858543393, 29.878050366546848
133.00739553248758, 97.14602922352056
115.49659739065699, 69.31725786163278
196.22643659592927, 0.5697739072771713
160.7138763953159, 195.8752785310205
120.77801247537663, 69.88525623662181
127.34125037589007, 114.43197661975869
147.216571991407, 86.1066778349963
169.96233242042933, 18.058278659183213
129.3386077016297, 172.693318340343
146.88794213911402, 3.334161630770227
142.76655316953656, 104.86146007081987
150.19624324510053, 93.46510458165167
156.13595334343316, 101.78007491288348
