96
98.26483393019862, 75.8886753934996
50.06453709801736, 27.30723978492071
82.85711315354138, 39.295139418408475
24.072470521638955, 192.23963567870695
72.14317394655934, 64.91700035279675
44.46721366572122, 8.994280890375084
46.39165521737774, 149.6287495923696
25.26945873058981, 195.0417755929907
19.978885441080962, 93.13753415264469
18.540095742810415, 22.07387663853051
73.82783116308859, 130.6893713424666
46.49777600049062, 171.2440223153636
52.575358462113506, 61.68375071608034
89.2449237847644, 32.3973517105552
16.4797422749005, 39.89817461229359
56.761738987210734, 6.579177764600463
169.9682124517159, 151.4728590198431
154.36237884832033, 90.72988065165306
109.00192366171918, 129.04287505895752
131.46280937597544, 102.35947723338224
184.40720977603803, 81.11194714924656
105.79628784630103, 136.8132002942931
103.72703099685941, 78.46870493439756
162.89111388454188, 54.50218307082082
149.1257144073045, 22.895576443264652
194.00214208159522, 29.26304617290385
150.21135388738136, 193.4638168802629
181.794956041079, 128.99862876065478
120.01500540854826, 141.93935166535
101.73516606980138, 75.8886753934996
110.74739253003932, 4.5199744831107225
149.93546290198265, 27.30723978492071
106.54112092575471, 123.4503923118001
115.19209693733737, 65.8132941181241
117.14288684645862, 39.295139418408475
172.12425045562878, 164.7902736443168
175.92752947836104, 192.23963567870695
188.50359817112547, 128.6147618823396
117.54757604623686, 93.46389415961727
141.70646752064226, 184.6110765167595
144.80766604596167, 93.54913291290458
192.34963404709512, 23.835658453319255
138.1697284943476, 20.641208992123737
127.85682605344066, 64.91700035279675
183.20100120424894, 77.95797317096506
166.97298137649202, 65.50758520353845
178.95386751425116, 134.3611567691767
155.5327863342788, 8.994280890375084
164.34559791803355, 106.41546101224097
153.60834478262225, 149.6287495923696
157.59902428928848, 77.11569715751538
158.23439819604891, 122.54712455843332
174.7305412694102, 195.0417755929907
135.7824751640174, 132.2167554307804
137.49290147750258, 79.89445421177828
175.39862522822665, 132.21651760397884
102.83932021436466, 85.01954940183552
117.54923168195151, 141.9957888790248
180.02111455891904, 93.13753415264469
132.22237074873192, 162.94977573643342
156.637728502171, 147.73423956708683
113.24984584570002, 75.406734255918
103.15771115483943, 24.25227262477323
130.7844386857622, 65.39276634418279
131.6815268270256, 24.338298631089515
189.59593533498784, 183.21936788138433
185.04121835782337, 191.8556640654316
127.27544554860384, 199.49106823212225
129.0663431307271, 25.808506356523473
124.55993836167575, 3.479127241166524
106.34847187206513, 83.39420974832564
150.46046134333503, 190.75905210554325
181.45990425718958, 22.07387663853051
192.41071236774735, 39.44144887445906
126.17216883691141, 130.6893713424666
185.30616622421164, 193.7215971902997
124.67244930836407, 183.26487069764886
102.4765412058897, 174.35405374450613
177.38913586185248, 109.67477368842293
198.0449201185847, 19.28955244431274
177.0537405695786, 194.6526988679246
122.17650601963365, 179.88385194646077
184.49311458675447, 54.437221158322814
115.02435281997681, 155.0248570833114
148.07194270112305, 108.45692182008952
153.5022239995094, 171.2440223153636
147.4246415378865, 61.68375071608034
110.7550762152356, 32.3973517105552
183.5202577250995, 39.89817461229359
148.14858837128054, 124.43642746872874
160.1024821303905, 47.74618428825046
143.23826101278928, 6.579177764600463
155.85750543121293, 39.23353076562917
170.18572461127178, 127.29909975427142
145.00773194203268, 63.24946278393242
185.8874036160158, 131.71477401830657
