160
84.71042493873564, 70.91860552490436
2.5949488943241583, 58.4830388293471
41.0478330875152, 73.57311668084556
47.64398674994658, 152.799920402625
67.4916932275824, 170.95043861533065
67.84276139042709, 161.74869595488263
97.85659912088582, 178.63771603976193
11.661539577414331, 22.54767016475757
56.38753420313445, 8.333348487678393
0.7115889943629305, 86.39774341134574
65.13122238437808, 111.46155626016052
66.47964323563905, 67.07334263218391
51.14997404961837, 70.61855147711967
50.97126809655939, 49.24034951605505
24.963484365780914, 95.67350280906763
76.28811994491848, 59.90121828508689
91.6340679213202, 7.046895789936492
96.26633610958348, 84.38402710533819
73.72226926381418, 77.72111990607216
11.48805338368242, 154.17839577563052
29.99060964281501, 147.07805233458498
5.643934330017601, 83.63748233398107
93.50411655213884, 69.6279779870688
43.55620758552756, 152.41502385316159
44.31687548324046, 83.02017543893173
67.70082285827232, 138.1424483338449
21.241507864177315, 156.05680002389028
40.955203183951426, 98.81023545720387
51.55246033020697, 89.65244998839907
8.947593613843324, 97.87150795087084
12.93001614803263, 96.44178268407467
57.10231208431321, 114.47314503595354
8.046636869919334, 155.18200691581558
76.01467478256592, 115.69798219191227
93.82250580463062, 16.481051027011006
56.49183229182256, 85.06533224203807
35.750595155139266, 63.09527142314634
84.90821161317989, 111.99432941640251
77.33509900924746, 111.52561845410015
23.872342469272482, 130.8663952564661
96.62753349581183, 112.49092073377548
25.319348901675497, 146.83166749966367
57.88527039695555, 49.31194256046733
17.837696210666763, 123.27704011855116
41.16028426657724, 53.92842679675034
75.15913354768549, 102.48095355043249
81.72895487353802, 161.10290675109286
32.35757456532402, 189.48209853659674
97.63125427647827, 76.77519761706156
51.53184727496483, 145.9500959313524
26.11410254257038, 100.27425144884585
97.12753114681644, 174.6826796052219
38.70050452444055, 72.70139134937276
61.03794133754651, 151.75261497341714
40.12822782688653, 41.33587764818853
16.353326477309526, 21.432302282821773
46.00170473053602, 61.4596043775971
17.68915201079436, 72.90645272089023
40.409315588440876, 116.7265770240294
80.22754823919139, 9.476488393208484
31.97101911603044, 6.159629526422492
33.832603586089554, 49.79067813055282
61.410676058635005, 98.8862641969496
27.874923433165293, 116.34468476806889
88.46236338852228, 123.33724247523725
7.864267651243367, 52.36476166889624
84.61128541466027, 22.915960302090284
39.13753615327079, 95.07304350195268
81.82717317569313, 122.15054310611188
66.39120320230447, 85.41645833888698
73.66051746268275, 198.82775867598116
29.915974744362785, 19.44042613941263
87.9227405804024, 161.3373122886992
68.3898994884434, 63.72451216061673
25.191440089295853, 46.63980917315383
40.15770569541421, 89.41385584261577
64.1880519997867, 120.1714378511809
57.48617241020028, 146.7670347750116
3.7632600504064513, 109.28129537359872
42.0287376372823, 14.109171761361885
110.35325311509972, 117.31557067999681
198.96481280264925, 53.99366327387194
191.63187056130587, 112.88736470629304
170.3195307052127, 76.0006901162309
165.7967286385299, 193.83011127199376
171.5516593395661, 181.72850936197437
168.12629952565422, 141.7414173050594
127.9226126365769, 38.41093868166876
141.28766159562855, 31.164043767922344
191.7551611809201, 90.75761897402583
178.25979401084754, 119.51045619849022
116.14276725383392, 32.58514184126964
127.68886760219708, 40.97334274348439
156.30474926177064, 4.465647058779565
167.14593540081194, 78.99055652557405
167.55824119576016, 2.0316382247504317
126.35721680402692, 24.390272571933714
163.55070475741192, 20.895973458243166
129.03742973792936, 156.03388171571893
133.4885852547504, 198.89101422322327
119.12140618870922, 193.09735241689162
136.2528758650247, 162.21976391791924
152.44626757513805, 143.11064054017365
165.2203304819628, 138.33253626673337
131.7110619729832, 98.4171738330663
183.04440636383552, 103.03214243293392
125.04742152686732, 90.03732254049454
112.42173869086106, 144.81464212203082
184.95422662960956, 51.43586610118183
127.1982157236408, 119.84382507599491
196.05523606527132, 166.9070797343731
109.84314414642941, 149.6265216012804
199.62954724272268, 196.41029544206853
137.1346167068229, 55.12354733046101
128.37762849340814, 2.5793355607139024
196.0415265530056, 92.75128798101923
144.93460099892874, 12.466175127866297
124.53228726436363, 179.660752543798
140.4040476484249, 85.22172682813591
157.87158828001725, 173.75468701945542
123.25417467578357, 149.50043219876966
187.8503760569309, 190.21842835916092
166.1447138251176, 104.81168266393605
183.36106146770481, 185.57448074967655
189.5447377535002, 28.847955329042897
160.26886053770065, 47.0414272781468
134.60014402502128, 116.50669185680123
164.21828437839355, 110.69854070690468
117.87440744661268, 17.62470029505039
134.26946287346976, 178.1531122598584
112.32560952129653, 149.68463264214517
102.76037748429717, 149.45694074484393
176.58451343599262, 150.49150360615667
168.36702921573195, 145.9856791821763
161.70297600484227, 108.97877990695268
196.26833202397768, 71.64605040741161
122.0238811281561, 126.5335747735297
115.05683111970374, 114.64637591966311
195.32174032221104, 58.4376157958459
128.75730792220654, 82.55021762965467
145.72757470547776, 65.51171972526353
162.74192195365492, 47.4842312887195
155.52952164215026, 134.95968133984712
165.99145534657725, 68.75601183038671
155.41880383371875, 179.45683114289906
165.4158703031054, 41.580986033498355
143.64182686289976, 63.5009388962672
170.6266907037246, 46.067841626101554
146.37027945414104, 106.4643744847264
102.84795804369764, 89.57144964871301
189.58153023763708, 163.72312549634344
113.64535637954076, 76.9009157408941
143.89923167347587, 151.98269515557521
102.73830793164113, 54.65264229576672
113.08523965025451, 100.69510913010022
125.08805302053469, 68.28965593246939
119.91812207685768, 62.321224511402605
193.2675120251858, 148.0438992725362
139.13399657145848, 58.70147146429731
192.05142778482545, 37.26909949356163
