112
57.82016147107495, 75.17656960174794
20.438048652423134, 104.62643751084539
72.8225891013564, 96.24844160314179
0.3891714773541777, 44.02385303683791
14.475865916981178, 195.67795627567034
94.91970596227529, 196.78812467921077
28.789105638525914, 65.20460526068493
56.34561656227114, 53.773818307333144
5.024871690873778, 122.04312268885025
74.1802772538088, 149.51503259060578
25.350095325528454, 90.66180533997559
14.933882819813293, 139.66503140260093
36.4503460867062, 43.213813463326154
31.287559246615025, 84.78850018445634
37.25312215779445, 65.32808319161094
1.214228150848129, 78.89673939215704
71.73451114526678, 17.037633655513453
85.00283518569778, 121.92565301660254
9.77798037430081, 8.91923141244375
32.461765916124286, 23.41791082295508
23.106694806168328, 187.37450386310695
92.23597564715101, 3.757335702275677
84.35966864677334, 34.247753771475686
11.49317790114286, 147.886161036615
60.13571889244558, 132.03825797495566
82.01214966546489, 144.1161210436121
90.95867138019027, 126.13625106941532
59.376213996931234, 16.169413581676096
28.241388977590642, 82.82034182539402
72.90312383230415, 195.1518807095712
37.96048255737075, 11.178948302105551
56.57981536832989, 51.33507166116522
139.75758759428297, 65.7591202236042
142.17983852892505, 75.17656960174794
123.21261941833396, 2.43299249370188
176.57848486665318, 99.2578653825267
129.45094281554123, 136.57910535367054
101.30133769629602, 11.444075757992334
176.86837588171437, 45.30044224369041
179.56195134757687, 104.62643751084539
115.597260832388, 1.665345777717886
156.64157604725654, 25.964122066208127
182.5219244582497, 47.40290003180334
127.1774108986436, 96.24844160314179
199.61082852264582, 44.02385303683791
185.52413408301882, 195.67795627567034
179.9459402221459, 61.09920449903499
105.08029403772471, 196.78812467921077
151.29989258897317, 96.73853847204383
181.0305942709141, 183.96521844261716
171.2108943614741, 65.20460526068493
199.07760084327012, 8.41701211404331
143.65438343772885, 53.773818307333144
157.4848846414931, 191.10028927001562
121.49077211620501, 7.367133956767935
194.97512830912623, 122.04312268885025
196.8695757273967, 133.71424614896415
150.2035206196823, 189.2250302651313
125.8197227461912, 149.51503259060578
174.64990467447154, 90.66180533997559
112.53003629965039, 34.101045713864764
185.0661171801867, 139.66503140260093
163.5496539132938, 43.213813463326154
126.00203665370174, 9.140728073457694
133.61997579202875, 137.83677572417713
144.7649145688567, 5.824438487286376
130.73693389129147, 170.40622478491764
168.71244075338498, 84.78850018445634
156.36721748909198, 96.60575650465637
162.74687784220555, 65.32808319161094
178.246478100454, 183.21926388514186
133.56751534695192, 26.34987601730865
188.7565856262273, 90.67928332877987
121.05787266932715, 72.51500926510737
129.03250383533185, 127.1454786370398
198.78577184915187, 78.89673939215704
128.26548885473323, 17.037633655513453
193.37792270770876, 158.51040869050084
114.99716481430222, 121.92565301660254
160.52649669598014, 182.75280388194352
190.2220196256992, 8.91923141244375
167.53823408387572, 23.41791082295508
176.2683168248618, 191.2420410615422
176.89330519383168, 187.37450386310695
107.76402435284899, 3.757335702275677
119.0443395759244, 92.87777477361294
115.64033135322666, 34.247753771475686
156.3313027057472, 199.1014479160258
120.72151975998806, 36.997105685121625
141.59700468598885, 28.951240630002562
188.50682209885713, 147.886161036615
192.82776174250384, 145.75947071232093
120.41575480301712, 124.17822997996986
139.8642811075544, 132.03825797495566
147.20296714681558, 122.0559756835962
141.3412697842769, 111.4431987757209
124.16368293625442, 37.788510449174595
148.29102884410673, 40.18860002724356
134.65496533438608, 152.82458516136126
117.98785033453511, 144.1161210436121
130.79587803578693, 119.22127725449532
165.07414642596154, 127.76438969345405
109.04132861980973, 126.13625106941532
192.81308044868163, 131.52918279211363
195.29190559842237, 173.60770233920348
114.51921868655744, 61.564322341151346
140.62378600306877, 16.169413581676096
171.75861102240935, 82.82034182539402
127.09687616769585, 195.1518807095712
162.03951744262923, 11.178948302105551
143.4201846316701, 51.33507166116522
135.99929893195522, 133.5509731699141
