192
34.60932845276158, 168.1595694316124
97.25683196522426, 64.3943505538773
61.19826374944265, 159.7361068923208
79.98478783626773, 85.19632268299114
62.40747981122645, 118.62245219636567
2.980651234671605, 22.552794157890045
56.31005579537592, 112.41520440202855
52.464032434892275, 96.22478208491691
52.32231236433632, 98.17059700455457
66.34965858224076, 35.18024074105344
37.12559813170372, 135.42987865588142
73.06077520501597, 73.99376587073967
22.583206844020843, 3.829949141208888
1.8040169289404107, 83.40022729671819
9.93881031235061, 99.64615673245285
89.40853005165063, 175.56145680602015
61.38128584590996, 146.62776517018366
94.38217934655952, 43.86022469311606
48.631558382909866, 15.633623160719857
53.94065387990482, 15.245360694480814
55.41936075650137, 17.278477385915746
48.16129760276344, 116.67113759498748
0.44713462054802866, 191.0104159097264
23.46844653011346, 23.080120292731586
77.92938167057393, 67.69886196086816
19.582427411640026, 101.41743100376566
5.8605591064452405, 118.78464099890358
59.80174461734653, 193.19401690004935
11.370866123111945, 58.27775928808874
55.57292875040438, 165.04783505502363
96.66410721599941, 56.382317991695196
56.99983399365342, 89.44183224392334
8.21280727659074, 155.55455264662862
42.136964905548254, 133.88829711926766
84.45323699768129, 125.5650500838934
35.11700785661167, 53.91617010285841
58.21634957719684, 52.52395429046535
86.14697712387034, 68.82650408521398
52.739568029545644, 120.66559598551035
13.725726695109142, 130.10937536424808
52.38042721685504, 92.52049974897373
50.34513270151144, 147.6949329260191
57.06403667319826, 35.0038429167969
45.43280429971721, 188.4498129635172
46.15143313045499, 199.2398649002268
9.133019132178688, 123.65004094705468
39.6155039191705, 111.1677807775677
45.32744254995168, 97.99395373282825
9.363260687337716, 46.80963710711183
37.660735235509705, 143.82761272581405
76.82807758986226, 171.0230639197979
18.08244861379229, 145.26286458689233
59.72382849269615, 35.57290025875286
52.36827228859988, 199.13546118025778
39.133012640464614, 88.77603255000757
20.49052066454047, 192.58059907419906
60.38399029766961, 163.64999790296164
15.466388823432109, 136.54490727146876
76.51826116698628, 139.36957420724443
20.10141855361195, 169.570948477762
96.14042602055193, 195.38176268333208
6.7755561141471965, 134.0083736827659
75.98702176748058, 65.0319070736364
25.374089215562, 175.42811032662405
91.54686545167849, 98.34324588537642
85.12730391282321, 45.06847048533713
74.03903633614199, 89.03538955893855
97.17954980403351, 67.7750662175286
74.97859409122815, 135.41188316852367
5.274836336606825, 46.36942007936775
19.18239744484387, 45.127023484167594
41.307963351437735, 28.396893069097963
84.21445027070703, 166.55422165112438
39.6123373102629, 170.68087671830156
19.323621064560104, 161.02304230828858
38.877050615090106, 196.62178726519528
88.80142757066686, 144.51309100939775
60.223589949463474, 169.0331601434674
76.56474484114223, 123.38130930863191
98.24814422491305, 5.155476218311716
18.871019949819622, 26.396419830948048
0.6192007668898936, 167.58534824049752
49.9191045125072, 182.271719881603
69.83237212295195, 46.299058662792646
52.84802766394303, 0.36651600536987683
59.1531840850806, 97.78734906636583
46.05576282523861, 80.09044126192164
33.54352954785942, 71.32470149985899
88.6435499350442, 74.14852305687982
21.355722689292268, 35.643896167687195
7.947312184397781, 191.025783868191
75.46086979597071, 107.21392711819189
96.82109560064399, 0.3118054233870682
15.487434757671181, 162.06419193035455
12.833772226564676, 95.66010237867776
18.1053768150926, 37.440928225969074
73.4096843328285, 155.07455073876562
94.76935058128115, 135.62800736435304
43.91248558790481, 106.55301400826436
75.75505630014716, 20.006141477565297
65.20842841840158, 189.85623609987937
15.756623202507692, 61.14251462352107
83.50864187378613, 101.09830681854821
62.69652865462111, 1.172111726406011
18.159752325409883, 79.53489764540276
5.537996871781803, 38.33349524293386
59.291109148991474, 145.6262491438775
36.29936501311636, 118.86067834372149
42.06506416271103, 1.7635603049851234
58.59402104773414, 147.80663651889517
96.38057014321839, 48.66310652734966
60.267447428063115, 141.8209752616403
165.3906715472384, 168.1595694316124
102.74316803477574, 64.3943505538773
138.80173625055735, 159.7361068923208
120.01521216373227, 85.19632268299114
137.59252018877356, 118.62245219636567
197.0193487653284, 22.552794157890045
143.68994420462408, 112.41520440202855
147.53596756510774, 96.22478208491691
147.6776876356637, 98.17059700455457
133.65034141775925, 35.18024074105344
162.87440186829627, 135.42987865588142
126.93922479498403, 73.99376587073967
177.41679315597915, 3.829949141208888
198.1959830710596, 83.40022729671819
190.0611896876494, 99.64615673245285
110.59146994834937, 175.56145680602015
138.61871415409004, 146.62776517018366
105.61782065344048, 43.86022469311606
151.36844161709013, 15.633623160719857
146.05934612009517, 15.245360694480814
144.58063924349864, 17.278477385915746
151.83870239723655, 116.67113759498748
199.55286537945196, 191.0104159097264
176.53155346988655, 23.080120292731586
122.07061832942607, 67.69886196086816
180.41757258835997, 101.41743100376566
194.13944089355476, 118.78464099890358
140.19825538265349, 193.19401690004935
188.62913387688806, 58.27775928808874
144.42707124959563, 165.04783505502363
103.33589278400059, 56.382317991695196
143.00016600634657, 89.44183224392334
191.78719272340925, 155.55455264662862
157.86303509445173, 133.88829711926766
115.54676300231871, 125.5650500838934
164.88299214338832, 53.91617010285841
141.78365042280316, 52.52395429046535
113.85302287612966, 68.82650408521398
147.26043197045436, 120.66559598551035
186.27427330489087, 130.10937536424808
147.61957278314497, 92.52049974897373
149.65486729848857, 147.6949329260191
142.93596332680175, 35.0038429167969
154.56719570028278, 188.4498129635172
153.848566869545, 199.2398649002268
190.86698086782133, 123.65004094705468
160.3844960808295, 111.1677807775677
154.67255745004832, 97.99395373282825
190.63673931266229, 46.80963710711183
162.33926476449028, 143.82761272581405
123.17192241013774, 171.0230639197979
181.91755138620772, 145.26286458689233
140.27617150730384, 35.57290025875286
147.63172771140012, 199.13546118025778
160.8669873595354, 88.77603255000757
179.50947933545953, 192.58059907419906
139.6160097023304, 163.64999790296164
184.5336111765679, 136.54490727146876
123.48173883301372, 139.36957420724443
179.89858144638805, 169.570948477762
103.85957397944807, 195.38176268333208
193.2244438858528, 134.0083736827659
124.01297823251942, 65.0319070736364
174.625910784438, 175.42811032662405
108.45313454832151, 98.34324588537642
114.87269608717679, 45.06847048533713
125.96096366385801, 89.03538955893855
102.82045019596649, 67.7750662175286
125.02140590877185, 135.41188316852367
194.72516366339318, 46.36942007936775
180.81760255515613, 45.127023484167594
158.69203664856227, 28.396893069097963
115.78554972929297, 166.55422165112438
160.3876626897371, 170.68087671830156
180.67637893543989, 161.02304230828858
161.1229493849099, 196.62178726519528
111.19857242933314, 144.51309100939775
139.77641005053653, 169.0331601434674
123.43525515885777, 123.38130930863191
101.75185577508695, 5.155476218311716
