160
4.82664946064657, 83.3582160796004
78.52700255386019, 70.94064215454435
5.57259532840474, 61.93359873840214
22.309248847142584, 58.81306468119827
27.664956629059777, 101.87177872081419
8.939155955836553, 139.3834310107566
54.166496665955876, 23.660486869785192
61.29580963359859, 171.9752841067973
51.153523972918094, 144.02612599092825
70.93351884210034, 162.41940307134792
48.08796911692297, 95.58456321657718
24.703576829591434, 49.18409240652313
31.636571762543262, 175.20796548017069
29.597070055998763, 111.72231047845351
80.67796484254583, 106.34583796677613
68.58561529602756, 40.652861193346524
11.68730542496148, 55.11892549639212
68.60288956147971, 51.56017199468332
81.96349947426197, 110.28091825694972
85.25195396977331, 71.43544386300103
83.27811736428448, 143.34860683903753
35.95134126920888, 56.936347254319685
50.25823073157982, 184.4980972501472
64.35499379340519, 21.19661699924378
79.48931635274842, 28.83584176798719
8.497420760147456, 175.1479115869492
95.62774010156497, 157.12139111146774
60.61652815530276, 89.5665193313296
61.84744806857203, 153.04586437063975
84.06241489545965, 150.37835863158156
87.43622651554828, 44.08356848357593
71.03734593569425, 150.8689019613729
2.7006498588552974, 43.04538274898657
70.16536510005605, 197.0714751426409
25.703963757323077, 179.35386642706035
34.938685672356165, 55.690801217509666
40.30272388509432, 192.0984224065024
55.98201760589474, 74.9423553491192
95.37450377365622, 42.47083254321089
75.05935922981334, 138.56225342488878
30.631594062591617, 50.3937723817476
89.55728015095244, 113.30746502367039
67.47412805606184, 12.264929103973966
0.721945014747627, 43.564806990195095
34.75527216187335, 157.54041719860783
77.01534629519972, 60.475941211082464
79.72385186623423, 66.59625060481007
81.29524786106606, 118.95707270662312
67.45321720782275, 184.33703195046408
27.994253137199067, 42.32931045386059
31.301853085416408, 74.58468542030012
61.11104049630156, 75.31231373064129
59.748896670311616, 11.049216619778047
74.03586314907606, 47.02119884565914
79.26254398902095, 101.67591310735415
14.629375838442659, 6.277775614084113
75.09715788778412, 183.06072337245777
47.12520056669855, 29.81476668831975
49.39539482036436, 60.34288071895644
1.7677588822807344, 194.88191768369688
40.26635812833737, 96.80779765716336
76.98376769455204, 197.1159612994371
92.31722484545519, 7.358507398583103
54.816028162466914, 41.25390127577655
7.139549532144929, 69.37760779604707
27.541776171469422, 161.08116906042122
26.84575489799965, 155.8106113117575
12.89574820074545, 173.9422656640795
11.146724437586897, 33.625953406904976
25.437202617548582, 3.2137977567103793
23.44578776527514, 191.6818004500089
2.8892197819843313, 105.47529897004875
53.245822822274825, 47.657040433177
90.32236946228072, 102.9944895496094
31.165702533476846, 108.1397199819719
63.14660617637361, 194.99142895920244
63.07730237025858, 141.44549912775278
21.826165251492448, 119.17904837526874
90.91177778960513, 18.11378609585683
72.95385190715568, 153.67110872365024
195.17335053935344, 83.3582160796004
121.47299744613981, 70.94064215454435
194.42740467159527, 61.93359873840214
177.69075115285742, 58.81306468119827
172.3350433709402, 101.87177872081419
191.06084404416345, 139.3834310107566
145.8335033340441, 23.660486869785192
138.7041903664014, 171.9752841067973
148.8464760270819, 144.02612599092825
129.06648115789966, 162.41940307134792
151.91203088307702, 95.58456321657718
175.29642317040856, 49.18409240652313
168.36342823745673, 175.20796548017069
170.40292994400124, 111.72231047845351
119.32203515745417, 106.34583796677613
131.41438470397244, 40.652861193346524
188.3126945750385, 55.11892549639212
131.3971104385203, 51.56017199468332
118.03650052573803, 110.28091825694972
114.74804603022669, 71.43544386300103
116.72188263571552, 143.34860683903753
164.04865873079112, 56.936347254319685
149.74176926842017, 184.4980972501472
135.64500620659481, 21.19661699924378
120.51068364725158, 28.83584176798719
191.50257923985254, 175.1479115869492
104.37225989843503, 157.12139111146774
139.38347184469723, 89.5665193313296
138.15255193142798, 153.04586437063975
115.93758510454035, 150.37835863158156
112.56377348445172, 44.08356848357593
128.96265406430575, 150.8689019613729
197.2993501411447, 43.04538274898657
129.83463489994395, 197.0714751426409
174.29603624267693, 179.35386642706035
165.06131432764383, 55.690801217509666
159.69727611490566, 192.0984224065024
144.01798239410527, 74.9423553491192
104.62549622634378, 42.47083254321089
124.94064077018666, 138.56225342488878
169.3684059374084, 50.3937723817476
110.44271984904756, 113.30746502367039
132.52587194393817, 12.264929103973966
199.27805498525237, 43.564806990195095
165.24472783812666, 157.54041719860783
122.98465370480028, 60.475941211082464
120.27614813376577, 66.59625060481007
118.70475213893394, 118.95707270662312
132.54678279217725, 184.33703195046408
172.00574686280095, 42.32931045386059
168.6981469145836, 74.58468542030012
138.88895950369843, 75.31231373064129
140.2511033296884, 11.049216619778047
125.96413685092394, 47.02119884565914
120.73745601097905, 101.67591310735415
185.37062416155734, 6.277775614084113
124.90284211221588, 183.06072337245777
152.87479943330146, 29.81476668831975
150.60460517963566, 60.34288071895644
198.23224111771927, 194.88191768369688
159.73364187166263, 96.80779765716336
123.01623230544796, 197.1159612994371
107.68277515454481, 7.358507398583103
145.18397183753308, 41.25390127577655
192.86045046785506, 69.37760779604707
172.45822382853058, 161.08116906042122
173.15424510200035, 155.8106113117575
187.10425179925454, 173.9422656640795
188.8532755624131, 33.625953406904976
174.5627973824514, 3.2137977567103793
176.55421223472487, 191.6818004500089
197.11078021801566, 105.47529897004875
146.75417717772518, 47.657040433177
109.67763053771928, 102.9944895496094
168.83429746652314, 108.1397199819719
136.8533938236264, 194.99142895920244
136.92269762974144, 141.44549912775278
178.17383474850755, 119.17904837526874
109.08822221039487, 18.11378609585683
127.04614809284432, 153.67110872365024
