192
80.19712882804491, 30.706115409676404
86.17737669868946, 146.5896431068152
83.93763505776425, 115.88853715377137
67.65543404304363, 192.369647856343
64.21607586697638, 82.14122368715286
44.77818191895221, 119.80250037798955
96.26734308041287, 20.612466339389577
15.877894128803804, 8.471449042152157
72.8205592437766, 168.22723038473882
79.3521921957683, 173.19726142705153
85.39943032774936, 92.34051916198531
7.274195437470221, 174.5693361884214
14.701567221752398, 105.70412648458536
93.55488651772536, 38.88427902532068
48.624593441658206, 112.7150335151048
19.020941546027416, 154.55504566538377
56.556472271984646, 127.62895547196473
90.49029923440477, 187.8081680036839
67.24621319530442, 173.9352175668987
28.065191416411107, 19.67583857240749
37.73488593119938, 138.29703853505038
60.914282634837946, 68.45922985097556
24.327797362849644, 25.754869884997845
97.60633371567373, 127.42494278116779
45.16629029796286, 4.831576906329249
74.2310580614395, 80.3736502081313
63.305617374629605, 159.4203698256925
26.796924535562205, 54.42392706709431
97.89030094908837, 34.66077487893995
0.13355714461075197, 186.93797533782202
82.01691247260722, 73.50256898937818
4.268766302323779, 98.30308424070834
79.14616272489108, 9.128393035187443
98.46163095711647, 184.62924489068658
77.52001036473425, 25.933838373276874
62.52484340847695, 145.51339829182623
38.08825202559875, 150.56308559629312
10.385719233660273, 97.88302885651791
48.11943169239507, 62.240390652772625
59.7584779070877, 130.06626692324465
51.30900858427702, 51.58035976268707
70.86293132829343, 173.5207947322373
49.12606756529748, 97.63858836142987
59.22368288298377, 122.46864182528452
83.98033351305942, 1.010812554243512
42.55442789323619, 96.60305847292166
18.97432948161021, 181.80834527844246
65.44163753926796, 151.41926494150664
67.70244212551631, 4.460219581608205
86.29141179260567, 32.700234426522016
10.746402398708488, 188.8680780368645
15.4777657994429, 72.34627956890812
88.6188474900789, 86.74554632734166
79.82256337742497, 42.40764764038434
83.79484124698654, 18.46483821251981
7.735533561798857, 146.2383908310849
5.564898284893527, 67.17002494977888
30.862964404266968, 108.03908564281963
4.184528086638606, 86.25418802152076
54.03212396048015, 133.87288042140833
51.453894787274216, 74.29286909566402
97.37569435145993, 148.8284568880469
12.699984647967765, 163.17574280187984
62.271318392613104, 99.32877550502282
42.14000424279851, 71.36790244722913
13.80100899438278, 195.69778735912928
78.82319365464794, 84.7292350660369
59.76915798647118, 27.718770114289583
21.475942860765297, 150.30646607971045
19.451330468178984, 134.80750657252412
38.434547758009465, 187.5696734820745
32.96578771741396, 12.912902523621606
19.894037255521045, 8.395753168165164
91.2838143561623, 152.8945658296778
77.05540722368234, 8.76829086654707
10.962315836090253, 65.58288906974398
25.527363502278778, 120.62466587717809
76.12115206453328, 181.86765296487505
43.285861007087725, 121.94832268209555
82.95860415598666, 85.51221241384927
78.50561564727833, 108.96896656198332
12.738144191534062, 44.487549014465166
11.470733740235694, 23.770606491849165
21.578883127523095, 0.6111591795322946
12.86237861618572, 102.06873206364253
18.89617360821667, 88.53117904613184
67.35300264651698, 26.589676804309992
55.645571044005294, 66.99662545208473
48.57787090074611, 25.38035921216011
13.926232786752845, 134.5555192372875
26.15584351735022, 51.54287987442589
95.13046963245017, 192.80744678996416
24.549238627185034, 197.68001045297456
26.002330388081006, 193.960172355345
80.80333286559227, 140.37600903315243
29.12596366064082, 155.04221104932316
97.2612137689053, 160.47482856159482
35.79500414119015, 198.93127231279055
96.06447278478029, 63.8769596387402
40.06281000115373, 133.3908659635412
73.6404117545431, 182.67154353135516
47.27084446234875, 38.304185470136765
58.109808550113684, 44.74589251546741
23.98245459472015, 109.45954234730037
15.702130519416091, 59.22877211727617
44.77893637980961, 187.98329386061553
88.20830735411833, 118.70978878664769
46.9580976344935, 105.35593036967319
55.56544902490136, 164.35420456550798
12.55816643980493, 61.044450857691366
9.141859767970029, 56.27293550089101
77.79534099923836, 32.49037811608593
119.80287117195509, 30.706115409676404
113.82262330131054, 146.5896431068152
116.06236494223575, 115.88853715377137
132.3445659569564, 192.369647856343
135.78392413302362, 82.14122368715286
155.2218180810478, 119.80250037798955
103.73265691958713, 20.612466339389577
184.1221058711962, 8.471449042152157
127.1794407562234, 168.22723038473882
120.6478078042317, 173.19726142705153
114.60056967225064, 92.34051916198531
192.7258045625298, 174.5693361884214
185.29843277824762, 105.70412648458536
106.44511348227464, 38.88427902532068
151.3754065583418, 112.7150335151048
180.97905845397258, 154.55504566538377
143.44352772801534, 127.62895547196473
109.50970076559523, 187.8081680036839
132.75378680469558, 173.9352175668987
171.9348085835889, 19.67583857240749
162.2651140688006, 138.29703853505038
139.08571736516205, 68.45922985097556
175.67220263715035, 25.754869884997845
102.39366628432627, 127.42494278116779
154.83370970203714, 4.831576906329249
125.7689419385605, 80.3736502081313
136.6943826253704, 159.4203698256925
173.2030754644378, 54.42392706709431
102.10969905091163, 34.66077487893995
199.86644285538924, 186.93797533782202
117.98308752739278, 73.50256898937818
195.73123369767623, 98.30308424070834
120.85383727510892, 9.128393035187443
101.53836904288353, 184.62924489068658
122.47998963526575, 25.933838373276874
137.47515659152305, 145.51339829182623
161.91174797440124, 150.56308559629312
189.61428076633973, 97.88302885651791
151.88056830760493, 62.240390652772625
140.2415220929123, 130.06626692324465
148.69099141572298, 51.58035976268707
129.13706867170657, 173.5207947322373
150.8739324347025, 97.63858836142987
140.77631711701622, 122.46864182528452
116.01966648694058, 1.010812554243512
157.44557210676382, 96.60305847292166
181.0256705183898, 181.80834527844246
134.55836246073204, 151.41926494150664
132.2975578744837, 4.460219581608205
113.70858820739433, 32.700234426522016
189.25359760129152, 188.8680780368645
184.5222342005571, 72.34627956890812
111.3811525099211, 86.74554632734166
120.17743662257503, 42.40764764038434
116.20515875301346, 18.46483821251981
192.26446643820114, 146.2383908310849
194.43510171510647, 67.17002494977888
169.13703559573304, 108.03908564281963
195.8154719133614, 86.25418802152076
145.96787603951987, 133.87288042140833
148.5461052127258, 74.29286909566402
102.62430564854007, 148.8284568880469
187.30001535203223, 163.17574280187984
137.7286816073869, 99.32877550502282
157.8599957572015, 71.36790244722913
186.19899100561722, 195.69778735912928
121.17680634535206, 84.7292350660369
140.23084201352881, 27.718770114289583
178.5240571392347, 150.30646607971045
180.54866953182102, 134.80750657252412
161.56545224199053, 187.5696734820745
167.03421228258605, 12.912902523621606
180.10596274447894, 8.395753168165164
108.7161856438377, 152.8945658296778
122.94459277631766, 8.76829086654707
189.03768416390974, 65.58288906974398
174.47263649772123, 120.62466587717809
123.87884793546672, 181.86765296487505
156.71413899291227, 121.94832268209555
117.04139584401334, 85.51221241384927
