224
84.8353995254314, 8.368793848867305
23.16548771758704, 99.4074660064279
81.73007779695082, 193.66117799174356
57.86063910562109, 104.17991104174521
94.0336403410628, 108.49695315607832
38.908696893575325, 50.94531252626957
54.87101762503958, 118.1596899574117
12.286059107698843, 45.35590315710447
7.372670952261851, 21.38920208565711
88.39880973843935, 136.9858402404182
55.61614689420278, 101.6888750241148
6.374679032277541, 14.231641608111945
84.36611670263633, 16.40855107960273
15.19457443554627, 143.56880425085882
32.98379511190309, 72.55692587882369
31.380699753447683, 189.832980787071
94.52510691322227, 144.7425515562725
93.66807354608432, 158.79267514843997
64.30922261751523, 32.121371126330686
14.446347228470701, 85.66534179514996
3.147754702864347, 155.34384090271902
47.55603399633193, 118.00590448052633
28.40781254942668, 14.011006624871335
12.83380102833831, 130.4943271680849
51.43168374412988, 161.65167591782225
85.36246024325392, 49.38498609827056
11.014440298542105, 100.05739787996552
14.446662079779383, 78.20214594875515
20.783858698668567, 1.026668290092947
63.091171578148874, 83.4208470808083
44.18743216027573, 93.91297180738387
7.847002221064003, 140.96051585376023
71.5141753938703, 101.16827341196012
69.98289159166363, 3.65998477282532
65.33530237231278, 175.17856311460255
96.59295851531202, 21.80749821601311
16.221203626291427, 174.7379499915382
58.0021083107158, 3.347867808695826
4.646498764738172, 32.791964047467644
36.95356827774874, 62.76953945105961
34.488087119342545, 5.76081754589628
56.16506631453282, 119.64876571683875
87.5389000999233, 117.96817680665626
35.1359811741505, 140.9702141367912
90.38211527037015, 18.002028175173066
29.21557921517085, 119.26096762643424
44.2356267894111, 146.14414758847036
75.80297060986538, 125.04087381032123
34.54844494171443, 53.58177871611418
36.08644384151848, 157.70374558874934
4.472590711649705, 187.39228910396773
12.806150042190833, 52.72443022231927
90.41501477569153, 74.82918493214996
25.369869030741256, 199.35315169738126
92.24059106909613, 33.85764163866929
84.89727519057087, 141.84461111570363
42.6320463566187, 49.05681076289432
34.70072847168686, 195.8099323475292
27.00999087000926, 19.108369410331385
88.75792823828456, 112.69109426097172
53.12784515876948, 74.0051469515652
63.401723200967176, 88.56817240749075
4.286854775061933, 115.81316070272409
64.58619045214287, 44.53632639240617
14.795718333214891, 189.23533603548594
62.961892047044046, 1.8981021739727044
14.574747641011188, 49.32683959334485
67.91068072271968, 182.89551847626208
48.97020895126033, 112.30508544255862
72.26924986760069, 89.38063396863787
60.033817575392334, 76.35204392588311
93.73801084545111, 24.023473940298423
1.292703236162196, 117.11127051103414
12.266414536463266, 133.9606925758326
39.38193304128599, 144.06269049208376
34.21540087374427, 11.27128105317794
24.193132596243238, 185.7201608683995
98.76584294089274, 106.0057470952644
2.6086877048666524, 94.07583206865759
90.81517078190384, 0.09112266902919774
59.561330865992424, 194.00998403964732
12.435450795726421, 108.50629686582856
34.77801080079477, 129.66015680712857
60.80722440930221, 4.687233279757397
43.77453426750716, 55.349104633708144
50.51022907405082, 55.68936684778232
42.45148315484742, 180.69977892774725
76.3482456685568, 4.123811461898552
70.76596927971549, 32.053002166345365
68.67757339291197, 196.4320879521369
83.08428737721478, 66.68833087424319
47.42135159372661, 134.4507461588294
52.614258548563576, 151.2566856297846
31.65729549621995, 48.28997267507296
20.85716860882637, 20.486140998517154
18.81841713863066, 196.21058466923998
30.269497630761457, 25.150446980555728
84.56322765255241, 188.65706246052568
85.9388530655018, 192.20932070787117
31.147785647801562, 105.72923921780264
84.45000114538466, 172.64606664904588
95.42299176012477, 156.32404283667734
10.22124659061394, 54.49976588877832
85.64643700343373, 117.61240320144324
47.945985901067644, 71.14066832112884
41.147976616291125, 119.84519403809226
24.873041192410195, 104.67252983414622
6.253472546083627, 151.798401753031
25.95605410996349, 58.246797568668796
67.64680646832973, 70.08268440090175
86.99463553645698, 81.23411882796958
0.6255801263026273, 6.9334664861814055
91.41431144809027, 30.446162215872953
81.35190488984303, 60.30552641645161
13.245361733482719, 101.13430038146491
18.117893297902032, 71.99712366801127
26.811220892051846, 171.4322377514328
54.65937750203308, 14.070433653658142
2.5005482537332924, 133.73880514248714
75.71711485668622, 176.6893588255288
80.66827206792576, 169.82122738778463
29.725135719504014, 44.41894021929023
27.107665883520948, 164.74238039524116
32.291516183474634, 35.615407596968595
66.90380604794287, 38.675611982653834
53.72614413596861, 30.646378146457142
80.60624654175355, 6.930915786927083
26.439195164886975, 195.0484738263819
96.69473186655425, 159.87198914674664
2.696230198003857, 25.375604505634808
84.30890282649489, 185.0903478405526
45.47461287294829, 177.02615270461882
84.799895282784, 166.00777594515185
18.93352944006392, 166.04930588822975
96.70269736603323, 4.9199271413414625
31.65133373099972, 114.80105118240664
74.3961830742094, 187.47035904200962
2.611697391690271, 161.6804858522933
70.80240314395829, 149.58017343320708
49.351581922825375, 142.4402987287981
7.1188335013049, 1.0722536603676502
70.20372533293558, 85.66583362312015
48.66482556623981, 56.902004754968786
3.6741385255884773, 9.140817536730172
115.1646004745686, 8.368793848867305
176.83451228241296, 99.4074660064279
118.26992220304918, 193.66117799174356
142.1393608943789, 104.17991104174521
105.9663596589372, 108.49695315607832
161.09130310642468, 50.94531252626957
145.12898237496043, 118.1596899574117
187.71394089230117, 45.35590315710447
192.62732904773816, 21.38920208565711
111.60119026156065, 136.9858402404182
144.38385310579721, 101.6888750241148
193.62532096772247, 14.231641608111945
115.63388329736367, 16.40855107960273
184.80542556445374, 143.56880425085882
167.01620488809692, 72.55692587882369
168.6193002465523, 189.832980787071
105.47489308677773, 144.7425515562725
106.33192645391568, 158.79267514843997
135.69077738248478, 32.121371126330686
185.5536527715293, 85.66534179514996
196.85224529713565, 155.34384090271902
152.44396600366807, 118.00590448052633
171.5921874505733, 14.011006624871335
187.1661989716617, 130.4943271680849
148.56831625587012, 161.65167591782225
114.63753975674608, 49.38498609827056
188.9855597014579, 100.05739787996552
185.55333792022063, 78.20214594875515
179.21614130133145, 1.026668290092947
136.90882842185113, 83.4208470808083
155.81256783972427, 93.91297180738387
192.152997778936, 140.96051585376023
128.4858246061297, 101.16827341196012
130.01710840833636, 3.65998477282532
134.66469762768722, 175.17856311460255
103.40704148468798, 21.80749821601311
183.7787963737086, 174.7379499915382
141.9978916892842, 3.347867808695826
195.35350123526183, 32.791964047467644
163.04643172225127, 62.76953945105961
165.51191288065746, 5.76081754589628
143.83493368546718, 119.64876571683875
112.4610999000767, 117.96817680665626
164.86401882584948, 140.9702141367912
109.61788472962985, 18.002028175173066
170.78442078482914, 119.26096762643424
155.7643732105889, 146.14414758847036
124.19702939013462, 125.04087381032123
165.45155505828558, 53.58177871611418
163.91355615848153, 157.70374558874934
195.5274092883503, 187.39228910396773
187.19384995780916, 52.72443022231927
109.58498522430847, 74.82918493214996
174.63013096925874, 199.35315169738126
107.75940893090387, 33.85764163866929
115.10272480942913, 141.84461111570363
157.3679536433813, 49.05681076289432
165.29927152831314, 195.8099323475292
172.99000912999074, 19.108369410331385
111.24207176171544, 112.69109426097172
146.87215484123053, 74.0051469515652
136.59827679903282, 88.56817240749075
195.71314522493807, 115.81316070272409
135.4138095478571, 44.53632639240617
185.2042816667851, 189.23533603548594
137.03810795295595, 1.8981021739727044
185.4252523589888, 49.32683959334485
132.0893192772803, 182.89551847626208
151.02979104873967, 112.30508544255862
127.73075013239931, 89.38063396863787
139.96618242460767, 76.35204392588311
106.26198915454889, 24.023473940298423
198.7072967638378, 117.11127051103414
187.73358546353674, 133.9606925758326
160.618066958714, 144.06269049208376
165.78459912625573, 11.27128105317794
175.80686740375677, 185.7201608683995
101.23415705910726, 106.0057470952644
197.39131229513336, 94.07583206865759
109.18482921809616, 0.09112266902919774
