160
46.286965449838945, 105.55912025321526
80.21465761298062, 137.4452123977039
61.474580206129026, 54.373173187645804
74.28974602995537, 41.71393768092058
57.85200062324063, 19.281982037887225
15.6608737012093, 137.527600535666
98.0336237869804, 165.2526444901139
52.00173301325518, 168.11880068482762
81.5440689884469, 175.83842943079594
3.1731235342290054, 60.244979909390814
48.18349835773912, 5.649230937795324
84.63132712170126, 45.368649358565705
98.60647626490571, 194.78996922658047
40.28540056704082, 138.93187936210055
35.20797640959958, 74.42277810691576
16.182297768758648, 124.91366385936425
35.503831445020595, 173.82319258681807
74.48296759635205, 7.822928080580582
34.794379250152964, 176.03582822574384
98.91624524715071, 56.158377486849155
61.356548289390346, 102.54381098049923
26.031127769478413, 95.32613392193664
31.469929531340647, 139.87957439625177
90.32506363379643, 107.35570238495427
11.342761131871825, 135.40901147564404
24.617204740847754, 48.83127873847493
68.97009650568982, 109.68823746876184
72.5792280540225, 126.71972063936032
84.35461120940272, 122.83429098307042
90.46774515091982, 171.37933943536024
73.5716270658951, 139.9420854345784
0.009010627397865179, 25.75483920434283
52.71849691546198, 94.78293835998028
52.77772317602606, 186.15142022542153
65.63335551218586, 78.30669103501138
63.695615182517884, 22.37879394300053
71.33755629657948, 165.65669875237725
93.92056861199929, 55.99963112370274
2.3565792789223328, 11.69479465208969
38.02887278992429, 192.69397862863
77.54496508988264, 16.84183722472421
58.18781244416671, 163.14911059092373
91.92171840565685, 25.50160568214681
2.9955333235030634, 33.46789272399744
14.049638743780356, 157.0911718288869
45.202084499220454, 18.571685380093218
28.48426089156839, 9.556519157531017
11.692174513890619, 193.411947019414
49.655482914289564, 50.151760484634764
83.56294064627598, 80.09429480479031
94.41071063816054, 116.0588774890001
16.203919665296162, 193.9841349417027
68.441391413645, 8.897153727511498
75.20027832653487, 66.10028544608859
70.97956887879572, 114.92431979138658
76.25253363475343, 20.960963673777265
24.426742642124267, 117.19818119807704
72.01134034866976, 8.46835750878261
29.47672074565092, 41.01909985181202
42.35476494544164, 183.02940029996745
48.3392575576994, 9.835143631862042
4.493425531627593, 148.9471260858079
6.874577881182741, 61.75765277569336
88.87687108414303, 58.24707746794997
70.63431239962948, 46.43447301909096
71.80752652075319, 87.46203405308518
73.28668743333583, 117.43656075145812
58.858296802068864, 153.21381157697883
25.71687188715813, 87.32535173350983
31.55266833198048, 25.99949495807048
4.274069532090852, 112.32485320284307
15.126864693017838, 162.06556017636908
46.10611542310296, 21.405304683698233
58.359473154710216, 114.07649907765574
95.0828888886826, 187.61382398545305
92.17685570019121, 90.73322405796662
74.24011888534369, 4.779635983113861
45.28865919595506, 63.19721558826497
34.69651238271803, 168.823676934837
87.67966446000399, 170.3856011469703
153.71303455016107, 105.55912025321526
119.78534238701938, 137.4452123977039
138.52541979387098, 54.373173187645804
125.71025397004463, 41.71393768092058
142.14799937675937, 19.281982037887225
184.3391262987907, 137.527600535666
101.9663762130196, 165.2526444901139
147.99826698674482, 168.11880068482762
118.4559310115531, 175.83842943079594
196.826876465771, 60.244979909390814
151.81650164226087, 5.649230937795324
115.36867287829874, 45.368649358565705
101.39352373509429, 194.78996922658047
159.71459943295918, 138.93187936210055
164.79202359040042, 74.42277810691576
183.81770223124136, 124.91366385936425
164.49616855497942, 173.82319258681807
125.51703240364795, 7.822928080580582
165.20562074984704, 176.03582822574384
101.08375475284929, 56.158377486849155
138.64345171060967, 102.54381098049923
173.96887223052158, 95.32613392193664
168.53007046865935, 139.87957439625177
109.67493636620357, 107.35570238495427
188.65723886812816, 135.40901147564404
175.38279525915226, 48.83127873847493
131.0299034943102, 109.68823746876184
127.4207719459775, 126.71972063936032
115.64538879059728, 122.83429098307042
109.53225484908018, 171.37933943536024
126.4283729341049, 139.9420854345784
199.99098937260214, 25.75483920434283
147.28150308453803, 94.78293835998028
147.22227682397394, 186.15142022542153
134.36664448781414, 78.30669103501138
136.30438481748212, 22.37879394300053
128.66244370342054, 165.65669875237725
106.07943138800071, 55.99963112370274
197.64342072107766, 11.69479465208969
161.9711272100757, 192.69397862863
122.45503491011736, 16.84183722472421
141.8121875558333, 163.14911059092373
108.07828159434315, 25.50160568214681
197.00446667649695, 33.46789272399744
185.95036125621965, 157.0911718288869
154.79791550077954, 18.571685380093218
171.5157391084316, 9.556519157531017
188.30782548610938, 193.411947019414
150.34451708571044, 50.151760484634764
116.43705935372402, 80.09429480479031
105.58928936183946, 116.0588774890001
183.79608033470384, 193.9841349417027
131.558608586355, 8.897153727511498
124.79972167346513, 66.10028544608859
129.0204311212043, 114.92431979138658
123.74746636524657, 20.960963673777265
175.57325735787572, 117.19818119807704
127.98865965133024, 8.46835750878261
170.5232792543491, 41.01909985181202
157.64523505455836, 183.02940029996745
151.6607424423006, 9.835143631862042
195.5065744683724, 148.9471260858079
193.12542211881726, 61.75765277569336
111.12312891585697, 58.24707746794997
129.3656876003705, 46.43447301909096
128.19247347924681, 87.46203405308518
126.71331256666417, 117.43656075145812
141.14170319793112, 153.21381157697883
174.28312811284187, 87.32535173350983
168.44733166801953, 25.99949495807048
195.72593046790914, 112.32485320284307
184.87313530698216, 162.06556017636908
153.89388457689705, 21.405304683698233
141.6405268452898, 114.07649907765574
104.9171111113174, 187.61382398545305
107.82314429980879, 90.73322405796662
125.75988111465631, 4.779635983113861
154.71134080404494, 63.19721558826497
165.30348761728197, 168.823676934837
112.32033553999601, 170.3856011469703
