240
64.12112872997452, 20.61721605789677
29.797172915280555, 82.26832453795052
68.64198621443441, 80.57115661583035
71.10331912025462, 195.33839321679596
20.847178746802264, 136.70755493759322
34.776113206621496, 93.09084980369676
94.35752035815032, 75.25932264662704
93.95624543435946, 101.12637364774957
52.09639053225155, 117.31114697384353
92.48473350683147, 152.04775699294214
12.797317316815903, 159.4188309269394
37.709709941564086, 193.42488590429974
19.754243058624155, 6.769253930961372
97.33738622698198, 4.44622232235099
33.47200343406962, 161.74965846692737
5.306328506710778, 140.50694966992586
60.753740393719866, 144.33940663296892
83.67063843700386, 198.46554465102838
27.073134015727984, 64.14563959462936
9.290154040318189, 24.605549661133686
93.44476937166087, 131.3705671943086
73.6708460336538, 107.41133396188314
64.2708399866865, 6.09860012435719
23.887604487069147, 163.36583197137747
58.225350110596544, 44.90195556072101
28.302433867946398, 12.023110023178374
91.44713443497038, 136.6131036421694
6.535536899444283, 100.8064727026961
79.48338884822932, 20.407622898030642
13.040852959107784, 95.7652867337255
34.25886847542239, 100.81281300624707
95.75597850053828, 178.22230332682466
16.950545291481443, 158.76246211103108
49.0175263000972, 1.415512689063414
3.8738928920843407, 94.3772925244495
16.748313548096693, 152.7053751204953
56.14543336806058, 28.819204247400055
81.1110448849504, 162.0418410810131
40.70179813536415, 33.76616790985383
35.29007095384619, 9.418525603060623
42.06055595250753, 157.0604820451042
73.52585238932734, 127.77746140785753
5.610876237930618, 159.0570295871598
87.38021787042508, 134.23809046036067
10.98410532964752, 63.13769946271357
59.56236122210428, 12.348879283229497
94.29814727485497, 16.31807707252444
20.717433819818055, 72.58065808905603
33.83905281759895, 195.4067241532466
43.183850701194174, 187.82173491171724
30.882987854905153, 20.980262229630764
34.98762057230115, 49.41393269627401
84.08586422154801, 166.93321592222193
57.39049299488551, 191.02510675734666
13.00100686400577, 166.905528970122
18.978204596374926, 150.5631052436615
95.62515255004817, 121.97338220201215
56.387921115232864, 32.39546142240584
1.379117443966893, 98.14809053793158
94.99655388587226, 130.5909074657043
41.01259683546934, 60.60937465167229
84.62657778519218, 48.76437121947133
25.70730177370929, 140.63611587348282
11.910578610787603, 77.2601568611585
28.29065802880838, 177.4653533923569
41.10400722506489, 144.73633513443792
43.19900987885509, 151.22884274336275
27.26533968965673, 100.29962102326053
76.27794752163881, 92.45361193207111
67.70615785983497, 184.94778204402252
53.935262636744596, 33.93773430535103
30.746822623450086, 52.97334189604974
35.15681054525649, 13.95087478511623
64.57263327355, 57.616094177529
50.36257374101528, 60.16900730169405
97.59623629203188, 92.52659220340738
54.04464979378834, 180.38865569062483
38.9424028067958, 141.6176111033909
82.17071503871111, 148.69024988204157
19.700963974665765, 171.6072297364247
28.87332525391193, 72.25389575316392
28.681649746614458, 175.5960850168509
61.29195741548058, 169.05449195425984
61.15680591399655, 142.61497539828085
90.63673827574831, 58.502287614951975
48.93767451679868, 11.073337106546699
8.709432603658474, 99.27874106114598
98.59952848626796, 30.5982868768772
40.06065269120916, 180.89872599239993
32.61385082059445, 112.1898787732728
92.23176403983089, 165.99819341458462
1.5602461946721546, 83.39071607568287
91.65453362041892, 170.32088557666765
78.69503834313838, 124.72010916953049
36.82741046967134, 37.85181332447822
5.903511832546727, 171.20237008046092
81.80672687381217, 72.96854533067814
85.01249283906408, 146.67653494819112
89.01084163012408, 80.24056496750882
88.35298207158323, 147.51155527268634
82.62211646922282, 150.92906286820832
66.19112678869705, 68.80254825969092
34.66055727046534, 173.4615670963626
26.26498272711003, 108.83617497790532
40.073025502080014, 31.120236917859835
34.555590999742606, 131.5565374451095
95.7431336563619, 57.78679408242922
47.1964243356625, 79.0599097185464
1.3849404334287385, 16.817253567781453
33.735339380985494, 18.870870685937135
63.82038768200293, 143.9898838391386
97.53542275102491, 52.035685946238154
80.32945142750636, 126.7084446005014
51.49581896361718, 45.557084948324864
22.98788831690993, 56.36345687904394
75.98875069535941, 150.9853766170858
90.20073800322112, 111.83286346366259
16.659506884657016, 90.8998656450296
83.81868796514655, 32.83477848779375
80.63048682407529, 96.61194524780707
89.25216140540691, 116.19784212611111
94.01308073500854, 73.49620468270399
58.28643720416884, 192.56103513927465
31.45934093273245, 51.08961002708838
22.496887567638613, 67.54439564947975
76.43951638997056, 176.16505466220548
6.763046427171915, 106.79630877641179
64.71362468268633, 41.679099587205215
65.8040016805467, 87.12988161926076
43.49738570201336, 44.48926798137176
22.22672080157254, 16.318232444871473
71.51369419612443, 189.70842309608233
44.49413210801584, 146.2748043677323
70.6297898449772, 159.90392729001965
15.81542936921727, 149.33494585739228
7.833314296010907, 87.00584320010951
65.34214046731836, 94.95849289856208
89.3597936939909, 167.4171500302355
63.8209283428652, 154.306960355557
77.17186928847721, 180.14506430035732
53.18080599752637, 52.916187642158484
37.82726321338047, 74.53129005993435
7.633196818130794, 35.54213206314883
32.90231422024621, 20.274466641002185
15.13813179640543, 143.13005368586016
12.146579787579558, 146.2120303563067
42.71772494151246, 148.32597699029407
7.292913468428086, 131.63259415574757
76.0359378594046, 60.034357701707904
12.954691427631214, 102.27030039210928
57.70496049686792, 39.9095741637917
14.463612548012428, 194.02627228481032
63.86848247969067, 111.52709639825125
6.895315031055582, 20.11645968185625
98.32903026729484, 21.864394368420648
9.774499039645546, 177.97485906663346
2.1631592729010607, 120.33939396445514
67.18289805849321, 15.62371252683279
99.35147204654336, 36.35800905328821
73.37208938927844, 31.86008574012169
135.87887127002548, 20.61721605789677
170.20282708471944, 82.26832453795052
131.3580137855656, 80.57115661583035
128.89668087974536, 195.33839321679596
179.15282125319774, 136.70755493759322
165.2238867933785, 93.09084980369676
105.64247964184968, 75.25932264662704
106.04375456564054, 101.12637364774957
147.90360946774845, 117.31114697384353
107.51526649316853, 152.04775699294214
187.2026826831841, 159.4188309269394
162.29029005843591, 193.42488590429974
180.24575694137584, 6.769253930961372
102.66261377301802, 4.44622232235099
166.52799656593038, 161.74965846692737
194.69367149328923, 140.50694966992586
139.24625960628015, 144.33940663296892
116.32936156299614, 198.46554465102838
172.926865984272, 64.14563959462936
190.70984595968181, 24.605549661133686
106.55523062833913, 131.3705671943086
126.3291539663462, 107.41133396188314
135.7291600133135, 6.09860012435719
176.11239551293085, 163.36583197137747
141.77464988940346, 44.90195556072101
171.6975661320536, 12.023110023178374
108.55286556502962, 136.6131036421694
193.46446310055572, 100.8064727026961
120.51661115177068, 20.407622898030642
186.95914704089222, 95.7652867337255
165.7411315245776, 100.81281300624707
104.24402149946172, 178.22230332682466
183.04945470851857, 158.76246211103108
150.9824736999028, 1.415512689063414
196.12610710791566, 94.3772925244495
183.2516864519033, 152.7053751204953
143.8545666319394, 28.819204247400055
118.8889551150496, 162.0418410810131
159.29820186463584, 33.76616790985383
164.7099290461538, 9.418525603060623
157.9394440474925, 157.0604820451042
126.47414761067266, 127.77746140785753
194.38912376206937, 159.0570295871598
112.61978212957492, 134.23809046036067
189.01589467035248, 63.13769946271357
140.43763877789573, 12.348879283229497
105.70185272514503, 16.31807707252444
179.28256618018196, 72.58065808905603
166.16094718240106, 195.4067241532466
156.81614929880584, 187.82173491171724
169.11701214509486, 20.980262229630764
165.01237942769885, 49.41393269627401
115.91413577845199, 166.93321592222193
142.6095070051145, 191.02510675734666
186.99899313599423, 166.905528970122
181.02179540362508, 150.5631052436615
104.37484744995183, 121.97338220201215
143.61207888476713, 32.39546142240584
198.6208825560331, 98.14809053793158
105.00344611412774, 130.5909074657043
158.98740316453066, 60.60937465167229
115.37342221480782, 48.76437121947133
174.29269822629072, 140.63611587348282
188.0894213892124, 77.2601568611585
171.70934197119163, 177.4653533923569
158.8959927749351, 144.73633513443792
156.8009901211449, 151.22884274336275
172.73466031034326, 100.29962102326053
123.72205247836119, 92.45361193207111
132.29384214016503, 184.94778204402252
146.0647373632554, 33.93773430535103
169.2531773765499, 52.97334189604974
164.8431894547435, 13.95087478511623
135.42736672645, 57.616094177529
149.6374262589847, 60.16900730169405
102.40376370796812, 92.52659220340738
145.95535020621168, 180.38865569062483
161.0575971932042, 141.6176111033909
117.82928496128889, 148.69024988204157
180.29903602533423, 171.6072297364247
