112
43.639545204677546, 183.71561378228932
47.03615214784944, 119.82246734748526
56.2657588454854, 149.1169935626887
25.596586443356138, 75.68402968058669
1.4514503909054732, 114.81496906596023
63.252658454949305, 154.25096955138733
5.981094233656858, 94.44313254343726
61.30910573839765, 197.6956254385162
54.40806530478515, 17.62508536728418
55.29189673242942, 26.295652294645745
9.511879643532462, 100.13047197297476
19.198083773857554, 175.0500546242539
36.50049582783357, 142.17776326889268
30.62913905514585, 58.732901378675905
94.08856746419015, 38.78476082682462
42.79972327209993, 32.60141724213321
15.382689752844348, 156.11178913593994
54.280372449779435, 133.05299696813512
68.99021972987092, 30.998854079578607
12.269961558100917, 147.22790736390849
51.87215229242509, 81.27910035539081
34.31402384493679, 46.467633014310785
37.49469665928361, 85.24331135693217
32.25878942896712, 149.72128140637636
73.56149427423469, 82.71437085419917
13.161690846501628, 120.04845853150125
60.356227825649924, 119.67196919788539
95.69901327123598, 117.2548047314998
81.934709682799, 12.49337524945724
81.32181655605429, 148.1303763705229
18.26547648583715, 80.98745006519488
2.3244690429942594, 157.17795649295562
166.56212414002448, 41.536832780767874
156.36045479532245, 183.71561378228932
152.96384785215056, 119.82246734748526
123.38105196516551, 182.44926929089326
143.7342411545146, 149.1169935626887
108.42876866999221, 191.16764700334866
152.76475594251914, 33.62987659412322
135.87481003848953, 30.490118385443864
136.946095373164, 47.44461889686538
174.40341355664387, 75.68402968058669
178.314484811453, 81.53992145950863
198.54854960909452, 114.81496906596023
102.85899420582668, 177.57225994522662
103.0723934126628, 138.44544643388278
175.8380692608538, 181.73386186446848
136.7473415450507, 154.25096955138733
122.65109947526103, 140.3647018730068
166.08728040483862, 0.5597625952129981
194.01890576634315, 94.44313254343726
138.69089426160235, 197.6956254385162
151.72133414254196, 15.890626212446367
106.56485563339153, 19.650881388302377
145.59193469521486, 17.62508536728418
102.4150241989399, 92.40315726713473
144.70810326757058, 26.295652294645745
190.48812035646753, 100.13047197297476
180.80191622614245, 175.0500546242539
163.49950417216644, 142.17776326889268
169.37086094485414, 58.732901378675905
167.35971935091158, 71.81268353501606
198.83012951513322, 94.86030665637355
133.66234873054674, 64.61803949562102
108.73955160770925, 26.70492943633804
144.1783787396654, 155.04948324196138
105.91143253580985, 38.78476082682462
157.20027672790008, 32.60141724213321
184.61731024715564, 156.11178913593994
170.7526105232314, 173.6896131205388
137.38859322979172, 164.87660774224162
195.63665796949348, 195.65846636513598
145.71962755022057, 133.05299696813512
146.83299574178304, 88.64493919920005
115.00311959785172, 131.90070934660537
156.84046588392843, 199.0367656546118
148.815977592276, 149.0884019412256
133.5873191223476, 92.89370263986795
159.28129990742144, 1.5710154789909447
131.00978027012908, 30.998854079578607
160.7476914813314, 48.16330021646225
122.41594729909437, 21.456195915649133
187.73003844189907, 147.22790736390849
199.53911795819204, 195.8786501426915
199.74824389260814, 96.4066879095089
185.2367642333908, 37.710776286497264
148.12784770757492, 81.27910035539081
177.37613662575262, 173.7555318493008
165.6859761550632, 46.467633014310785
116.83428691370976, 85.17940035550136
180.3706308101013, 151.92857848162333
162.50530334071638, 85.24331135693217
157.94611319360098, 99.93211907424086
167.74121057103287, 149.72128140637636
185.13823090537102, 148.04890018197568
126.43850572576531, 82.71437085419917
145.042958354877, 45.36622705152287
186.83830915349836, 120.04845853150125
139.6437721743501, 119.67196919788539
118.18691333090645, 62.58885924708573
183.5280639707773, 22.887817718605064
143.17323274972316, 87.409428419156
106.70290931267643, 94.4068549209133
104.30098672876402, 117.2548047314998
104.87651478929132, 17.974383259547256
123.47821555751449, 53.11211132092151
175.11936199275706, 110.25465745179257
118.065290317201, 12.49337524945724
118.67818344394571, 148.1303763705229
181.73452351416285, 80.98745006519488
170.55675826924568, 5.050345143487256
197.67553095700575, 157.17795649295562
