176
75.00835284964131, 83.00330931087892
9.473252943897858, 117.78769370879539
63.69028951707635, 167.91799848292746
59.37312060813555, 123.5726164990127
67.3385174706611, 59.47669268830538
27.604627710394848, 169.37691426271283
0.15127066365550057, 86.22626233563668
75.00110679823749, 114.1666805654467
24.808462434247957, 197.97686974693522
24.356334013566862, 64.16322131515703
52.10060491292746, 24.45615783593107
3.7295876410651685, 21.578089228917374
49.09313140095173, 56.53476493981102
61.298534901159286, 84.65326565906717
62.90262342521734, 182.1903057427133
88.08583439065063, 61.75064142568172
38.35595577634891, 133.14783501511104
55.75470990086808, 162.61559521061497
48.22004767583178, 27.440348336684515
24.775539651033597, 107.39949846982542
27.070219056131172, 11.900899827136534
73.1586266571138, 153.71837311680855
68.16197492310889, 103.60809199753037
77.29814874668382, 155.00260894548902
70.45863921524797, 0.4470015501148561
22.393417631188385, 131.53254287260864
62.398482354993924, 59.97150481125688
84.77482260456719, 123.38891650572259
40.17916069325702, 147.99680768719568
41.300647270310186, 193.18997544924886
42.92300389881933, 59.74162252437745
95.54612302476569, 53.2543485230091
99.33829916352904, 127.55778640895063
51.61492657795085, 195.8463694962457
69.72514889662278, 113.36463808283723
51.640280771267086, 163.6214602596721
38.685324631126804, 136.02873432873122
29.06820237354418, 192.05564908333844
71.2420002534822, 71.84954698342689
47.41430184274299, 100.16107809601027
43.1147380617973, 33.37787486151542
17.94268760932499, 140.95384015400722
99.06400525514452, 180.99655197046084
1.6055151772431997, 151.47476986713244
92.73124532608227, 24.143702336195826
83.32166047387801, 36.201130176532594
84.50585629269189, 191.80197665366362
76.60201593397726, 71.44680032095236
79.39303560267281, 15.679764878834046
42.78976952622313, 41.38395825488854
67.63364089440958, 146.4877373166032
58.1138188480936, 87.06907045165732
51.775563637348995, 174.06693848912334
86.8262139932949, 96.81876220893639
95.2661933247111, 8.376237959330046
69.44597274857527, 49.17253254121798
51.10632746707812, 199.25557447490542
16.19625867149661, 75.09221712955984
73.2222974424162, 177.18811758371092
20.02072990032663, 146.39402421524898
69.91545128682606, 192.7924649025247
98.71879382329152, 170.57998787750287
93.80225741047977, 122.46656077274105
87.20747656989958, 45.587935054776054
93.7624334261153, 64.13050230118048
95.79230051599984, 29.323408359669667
48.64713659299489, 160.94835665574178
29.67906665624951, 110.27310513846452
94.19907560520346, 163.96556103708338
12.312745582416484, 43.12443539524939
48.97952422551376, 166.79365148786513
12.08287087591784, 189.34120130941417
0.9163805829006888, 167.12686974899142
82.12652150094425, 118.96392259740878
57.0707156405261, 89.44952542996916
56.47670689299626, 150.84400704579969
89.32718047618916, 191.69696188589057
32.19343948048399, 183.04704516401895
30.010972237082058, 144.5870047251
96.66411078078623, 190.35757025894407
16.05932967253122, 52.744219291741956
61.99643874394417, 57.74809775787575
18.999136079335788, 69.19586497003945
23.9583257850428, 99.36941610884449
13.710530985148317, 154.71121339253096
78.68906844845209, 57.74359137875329
41.60215847770393, 69.8267190735953
30.98084403882584, 134.1407614857205
18.82745039691803, 199.9938845389282
28.1935687372755, 63.68471166844751
11.843499123549083, 182.1487391351412
30.225531778503832, 68.97668488859574
63.30081456694212, 178.94909047779666
46.845864391384126, 91.38221807201903
60.89233362753126, 27.159791750985775
7.528778364864341, 90.23903131212663
124.99164715035869, 83.00330931087892
190.52674705610215, 117.78769370879539
136.30971048292366, 167.91799848292746
140.62687939186446, 123.5726164990127
132.6614825293389, 59.47669268830538
172.39537228960515, 169.37691426271283
199.8487293363445, 86.22626233563668
124.99889320176251, 114.1666805654467
175.19153756575204, 197.97686974693522
175.64366598643315, 64.16322131515703
147.89939508707255, 24.45615783593107
196.27041235893483, 21.578089228917374
150.90686859904827, 56.53476493981102
138.7014650988407, 84.65326565906717
137.09737657478266, 182.1903057427133
111.91416560934937, 61.75064142568172
161.6440442236511, 133.14783501511104
144.24529009913192, 162.61559521061497
151.77995232416822, 27.440348336684515
175.2244603489664, 107.39949846982542
172.92978094386882, 11.900899827136534
126.8413733428862, 153.71837311680855
131.8380250768911, 103.60809199753037
122.70185125331618, 155.00260894548902
129.54136078475204, 0.4470015501148561
177.60658236881162, 131.53254287260864
137.60151764500608, 59.97150481125688
115.22517739543281, 123.38891650572259
159.82083930674298, 147.99680768719568
158.69935272968982, 193.18997544924886
157.07699610118067, 59.74162252437745
104.45387697523431, 53.2543485230091
100.66170083647096, 127.55778640895063
148.38507342204915, 195.8463694962457
130.27485110337722, 113.36463808283723
148.3597192287329, 163.6214602596721
161.3146753688732, 136.02873432873122
170.93179762645582, 192.05564908333844
128.75799974651778, 71.84954698342689
152.585698157257, 100.16107809601027
156.8852619382027, 33.37787486151542
182.057312390675, 140.95384015400722
100.93599474485548, 180.99655197046084
198.3944848227568, 151.47476986713244
107.26875467391773, 24.143702336195826
116.67833952612199, 36.201130176532594
115.49414370730811, 191.80197665366362
123.39798406602274, 71.44680032095236
120.60696439732719, 15.679764878834046
157.21023047377687, 41.38395825488854
132.36635910559042, 146.4877373166032
141.88618115190638, 87.06907045165732
148.224436362651, 174.06693848912334
113.1737860067051, 96.81876220893639
104.7338066752889, 8.376237959330046
130.5540272514247, 49.17253254121798
148.89367253292187, 199.25557447490542
183.80374132850338, 75.09221712955984
126.7777025575838, 177.18811758371092
179.97927009967339, 146.39402421524898
130.08454871317394, 192.7924649025247
101.28120617670848, 170.57998787750287
106.19774258952023, 122.46656077274105
112.79252343010042, 45.587935054776054
106.2375665738847, 64.13050230118048
104.20769948400016, 29.323408359669667
151.35286340700512, 160.94835665574178
170.32093334375048, 110.27310513846452
105.80092439479654, 163.96556103708338
187.68725441758352, 43.12443539524939
151.02047577448624, 166.79365148786513
187.91712912408215, 189.34120130941417
199.0836194170993, 167.12686974899142
117.87347849905575, 118.96392259740878
142.9292843594739, 89.44952542996916
143.52329310700372, 150.84400704579969
110.67281952381084, 191.69696188589057
167.806560519516, 183.04704516401895
169.98902776291794, 144.5870047251
103.33588921921377, 190.35757025894407
