176
69.47333787827058, 95.63797469793884
6.254495349199674, 27.758379698759384
49.800363911572795, 113.36737541411877
71.77499386209595, 163.17329591399493
92.85235309488596, 75.7606236539869
88.1205281699826, 38.700534860891466
93.79084272142342, 85.76178400790077
2.6489695658867163, 116.95533538159903
61.160553573305876, 176.98595654344615
38.81099996008794, 195.61230347170363
57.67719873088279, 137.6883794216472
82.81646008822284, 153.52550269019915
23.63384140819498, 97.05145243193924
99.61554917694389, 129.31055127310935
87.15955474639814, 32.271500432750535
60.91942760735755, 113.18679314011936
32.96151584090429, 66.5277156234799
21.28956942364031, 180.83456020641864
96.11904372739001, 175.25037894871016
27.85235928243059, 69.16498638953153
83.37106745236618, 43.768449306771195
85.35359303349773, 87.73533060763947
43.14907139441241, 108.39517537987572
9.412542367238895, 85.90177961661838
66.16836899757932, 54.996395203324155
47.99756518567697, 147.2723820737696
63.434438625665294, 145.83028288518037
47.52678840612763, 34.74651936281745
78.0438677258405, 65.18861720649593
33.28420889901567, 149.95321029633223
0.45814742902737793, 157.3855823832879
54.13455502317729, 170.60963155551775
22.127412099264156, 52.68143638398821
57.93088198041475, 30.464118875016876
20.622924725980273, 98.65898436895213
93.71425949048606, 126.86332733536727
21.057552991447693, 21.66647159162646
94.99578986310328, 124.9806260161424
51.5712572149948, 160.7777463004032
80.74881369116001, 99.10457619859181
67.61590134465825, 184.58650597432066
33.44210379855382, 96.32747660868584
66.45584050786317, 84.40399026912976
50.85616180308393, 99.40663500396349
20.96837457275271, 111.28825453040925
77.62336062088903, 127.06652798850075
25.73045758375738, 185.2189168482402
19.827420990180812, 68.98029011082225
53.80049824722308, 166.9654993041414
74.25425976964189, 159.96713044990173
81.5854961095349, 49.69412713522874
73.8834248993823, 140.1846537758363
97.86629303085769, 122.93343853372838
4.589277331698249, 47.06748525418549
88.98512449450112, 105.41180082115619
4.199861748441136, 30.313797068479275
70.54250188949909, 25.91289329717722
40.74781080988601, 96.39091170434251
82.60844726563127, 53.537825217576575
32.17171067627836, 138.66990001465666
31.479443333466673, 114.46252268042842
90.53303715842874, 192.51405182927755
36.623848976944856, 67.48420820249059
24.647272545228695, 52.22446186631955
55.94247120468243, 160.29251118979346
74.17572642461916, 157.93975727369647
90.2480514780361, 51.69208184951313
89.87875114266024, 62.18002240381764
68.44188171506094, 152.3691894997584
24.476212483818248, 99.23303469014874
23.572811660656466, 149.70702946303368
31.549899188015463, 45.01861356444834
44.45877225268351, 32.06891854219127
92.05648118787124, 121.54622557662962
64.22787723134691, 159.24407254899197
85.5715770177435, 26.5424155686272
29.53622622059642, 125.22469817630717
96.07880951772819, 28.259639722736217
39.869212492749256, 46.63822694685795
85.4887577197822, 60.03581184815976
40.687907693045744, 198.26916855651035
58.345276634671976, 182.51709872252655
88.85636420220017, 80.73086528601925
75.89378668512884, 119.81381528199147
81.30192936910812, 7.376955739061497
5.827154848763428, 158.86935132672485
71.96724135520802, 28.46270705587024
64.28622343598794, 192.71408377551646
91.75264964922637, 130.53839568032046
34.77707692453031, 47.61343773787428
45.70567422701943, 103.5950903432307
22.36090904007515, 75.95292617954314
86.58065405581351, 121.93284643180999
70.42728533212468, 113.7735647094932
19.105141816279637, 56.033597950107335
20.15994945616094, 160.70978590246847
130.52666212172943, 95.63797469793884
193.7455046508003, 27.758379698759384
150.1996360884272, 113.36737541411877
128.22500613790405, 163.17329591399493
154.39178059013298, 14.115379918886584
111.8794718300174, 38.700534860891466
106.20915727857658, 85.76178400790077
159.39956366398303, 128.72285628744083
138.8394464266941, 176.98595654344615
161.18900003991206, 195.61230347170363
142.3228012691172, 137.6883794216472
117.18353991177716, 153.52550269019915
176.36615859180503, 97.05145243193924
143.17501937951297, 120.27168289546843
112.84044525360186, 32.271500432750535
139.08057239264247, 113.18679314011936
167.0384841590957, 66.5277156234799
188.9642424602167, 192.8027617478256
103.88095627260999, 175.25037894871016
180.35223441551477, 26.636354283537077
116.62893254763382, 43.768449306771195
114.64640696650227, 87.73533060763947
156.8509286055876, 108.39517537987572
190.5874576327611, 85.90177961661838
133.8316310024207, 54.996395203324155
152.00243481432304, 147.2723820737696
136.56556137433472, 145.83028288518037
152.47321159387238, 34.74651936281745
121.9561322741595, 65.18861720649593
166.71579110098435, 149.95321029633223
199.54185257097262, 157.3855823832879
145.86544497682272, 170.60963155551775
177.87258790073585, 52.68143638398821
142.06911801958523, 30.464118875016876
179.37707527401972, 98.65898436895213
106.28574050951394, 126.86332733536727
104.25243566468872, 24.9089662153946
105.00421013689672, 124.9806260161424
148.4287427850052, 160.7777463004032
119.25118630883999, 99.10457619859181
132.38409865534175, 184.58650597432066
166.55789620144617, 96.32747660868584
178.01684235843783, 133.2657264489227
175.20193228109522, 178.0522868614799
179.0316254272473, 111.28825453040925
122.37663937911097, 127.06652798850075
174.26954241624261, 185.2189168482402
180.17257900981917, 68.98029011082225
146.1995017527769, 166.9654993041414
125.74574023035811, 159.96713044990173
182.33299606836226, 66.0618079819017
126.1165751006177, 140.1846537758363
102.13370696914231, 122.93343853372838
195.41072266830176, 47.06748525418549
165.03648883113968, 53.89762484298441
195.80013825155888, 30.313797068479275
157.86998425246009, 90.41340264216704
159.252189190114, 96.39091170434251
117.39155273436873, 53.537825217576575
160.49501676513512, 149.72761575022906
168.52055666653334, 114.46252268042842
109.46696284157126, 192.51405182927755
187.5023870618584, 52.350326496636356
175.3527274547713, 52.22446186631955
192.0338893696584, 146.77128050222535
125.82427357538084, 157.93975727369647
109.7519485219639, 51.69208184951313
110.12124885733976, 62.18002240381764
180.99174278233227, 101.82876076071912
175.52378751618176, 99.23303469014874
176.42718833934353, 149.70702946303368
168.45010081198453, 45.01861356444834
155.5412277473165, 32.06891854219127
107.94351881212876, 121.54622557662962
135.7721227686531, 159.24407254899197
114.4284229822565, 26.5424155686272
170.4637737794036, 125.22469817630717
103.92119048227181, 28.259639722736217
195.43066059938005, 79.23688597740323
114.5112422802178, 60.03581184815976
