160
91.7343839411734, 156.4939765179909
55.23016741277904, 120.82593007046208
90.58748043999663, 20.813938262891906
91.14656793602197, 10.59328657650649
75.81129044840502, 143.55448614446294
17.85220313384166, 70.43998537019571
34.768758950334885, 165.53191716891277
63.770691491303126, 21.95367811614064
11.322429967391223, 14.285341012279762
34.481596204888, 8.037256201434563
48.72243772158329, 71.04569694020564
91.31973599870264, 90.14036906323517
32.94721306877665, 92.58156519214393
85.14394305493207, 154.21558685715567
22.27292703466538, 15.769596500969318
38.027860607112416, 135.70187139418647
26.541556670439405, 159.2380786617447
81.46636300085663, 190.7091320231169
79.63143208829662, 0.5845915022538284
13.303579659158892, 52.722452567053324
14.607112725486537, 122.02868041529882
90.59130417362027, 191.49639578911533
77.48524235757934, 100.85292987165
96.88043206659033, 5.838737845020492
74.75393071821334, 90.65420410825335
77.3652409828482, 27.543629690397566
17.33342070628038, 12.594227938891024
70.7657764153568, 127.60866961994068
33.609160169820576, 6.6073150943943615
62.14204822784498, 49.212043747294466
74.42213294763253, 198.19845703606188
27.97158643266242, 169.00133932425564
49.26185875511735, 51.786497784733854
34.28633905629441, 42.9187607015655
62.73632949872135, 114.91797523825262
54.72398670776026, 33.04706958105257
53.90521997200268, 165.87118594488885
40.24957744510645, 124.13678450256509
37.49360607870419, 176.35632725298274
77.90129935521917, 156.01305114426555
80.62476177832642, 172.60431416773145
85.16308655682037, 139.2501728946387
10.244977160117374, 63.985605367454724
16.999057325753764, 128.95206240431278
62.37238232504616, 73.38784640059102
2.92621129233559, 68.17968186087097
7.210892900343058, 29.194533872494798
73.76806437264389, 3.9377352540930666
33.898852361418975, 131.74307730128513
60.70541687092652, 135.74574577143213
8.904212714415605, 177.73256985264388
35.57406432005544, 72.73986742135492
81.21945813577055, 187.40317472031677
64.36980257297859, 77.91714645008685
72.98503551155369, 67.94275036953917
52.27507095868751, 117.69674333109296
35.91567472933348, 34.79908864849883
28.325774071338984, 100.68713134625456
20.5104596807133, 39.27939320782428
71.68341007673631, 123.97985347202479
37.53297850735813, 186.32210681273162
85.68722055483427, 75.72888294485676
90.59349082581592, 154.16813648730465
23.64102393279194, 185.44168890176164
18.477542275265822, 111.95896869086216
61.274267070057455, 120.37288397520484
54.64965557522742, 86.59244641243245
55.616127458888556, 185.42042377223177
10.560547923108853, 26.756810711539657
81.89155938330995, 21.42781496365018
54.45507622344093, 142.99126884162675
51.33313331658277, 99.33475914121206
99.1483113060048, 28.001659632570508
63.87671006640156, 17.68981693212894
27.485794183463273, 28.091667977787328
13.169404954840147, 58.60746762810671
55.32722208278285, 72.84752617893484
47.620629275601885, 149.07184345754803
70.00128736608131, 157.79349824235044
4.116123950176664, 27.07557358033279
108.2656160588266, 156.4939765179909
144.76983258722095, 120.82593007046208
109.41251956000337, 20.813938262891906
108.85343206397803, 10.59328657650649
124.18870955159498, 143.55448614446294
182.14779686615833, 70.43998537019571
165.23124104966513, 165.53191716891277
136.22930850869687, 21.95367811614064
188.67757003260877, 14.285341012279762
165.518403795112, 8.037256201434563
151.27756227841672, 71.04569694020564
108.68026400129736, 90.14036906323517
167.05278693122335, 92.58156519214393
114.85605694506793, 154.21558685715567
177.72707296533463, 15.769596500969318
161.97213939288758, 135.70187139418647
173.4584433295606, 159.2380786617447
118.53363699914337, 190.7091320231169
120.36856791170338, 0.5845915022538284
186.69642034084112, 52.722452567053324
185.39288727451347, 122.02868041529882
109.40869582637973, 191.49639578911533
122.51475764242066, 100.85292987165
103.11956793340967, 5.838737845020492
125.24606928178666, 90.65420410825335
122.6347590171518, 27.543629690397566
182.66657929371962, 12.594227938891024
129.2342235846432, 127.60866961994068
166.39083983017943, 6.6073150943943615
137.85795177215502, 49.212043747294466
125.57786705236747, 198.19845703606188
172.02841356733757, 169.00133932425564
150.73814124488266, 51.786497784733854
165.71366094370558, 42.9187607015655
137.26367050127865, 114.91797523825262
145.27601329223972, 33.04706958105257
146.09478002799733, 165.87118594488885
159.75042255489353, 124.13678450256509
162.5063939212958, 176.35632725298274
122.09870064478083, 156.01305114426555
119.37523822167358, 172.60431416773145
114.83691344317963, 139.2501728946387
189.75502283988263, 63.985605367454724
183.00094267424623, 128.95206240431278
137.62761767495385, 73.38784640059102
197.07378870766442, 68.17968186087097
192.78910709965695, 29.194533872494798
126.23193562735611, 3.9377352540930666
166.10114763858104, 131.74307730128513
139.2945831290735, 135.74574577143213
191.0957872855844, 177.73256985264388
164.42593567994456, 72.73986742135492
118.78054186422945, 187.40317472031677
135.63019742702141, 77.91714645008685
127.01496448844631, 67.94275036953917
147.7249290413125, 117.69674333109296
164.0843252706665, 34.79908864849883
171.67422592866103, 100.68713134625456
179.4895403192867, 39.27939320782428
128.31658992326368, 123.97985347202479
162.46702149264186, 186.32210681273162
114.31277944516573, 75.72888294485676
109.40650917418408, 154.16813648730465
176.35897606720806, 185.44168890176164
181.52245772473418, 111.95896869086216
138.72573292994255, 120.37288397520484
145.35034442477257, 86.59244641243245
144.38387254111143, 185.42042377223177
189.43945207689114, 26.756810711539657
118.10844061669005, 21.42781496365018
145.54492377655907, 142.99126884162675
148.66686668341723, 99.33475914121206
100.8516886939952, 28.001659632570508
136.12328993359844, 17.68981693212894
172.51420581653673, 28.091667977787328
186.83059504515984, 58.60746762810671
144.67277791721716, 72.84752617893484
152.37937072439811, 149.07184345754803
129.99871263391867, 157.79349824235044
195.88387604982333, 27.07557358033279
