160
75.30911056331027, 145.24419821437962
49.42523670591165, 124.08384688978748
51.76561701400411, 86.97781513715128
25.424337066857916, 173.599728786035
36.06748951393812, 68.43045558514953
82.45038206148723, 117.28223811530107
9.110296270691428, 113.44938611620918
66.5893265500033, 89.6362434095406
9.498354765413424, 7.1250692021747355
82.61010750059458, 77.67881371586157
59.37770969536004, 161.98650280883763
80.19839570966703, 171.837825176061
86.07471435497648, 123.1454024822165
44.15947645580853, 55.35374939166936
63.14776055681808, 189.45248889885798
2.918201296553491, 52.217589069675356
95.67290523898764, 16.457330427338533
10.59483187657162, 102.3692916582021
80.65599488986796, 104.59207274417675
74.30759688535464, 67.10440153556337
69.30326507657159, 51.04430656135912
3.833429836061353, 71.59936623658363
53.93573768741925, 84.64676962015183
65.37690704615238, 4.11393145668042
35.78420481391436, 153.24318319351232
1.3894916672249402, 45.814026475744775
95.5995126965579, 33.534121767814916
45.868926019725166, 106.12947411730359
19.225841686762035, 168.03319093065105
93.33781593104099, 47.87713283872708
55.6874552752581, 46.67588948437815
79.87432320408261, 33.21331174622613
70.0071829081648, 9.368714964946644
85.43250839080751, 198.48055141441947
64.40016634632906, 121.01315013347272
33.581229408823084, 118.8504114057144
12.51377343753508, 57.65548936060934
71.06138774388468, 80.41480149198021
25.400487692023177, 156.4408658730227
22.189338246054756, 135.31432142715263
53.97250435003031, 139.10378311049465
97.46694630292724, 133.00502454035149
8.778573449659, 87.99323031132637
73.3198825972279, 56.15451297708787
98.78210568003009, 48.47063269040606
64.68497749701196, 141.25855649616426
49.480168232560374, 89.31725347223738
96.06639941687115, 137.06824858926961
65.53558509043455, 68.7770709553121
87.01746035612939, 98.9065849975303
30.73407320604773, 0.5493249795616162
28.977335873544547, 99.48117911750823
65.7310845690906, 61.38901651053099
60.820393446411536, 135.88775778093014
33.993602012819466, 41.23455324381926
24.354706053820497, 70.98856877810631
18.821291259859507, 93.7859557404783
81.58559678454323, 79.85832965967707
47.201097283302445, 14.327347602284643
31.295986280788345, 127.21451100306753
3.001198907155145, 25.657931371775167
80.4802120476232, 199.49711041317272
27.52828156489322, 170.34505625175467
46.6046184145716, 83.01794470201493
28.59774498255342, 144.40464111328322
51.89723314098886, 145.17928644594414
95.77671799746126, 182.22965225658652
76.21248737896005, 80.0251869393382
9.093373039748087, 4.722683258959304
31.118727640450267, 190.05794614296968
63.167042327871016, 80.0919811559719
97.69044201919061, 35.485340791516684
55.05187232426123, 80.91300306765048
10.865003809916075, 133.54990418721945
53.32036710476345, 189.67334661461962
53.239701208020264, 77.34751262817329
31.232338135458438, 3.229479518823908
70.57088961288777, 14.102848738660953
2.8910055001303405, 59.28671466729831
59.206477370534486, 139.74078874185756
124.69088943668973, 145.24419821437962
196.666357170738, 160.22953079165094
148.2343829859959, 86.97781513715128
190.71022979760258, 108.47397201271389
163.9325104860619, 68.43045558514953
117.54961793851277, 117.28223811530107
152.76111759915912, 56.03468910729601
167.43352564658315, 141.82767245349982
119.47697001885193, 42.40481592278043
117.38989249940542, 77.67881371586157
101.60249587706942, 197.02205228909318
119.80160429033297, 171.837825176061
104.85375365794401, 148.08589238745284
174.84888835436425, 117.6690318765748
188.70168494216443, 171.3403269921364
121.23602137029675, 9.362539045600204
128.26272977804575, 23.882043907655515
189.40516812342838, 102.3692916582021
119.34400511013204, 104.59207274417675
125.69240311464536, 67.10440153556337
130.6967349234284, 51.04430656135912
196.16657016393864, 71.59936623658363
163.03183552355756, 23.592149233466685
134.62309295384762, 4.11393145668042
125.66675858557302, 106.44266515222249
198.61050833277505, 45.814026475744775
104.4004873034421, 33.534121767814916
165.56587987575648, 91.43205227296767
180.77415831323796, 168.03319093065105
106.66218406895901, 47.87713283872708
144.31254472474188, 46.67588948437815
107.11249354854473, 0.5718372607562028
129.9928170918352, 9.368714964946644
134.51759648109072, 177.87601519415026
135.59983365367094, 121.01315013347272
154.75056355735242, 165.68562380860422
187.4862265624649, 57.65548936060934
128.93861225611533, 80.41480149198021
174.59951230797682, 156.4408658730227
177.81066175394525, 135.31432142715263
146.0274956499697, 139.10378311049465
156.00715982854211, 120.93946372745617
191.221426550341, 87.99323031132637
126.6801174027721, 56.15451297708787
132.55948294605273, 77.52574638836623
144.0128994673977, 90.13639234521442
167.08005823532582, 10.560366602169214
103.93360058312885, 137.06824858926961
134.46441490956545, 68.7770709553121
163.0618493267421, 102.93663932435481
169.26592679395227, 0.5493249795616162
148.05907420126346, 138.10829605106224
134.2689154309094, 61.38901651053099
139.17960655358846, 135.88775778093014
166.00639798718055, 41.23455324381926
175.6452939461795, 70.98856877810631
181.1787087401405, 93.7859557404783
170.55891937654937, 51.3982200098702
101.84332135135745, 8.294056630257597
168.70401371921164, 127.21451100306753
196.99880109284484, 25.657931371775167
119.5197879523768, 199.49711041317272
172.47171843510677, 170.34505625175467
153.3953815854284, 83.01794470201493
171.40225501744658, 144.40464111328322
148.10276685901113, 145.17928644594414
169.7304334979428, 138.23779618067275
123.78751262103995, 80.0251869393382
190.9066269602519, 4.722683258959304
195.52081200576393, 131.50036321258446
136.832957672129, 80.0919811559719
102.30955798080939, 35.485340791516684
144.94812767573876, 80.91300306765048
115.24411757700948, 59.801710887431184
106.75291229174874, 182.35661625889884
195.13831472489937, 93.9456461324368
168.76766186454157, 3.229479518823908
190.4720862502551, 66.88275510427701
150.2725686466675, 116.8210055840108
140.7935226294655, 139.74078874185756
