160
53.70436051483238, 198.54873923197488
56.211388582181, 13.390671320196446
96.31538361371729, 187.60161503284405
26.402518289362476, 60.656032569620955
41.158929637738815, 194.35427447486134
41.89959500765986, 181.81419528529014
59.521436329868884, 102.36773618834911
82.78204277645852, 163.30266171251105
92.34118758205614, 106.11823536954145
96.95250361149488, 62.78738531503161
46.45354506962847, 189.80169320719858
77.72357846103351, 35.36528769080023
68.91421115589796, 99.72614844436596
28.361641078249654, 99.02373861567844
67.73238117112534, 23.211976525455945
76.89741588071408, 97.86034545130748
13.298356449003833, 145.7618076129314
10.938543188463568, 94.90946569622638
97.16832219478437, 141.28251561745432
27.82119563446145, 58.782779281878625
74.12849067226315, 160.356419794902
53.39248414125455, 169.68187820876116
62.03719806112997, 67.41866940809564
77.61759359722504, 45.244031233083604
98.95228426796217, 127.83988311719672
0.7822725335889236, 93.31836682032903
83.23146362899472, 64.90447934379249
25.232375666165574, 35.01986148139502
70.5925368948379, 5.799936321563903
35.51255037369413, 133.27338201711748
25.351694437321935, 84.88232253586764
26.10457216475004, 74.82692050318495
91.51779809968475, 82.08664954561438
96.0589353450622, 20.42510322986346
13.20124965651761, 62.84261273923206
31.649852712953386, 180.6513265862506
32.36561312024738, 15.966488136553059
20.852942037660792, 29.358487243975183
47.37796146219089, 77.67077322269674
78.73418386045691, 172.9606728488758
3.7400407332665697, 25.093460851566984
15.781892513183848, 59.81140938576892
95.10783036207154, 46.106331890904094
21.572418615369127, 192.02498341611164
41.02595105302832, 118.89010687046999
4.482243733356217, 120.74845144368311
80.41234522935325, 127.80222251033256
86.48570809161733, 168.320121599906
37.54368359758651, 113.45825195494508
67.01344080161455, 28.33028541905285
99.71535450994658, 124.86750090473906
7.751132076240408, 55.12347626907146
18.718184918241587, 31.387177350339247
52.60797079661804, 157.92998836909948
88.69698879198559, 149.4153312541189
51.65227341862474, 2.8188581084039432
44.4724945607905, 117.5193804503269
68.40044898671601, 85.73875692762233
32.268091420006805, 157.4802559914408
41.87858993802575, 16.333058794002973
7.88192033629832, 160.06118881086942
87.49025667081091, 0.5275568698200672
75.65105799689104, 121.09420395714108
90.92154533386645, 28.788302767532947
21.934311168167607, 93.84422680889715
26.128473378144268, 94.07406841199392
60.65294102166365, 29.61635937295184
62.90593046768902, 44.23411095507868
87.1836421849418, 99.84296876727899
33.9098226033831, 87.05760690648493
60.253298270703304, 11.772016604644842
12.962494157663896, 27.32993903459051
0.7399422586845783, 73.19670861293652
3.4614959908697895, 47.091215494883045
9.936295501462055, 33.03615085945002
56.92664232688032, 0.5640386081701587
54.795841768583664, 96.6228211087142
41.9844904173456, 104.43316002835866
96.32856953533589, 78.95937128989455
91.31723010937905, 35.5040207136178
146.2956394851676, 198.54873923197488
143.788611417819, 13.390671320196446
103.68461638628271, 187.60161503284405
173.5974817106375, 60.656032569620955
158.84107036226118, 194.35427447486134
158.10040499234015, 181.81419528529014
140.4785636701311, 102.36773618834911
117.21795722354148, 163.30266171251105
107.65881241794386, 106.11823536954145
103.04749638850512, 62.78738531503161
153.54645493037154, 189.80169320719858
122.27642153896649, 35.36528769080023
131.08578884410204, 99.72614844436596
171.63835892175035, 99.02373861567844
132.26761882887467, 23.211976525455945
123.10258411928592, 97.86034545130748
186.70164355099615, 145.7618076129314
189.06145681153643, 94.90946569622638
102.83167780521563, 141.28251561745432
172.17880436553855, 58.782779281878625
125.87150932773685, 160.356419794902
146.60751585874544, 169.68187820876116
137.96280193887003, 67.41866940809564
122.38240640277496, 45.244031233083604
101.04771573203783, 127.83988311719672
199.21772746641108, 93.31836682032903
116.76853637100528, 64.90447934379249
174.76762433383442, 35.01986148139502
129.4074631051621, 5.799936321563903
164.48744962630587, 133.27338201711748
174.64830556267808, 84.88232253586764
173.89542783524996, 74.82692050318495
108.48220190031525, 82.08664954561438
103.9410646549378, 20.42510322986346
186.7987503434824, 62.84261273923206
168.3501472870466, 180.6513265862506
167.6343868797526, 15.966488136553059
179.1470579623392, 29.358487243975183
152.62203853780912, 77.67077322269674
121.26581613954309, 172.9606728488758
196.25995926673343, 25.093460851566984
184.21810748681617, 59.81140938576892
104.89216963792846, 46.106331890904094
178.42758138463088, 192.02498341611164
158.97404894697166, 118.89010687046999
195.51775626664377, 120.74845144368311
119.58765477064675, 127.80222251033256
113.51429190838267, 168.320121599906
162.4563164024135, 113.45825195494508
132.98655919838546, 28.33028541905285
100.28464549005342, 124.86750090473906
192.2488679237596, 55.12347626907146
181.28181508175842, 31.387177350339247
147.39202920338195, 157.92998836909948
111.30301120801441, 149.4153312541189
148.34772658137527, 2.8188581084039432
155.5275054392095, 117.5193804503269
131.59955101328399, 85.73875692762233
167.7319085799932, 157.4802559914408
158.12141006197425, 16.333058794002973
192.11807966370168, 160.06118881086942
112.50974332918909, 0.5275568698200672
124.34894200310896, 121.09420395714108
109.07845466613355, 28.788302767532947
178.0656888318324, 93.84422680889715
173.87152662185574, 94.07406841199392
139.34705897833635, 29.61635937295184
137.09406953231098, 44.23411095507868
112.8163578150582, 99.84296876727899
166.0901773966169, 87.05760690648493
139.7467017292967, 11.772016604644842
187.03750584233612, 27.32993903459051
199.26005774131542, 73.19670861293652
196.5385040091302, 47.091215494883045
190.06370449853796, 33.03615085945002
143.0733576731197, 0.5640386081701587
145.20415823141633, 96.6228211087142
158.0155095826544, 104.43316002835866
103.67143046466411, 78.95937128989455
108.68276989062095, 35.5040207136178
