160
68.28031260320421, 180.3962879936856
95.74865508952264, 48.13752569265266
74.46780860615475, 84.09566868923368
42.09134249566594, 130.26296453948356
5.578657807678344, 99.46109774019408
21.24146607237628, 81.09306342976821
75.53509550726821, 62.43087448304101
10.235884521499228, 117.88202515717174
80.30718359193469, 87.19787041936384
72.84198430417148, 69.18294776249996
96.26948735542724, 64.26486272612237
24.653864151890627, 146.49815775252287
98.12198024949902, 73.71392255232492
97.55689167046333, 182.9808282471911
98.76275482849456, 52.25981395644395
16.07085561517646, 64.08159205381203
37.95613796263346, 83.10951485655953
35.32273604567211, 162.96880889086466
18.680645174313938, 153.70212152683996
53.648541024345306, 181.37135474946658
60.90793261339713, 22.41358748137392
53.32980329413179, 160.03904441470686
90.38966972114292, 140.36984595263888
40.23053785916998, 53.63992071841541
64.0506725040563, 103.45360784304671
20.11745576385585, 15.582287282214072
76.05503434020781, 151.62697452876571
62.80043396411291, 14.098523038504073
58.230731306793835, 74.47630047299873
18.311935686867475, 39.802656393979
51.30801214086632, 179.79593795061146
99.08927041805518, 38.46877822586134
64.90551693752667, 55.67083161319435
5.999220940410332, 96.26594393256018
25.014180147050126, 182.269731327597
68.40862384446933, 119.10490200093506
22.410498797932366, 124.57093876742562
70.33804758809045, 144.89827770322728
85.2063679498669, 60.50273876160237
0.7240339820106527, 65.34505246764337
67.45223443011807, 88.67425299832823
23.808023803569178, 135.33688668077485
86.54857421431153, 184.5294013020676
11.373951751570566, 173.6508565153646
21.013065360966223, 97.66502380601824
45.401446163047076, 197.94272122170514
63.83989908492992, 186.4916628039623
71.4396666769899, 90.59438294567306
80.47163082585303, 97.4765129874785
58.51852662910058, 140.11017450193253
89.34908994685578, 198.5676376215413
12.423932680281723, 138.2782959228574
23.808092475508115, 161.77725801571
62.83455054640501, 57.07610182745406
60.41274271328142, 154.81610142822134
26.152200859860976, 186.74827058186108
81.01875453779493, 10.806264744144812
91.08628673989512, 58.276435398951044
90.4369246417815, 144.11997710302904
64.76869729549179, 49.593563649368136
33.62207020327873, 144.47153456611875
7.159650103824163, 167.21175287383087
56.321376519725156, 88.735246233251
4.048109516004594, 153.8554787965231
50.962543349976855, 86.34057306392147
30.528504419497505, 68.46468003960851
83.37047352925737, 56.90253191162371
73.18196261259206, 97.26642843430662
91.87734111738584, 145.22774122614862
36.311487497656486, 118.56966718644816
25.793176471552183, 12.08603517092579
45.946715130187386, 166.0839784068342
69.2799670274764, 105.3117991397998
72.16110193755301, 118.86504275234407
70.76472486025973, 22.64530740413353
43.08322368055414, 1.6467792190487218
70.59522631110602, 43.59028637556279
62.5599176934528, 106.82745709982801
34.764742653438155, 73.8013741272539
21.417540246643252, 30.507010407722678
131.7196873967958, 180.3962879936856
104.25134491047736, 48.13752569265266
125.53219139384525, 84.09566868923368
157.90865750433406, 130.26296453948356
194.42134219232165, 99.46109774019408
178.75853392762372, 81.09306342976821
124.46490449273179, 62.43087448304101
189.76411547850077, 117.88202515717174
119.69281640806531, 87.19787041936384
127.15801569582852, 69.18294776249996
127.52366229529885, 57.191106490781785
175.34613584810938, 146.49815775252287
101.87801975050098, 73.71392255232492
102.44310832953667, 182.9808282471911
101.23724517150544, 52.25981395644395
183.92914438482353, 64.08159205381203
162.04386203736652, 83.10951485655953
164.67726395432788, 162.96880889086466
181.31935482568605, 153.70212152683996
146.35145897565468, 181.37135474946658
139.09206738660288, 22.41358748137392
146.6701967058682, 160.03904441470686
109.61033027885708, 140.36984595263888
159.76946214083003, 53.63992071841541
135.9493274959437, 103.45360784304671
170.24621811447446, 6.516133543806735
123.94496565979219, 151.62697452876571
137.19956603588707, 14.098523038504073
141.76926869320616, 74.47630047299873
181.68806431313251, 39.802656393979
199.63411061526884, 142.77534128020136
152.78025711831074, 117.18506420708425
135.09448306247333, 55.67083161319435
194.00077905958966, 96.26594393256018
174.98581985294987, 182.269731327597
118.79591990909, 181.86155516097423
177.58950120206762, 124.57093876742562
129.66195241190957, 144.89827770322728
184.46136084641262, 87.64181612063302
161.55630064831007, 64.68339376259186
139.85064055498407, 134.10637673756787
176.19197619643083, 135.33688668077485
113.45142578568847, 184.5294013020676
188.62604824842944, 173.6508565153646
130.70289417096546, 49.063410584259
154.59855383695293, 197.94272122170514
136.16010091507007, 186.4916628039623
128.5603333230101, 90.59438294567306
187.42842102941418, 134.26302269691627
141.48147337089944, 140.11017450193253
110.65091005314422, 198.5676376215413
163.24543843192376, 144.41466805560324
176.19190752449188, 161.77725801571
137.165449453595, 57.07610182745406
139.58725728671857, 154.81610142822134
173.84779914013902, 186.74827058186108
118.98124546220507, 10.806264744144812
108.91371326010488, 58.276435398951044
145.37412327368278, 69.12400332118385
135.2313027045082, 49.593563649368136
166.37792979672128, 144.47153456611875
121.65262389038853, 197.9454332258257
110.85991098400478, 67.69605865633257
195.9518904839954, 153.8554787965231
149.03745665002316, 86.34057306392147
169.4714955805025, 68.46468003960851
116.62952647074263, 56.90253191162371
126.81803738740794, 97.26642843430662
108.12265888261416, 145.22774122614862
105.71846167567884, 192.72462357297948
174.2068235284478, 12.08603517092579
116.64278216125261, 101.48251904303905
130.7200329725236, 105.3117991397998
127.83889806244699, 118.86504275234407
129.23527513974028, 22.64530740413353
156.91677631944586, 1.6467792190487218
129.40477368889398, 43.59028637556279
137.4400823065472, 106.82745709982801
165.23525734656184, 73.8013741272539
178.58245975335674, 30.507010407722678
