240
59.491142010748675, 143.51609341904546
4.150465491779709, 56.58059494733094
39.87677202898457, 60.534330716877044
23.6297954266862, 192.47121568177084
49.5593272511573, 84.90974179175068
74.19119962984854, 174.38904221145762
52.190403158532256, 131.1281500021086
33.243433138822084, 117.23053586209917
39.66613857235021, 4.369521635325853
32.89520431894555, 44.917011591796495
97.9600128506024, 10.037182246042775
63.14617686635717, 175.82646769135397
0.9723838787719998, 132.92440496529392
79.10136231529994, 163.33410897681665
21.793845766846523, 61.77412123903858
54.93178439442387, 121.73523505971713
86.41058748114052, 133.58352327053274
67.30413422934895, 87.22305294714859
87.0803213198693, 193.26771671259246
33.06584033010807, 74.23270114744956
26.672064647290085, 27.38254375209319
30.442176614134382, 103.60276777127888
82.22744747580732, 196.6397556870981
65.6581883606475, 137.31986090462107
54.83832282808838, 143.28004065787079
12.976752001961174, 131.0662126002748
47.65953453326534, 6.89790908726161
79.94349201908246, 165.6803210059004
50.83313943401006, 192.73277847372356
70.24174438369363, 14.488141234567237
23.46521600029248, 184.5562306554332
90.27971938310542, 72.7709959537028
56.529812363278, 135.61938796050433
62.68600716772731, 14.108926145481334
98.43532720854068, 90.63179627283677
89.66361400600013, 70.02770520619286
70.1621545342782, 71.52223349005874
44.46623468489011, 100.35919151706355
65.76365679161448, 175.46915011699565
45.84042003910375, 168.07508697777922
33.554916911993956, 52.358956460226395
45.80593247856031, 121.05887709788009
88.69268983469973, 197.83320589363464
57.563145833979505, 73.6582467789275
2.2506709018624136, 17.671989930524703
50.15895951258928, 65.06822396957934
74.82074191359398, 130.4679248142623
60.92663347768885, 106.2914864674387
24.49312207830731, 69.05500424127253
51.479412234767416, 46.90519941775045
64.3646280459518, 27.829708876399415
77.58762185648575, 93.30818193371071
76.54249185331497, 70.34047971596493
41.86668243462333, 53.697611723360474
27.63823165216015, 122.41865031669208
68.66165990165828, 186.3796777458399
40.91951927208456, 131.99123616572248
78.0207381643387, 146.86950125808758
17.547007753461266, 164.61752162478854
34.72789823047633, 131.32744046510214
85.84760398613781, 181.8875181868865
46.36318210416847, 77.32220358822815
48.25006007289521, 184.95673129980594
63.79286306237729, 193.74847767994757
52.79001634870228, 110.76413330585288
49.19833428660598, 89.93489573536363
62.27785092352518, 134.97718920360657
69.60090204567278, 199.68191496511116
21.391619851897588, 72.06440755081154
69.66401579792297, 121.5009609649045
80.90379993832383, 120.5406464350764
8.015238170980052, 142.86731281215748
80.60450566438354, 193.56972185618622
18.067443310133076, 29.770627285756206
6.698169706792463, 62.48755510886335
85.01144536757845, 58.21798856638777
17.449640714237542, 147.91393910103113
13.382640101985807, 74.91616133808995
11.49475231892309, 88.84034883804092
91.89553053995773, 151.72389672670772
88.8771184648444, 97.28728167238872
21.244091878796333, 190.01375035173805
45.04998030067215, 61.332565236602974
26.62120050497432, 169.67793483355308
84.27977144663117, 17.985049865955283
87.19490860087804, 113.99065257454077
1.1322140856058538, 1.345351331286948
69.42454814522473, 162.8990323837451
57.31625848768538, 31.69183624482841
74.95565927601729, 39.542677675479254
62.39614249251419, 7.364442848174657
58.58599106544769, 198.31328063822815
14.973682799694654, 182.88603379070693
49.075286970119514, 196.57364229156295
81.88285824889444, 174.52672964352183
39.02119756078463, 19.73316754666612
85.3174109979682, 103.80540507640393
61.856112418605036, 145.33749750923994
73.97583204251929, 104.27389257993347
30.568600116271483, 198.4473398693349
62.13187943270291, 164.94678659732259
27.455324952744007, 8.417864422798903
91.85169927601822, 72.3422990731154
52.78014583964451, 116.2179985116132
31.128900444087172, 189.2715116499357
51.867447587084726, 70.77187686032696
54.58680276512035, 170.1460228798902
56.580684796480085, 24.218956869601406
85.64235921502393, 190.16304105759986
35.434039529077566, 49.982963794133894
5.393194554022407, 8.7867131135003
75.81234709726283, 32.47327497629073
0.08494003288853635, 174.19779695350158
18.991537492200283, 106.2086611320928
84.87835954637023, 176.81422468302773
80.92704704968128, 27.499355752513523
83.37810020442178, 179.15968209392435
35.67218486704602, 108.5111519917784
61.602204623838986, 184.68009942896663
3.378707916532553, 40.7313363205404
92.22150473675268, 98.06848440166227
53.27044114723376, 2.3201167977966675
29.587025515548547, 177.30108441968625
45.72088433691807, 106.34362671492872
96.37268185670807, 26.430842990158297
81.0233190255802, 80.67707936762953
92.72539817848303, 176.901292169645
1.1213494324171958, 67.10780812873378
7.546649822487462, 113.50669851492108
62.88010118281859, 50.81765266408165
54.79884904054835, 102.42664331266353
76.35761088046972, 105.34529967183421
73.30630153035378, 14.717221542487957
82.30837675645019, 111.9978380491621
63.21054238705598, 92.58794735824848
82.73816144381121, 51.37737785574763
36.549628411710465, 6.234615192210091
19.811644292116227, 34.696586921941176
61.07727446037454, 197.274173410705
11.341233373987725, 95.41653915923645
83.51214453281057, 137.9204273903222
28.44366009686725, 39.720841322703635
24.98125481974486, 181.33021918162189
39.00793143334727, 2.0806587840059843
15.049556350784233, 164.53791816240903
90.5837673798608, 48.52676803261831
68.29226853620474, 2.5000979889518327
2.971594058167837, 87.04500729330601
89.66974010665055, 119.18487436671172
6.29450608934089, 182.95827618922203
92.90072249924447, 141.40747025648497
85.10088841564777, 87.06858828757889
22.517865941866944, 136.56814663941122
77.86709859338445, 98.37574119589179
22.857220556806148, 153.51399765429113
10.143627589839488, 20.954772376871933
87.26356455441379, 187.3937263912825
90.0083603114902, 13.566505052697808
71.53662830062746, 60.190170872205016
16.00649599572108, 189.02366861707674
198.62751562139564, 136.59490794577442
194.50744082820555, 91.74106882679607
198.55493023469302, 57.20433258405924
188.6565048816831, 148.89437334294843
124.548180504071, 133.51802243965386
155.73066949593482, 134.79220388372636
196.9017735881987, 101.09461147359731
136.9059646021397, 70.99525404755454
191.74681061605642, 16.640960459814337
122.01815785468803, 87.4211698829259
179.96719920486444, 74.86766355116852
148.21918712233423, 159.19298916122005
153.58793966677237, 144.54494906403988
102.88234310712572, 118.06169438890792
154.96188128215812, 52.932149052145405
157.17573103864186, 188.03223863631933
118.61502899117345, 175.2278368098913
182.49505910537178, 104.84083425443515
189.80033543846244, 184.43588931443404
146.73854276410182, 138.49457018905224
133.4230831571451, 20.204665860112293
139.73447659350248, 174.63227241053204
105.92232304523151, 134.5045209834012
112.20278163662898, 111.3899565667081
125.619023137023, 186.09553305729784
172.72333844331695, 126.39711344820385
104.37290060658059, 24.93862891860168
148.42646885355822, 106.56136867905923
160.68400331353618, 165.75435313538338
188.45322640892917, 92.05444407064331
192.32297946371068, 125.62755761684858
133.0480711286792, 7.120650345721424
168.3518144283651, 169.92095254475646
131.03697439273782, 17.272051210659512
145.8362729474922, 48.9734064841532
100.1375781230336, 25.01757254121173
124.42111065986538, 65.83694420086843
111.77880348917097, 86.35390417409408
168.00926763493956, 163.8735918143751
110.14290045885005, 142.54101952961466
132.65934126846878, 11.386307750853607
187.5446164854189, 111.60676072407996
146.0719759824443, 152.1070987490162
114.46361526813754, 105.70235561921211
145.42155902299456, 28.202952043281783
182.97559614336498, 121.04932850551859
106.53795039217147, 143.74763903605793
199.23042915483498, 72.66100923970811
197.15534355944894, 1.6738085376527545
118.34188263974778, 48.4373465858432
167.73757515612047, 18.700353261908866
158.7499977677772, 155.12988662143198
190.58412283915274, 47.124737414079206
162.99760835717126, 14.627464624153298
170.35926141565164, 113.0602468681238
174.94837891132568, 184.1886811052617
106.60798940177705, 103.24597373679856
143.85107310909223, 196.8368997285996
139.05620541342324, 126.84465648165933
106.75772040364303, 189.45340163176144
160.39817661026248, 114.63413095296909
130.66583316346913, 144.20579238361196
104.97905342192927, 171.723017917326
182.78247561392052, 150.36693117357132
132.20938269599088, 42.432405346605236
197.9411980643998, 12.538880965899502
120.4475915705126, 173.2568137686616
120.17920249901253, 177.5046399585433
141.5762304466837, 110.4781148677253
199.76129779206403, 131.50111568013088
116.68955141228271, 150.38929335617252
185.59071323065476, 175.34344254901865
141.95968195770865, 162.21228737560153
189.2031191611264, 38.25804054629738
136.8058388905446, 14.477829576642364
191.204192321137, 30.738452434729858
189.74735771172638, 77.65523411814522
138.84357177028176, 32.132962563139934
113.57560758626416, 47.006919535642865
171.03531474092318, 137.5823521943922
