192
95.18327470238319, 90.06535489230559
16.03957525612808, 134.2173125969549
12.707710081612856, 27.582629649977708
34.12472426070137, 87.43163730046106
66.96317065705236, 102.46220619115593
97.13637716562101, 166.57439588323638
67.33690072611128, 67.5990693131525
74.30710864222199, 34.71460538308715
66.78466050726841, 135.28475448822314
79.80709331580388, 137.1274152061613
38.41969575984703, 98.85977184927224
38.72130190417057, 142.4091687552969
85.7114184236061, 148.96752283768143
42.971477637835896, 35.44420307724039
64.24504140666602, 79.13623907169186
94.63375078279121, 134.2598533916199
7.51362394697334, 8.441799511968668
42.48470284367818, 88.91537282644457
45.05835035924102, 78.95399358719237
22.149841583966456, 156.66170580422377
71.19175969533099, 54.10121816179302
3.1572722999857916, 147.16369828204103
85.09330370879657, 123.48003972172059
48.83159179746668, 122.48676075142957
39.191605137398255, 40.65485679636873
69.11624428061377, 131.23928391259722
67.26573171046095, 138.12746306932658
68.70592308060287, 117.05882428045071
90.27422440036979, 62.81904214582388
50.796273248691485, 23.195368496439684
95.75861109715775, 144.15939185643867
5.340093800925272, 139.25364046765327
16.261896631388634, 55.310633337180064
37.01911316968281, 136.26391713985961
96.73810725338396, 96.91515119276595
56.39048700838208, 169.23505692389944
19.357711426169885, 50.570566283847945
35.309479880163444, 154.77485345145067
18.271439574534586, 89.54413795541211
58.62135797595715, 177.46167837289963
87.03170229344249, 69.9797461067923
80.96758480045771, 93.99157382422804
26.189298157304066, 1.5511151648287314
27.050599841596235, 187.81129298988205
3.492691947129586, 44.84182429928661
88.82792808475625, 129.72170151323868
19.14807822322786, 83.24151800549606
80.38829412328556, 1.4241642138096573
41.85218091020846, 17.982128544830324
98.14617359959918, 5.6838901319485435
56.787339270735316, 32.78975247099064
59.03063970603035, 101.7203513818348
64.4857250730519, 69.04400392916828
5.843800742929606, 171.92166314091858
5.220447521107929, 190.67530568696196
79.55361129676024, 25.172557486700885
29.925072137125795, 161.3932876824802
82.87725675742308, 85.9461351380187
64.99115824609486, 81.0016845226567
40.837727494393874, 39.1118748517202
99.05220811996143, 173.87772167079316
27.218172664935075, 42.1804143032181
33.536834444726324, 76.37215086024977
88.8163512726895, 196.5763760582741
4.616299910668342, 145.860414330681
10.292071636940548, 34.97598795099517
65.75070874530651, 141.51923372305652
83.5349398955652, 32.22806164679057
24.177050863073454, 112.01468736805819
56.02834992511875, 86.54681430022433
29.084442442540784, 34.73862958871582
34.088346960771034, 163.00776486089094
32.930153806261195, 127.94657929272691
52.14510213824835, 93.14268915957193
5.840099929898979, 167.1909126650159
35.03651605178008, 110.1054792474295
46.379881287865764, 173.4020309244371
29.222879752113307, 168.66345228913994
10.902158794299066, 60.84062827814467
37.35171518236079, 176.9750400009697
23.773355439340648, 15.91291471624583
51.273087662303794, 51.280490706625194
22.477135909754764, 83.1347905062729
66.15911670797477, 93.08917878272965
86.78196172871559, 22.763247880747173
92.0443946941247, 79.06896669277394
79.50422133908818, 190.6314615582222
42.04463752699584, 155.01372872660951
51.700303194085706, 70.94587721101738
44.84233968589372, 185.48585522900916
10.830183018998628, 104.22727656987169
95.22388581456421, 106.29164692132444
62.83722863044442, 69.745250797113
48.36222095654249, 120.34084236768787
41.31861846433029, 79.4955323741561
28.976828991656067, 152.28839549607758
10.168523864593626, 179.78176724281388
3.6960292575345277, 108.78289971506486
38.47116819363987, 121.87215376594871
12.655448689511307, 63.66327349400893
71.38601100524838, 33.8674421086
33.792277379372315, 36.00233090776159
50.54556258141262, 177.00870411240305
70.05212016391704, 5.162413989524461
53.20363282611352, 118.6483782775593
26.10494594041396, 46.906648593947
29.291284806644533, 139.0121329226471
50.34509792726628, 150.85310112853531
74.48692331985032, 11.715396222952744
97.2801420804299, 177.58815453488194
1.7552424918940823, 162.12575445525502
51.71261560850967, 160.0749138665195
180.5827919996568, 78.72693935983297
183.96042474387193, 134.2173125969549
187.29228991838716, 27.582629649977708
165.87527573929862, 87.43163730046106
186.26967152348124, 75.30074080056414
102.86362283437899, 166.57439588323638
132.66309927388872, 67.5990693131525
125.69289135777801, 34.71460538308715
183.5556920707029, 65.31006195956918
120.19290668419612, 137.1274152061613
161.58030424015297, 98.85977184927224
102.4702554718348, 105.70832457112809
114.2885815763939, 148.96752283768143
157.0285223621641, 35.44420307724039
195.08819511125452, 75.98389786396677
105.36624921720879, 134.2598533916199
157.32542591109774, 33.82579757172661
160.93784635397625, 92.36166064725984
119.98989503501817, 125.68781116073002
177.85015841603354, 156.66170580422377
107.32081532947345, 51.48279786672283
196.84272770001422, 147.16369828204103
114.90669629120343, 123.48003972172059
192.82573969554664, 179.33348081056164
160.80839486260174, 40.65485679636873
130.88375571938622, 131.23928391259722
105.04847325414491, 139.85021612717642
106.39539524685135, 95.49216650033789
109.72577559963021, 62.81904214582388
110.24925569693372, 71.19982372484061
130.0566761858832, 154.51816582164025
194.65990619907473, 139.25364046765327
173.92720304284086, 110.71764532086401
104.64879057262645, 173.90187276295717
103.26189274661604, 96.91515119276595
143.60951299161792, 169.23505692389944
198.41899564023083, 98.24922218263885
164.69052011983655, 154.77485345145067
181.72856042546542, 89.54413795541211
125.21981697746226, 123.17337627016727
155.88528822227872, 113.35246601783207
119.03241519954229, 93.99157382422804
173.81070184269595, 1.5511151648287314
172.94940015840376, 187.81129298988205
136.86465576191506, 58.76962149065488
111.17207191524375, 129.72170151323868
180.85192177677214, 83.24151800549606
180.84661720268224, 19.569937536950444
158.14781908979154, 17.982128544830324
101.85382640040082, 5.6838901319485435
192.94900013358267, 78.00456564532992
167.51839690225842, 38.257377646599
137.44068673272358, 37.68152100382507
194.1561992570704, 171.92166314091858
194.77955247889207, 190.67530568696196
120.44638870323976, 25.172557486700885
170.0749278628742, 161.3932876824802
117.12274324257692, 85.9461351380187
135.00884175390513, 81.0016845226567
167.09142896321708, 92.18072694542923
102.50391596274414, 125.16210548789263
130.96745273729857, 19.267109006877735
181.6955365419823, 123.06454977051663
111.1836487273105, 196.5763760582741
195.38370008933165, 145.860414330681
189.70792836305947, 34.97598795099517
134.2492912546935, 141.51923372305652
116.4650601044348, 32.22806164679057
164.6209853474599, 135.54527027976982
143.97165007488127, 86.54681430022433
130.1454430756522, 25.07248695464046
166.10533602009332, 175.17293581723598
167.0698461937388, 127.94657929272691
147.85489786175165, 93.14268915957193
194.15990007010103, 167.1909126650159
164.9634839482199, 110.1054792474295
153.62011871213423, 173.4020309244371
170.7771202478867, 168.66345228913994
189.09784120570095, 60.84062827814467
176.48268280162392, 121.12062005755601
