160
80.91695413531869, 103.20345511855908
55.85428258220854, 139.7387652002717
96.19321128661664, 75.97291568309072
80.0476360945189, 84.35593230108776
25.888370884135668, 94.84927092793674
71.39603687585578, 115.69647367127357
44.090159630939596, 81.63366454865786
63.85496038085128, 54.68426578562076
62.44328086298275, 196.83408491542548
80.52522861612309, 156.125730831579
57.59684855131832, 22.228973436299476
92.72314531444954, 28.637887409232825
82.45266503599942, 162.46250130069245
46.65346834846836, 57.62343333281693
68.98542129033194, 64.06276908948232
14.421465667004952, 130.42790295868238
10.040487813221453, 75.54854285208481
91.4139929605112, 120.90829803109416
76.74402519000594, 135.57682596683424
25.533261794803174, 61.18473841269246
13.497797779840148, 190.00996428163384
23.599752330979484, 98.03016969794305
1.2421724489779251, 17.579363827275188
66.67569127773588, 123.8946189593975
50.03898853203231, 63.166234096066816
66.73266971843164, 107.77466179908892
17.573390949451287, 141.06361070318863
17.78246762182782, 169.20869178225612
45.911741374058295, 139.4136331472801
93.48161270789963, 9.876730537025225
30.923239825715825, 97.20971525754283
82.15395175517315, 16.111834036592086
28.34601966388469, 107.65232001504822
35.66326871014384, 123.56101824094269
12.86079720628421, 25.370030144265264
44.56630489204012, 169.77340380367
13.151183533861662, 87.61724170463998
91.58243560728059, 195.4400165721494
79.75728479688779, 90.40155778283224
48.61038728238142, 87.76602792660576
78.49360607037568, 146.56790727928188
35.87640922866909, 131.04642180391153
77.92094804462695, 140.45586009861395
37.65519939467746, 114.95201118754524
47.0485690818209, 7.752325686777229
57.31719005624565, 109.09138423243282
34.014075828237964, 155.58401861857848
90.04647059908294, 32.007151121516685
63.90965988785731, 102.0752380674
5.977483384079413, 41.36881713613734
88.50427600833511, 60.65856095338255
79.48867278421388, 41.90766415856824
70.85910817321039, 97.62494739817527
20.089883120544215, 184.9775610705237
61.6158550456766, 198.24126929782153
39.8597380850043, 146.69369960674595
93.02849096524491, 126.4973037869804
6.451539893983397, 158.93151307326409
14.312698794372224, 176.36822089948186
41.19142826358416, 163.26293036927848
71.50632713930995, 22.644872309238252
73.59434257204711, 154.91513078042257
39.156235520937834, 105.34349109746682
33.949887969070765, 28.944818867500054
66.70597104734316, 184.04950398676917
15.596719681151924, 6.590043970597722
0.5842342050768128, 41.09645358255656
74.95401125228155, 124.85154834645105
80.5744524456358, 161.21019651232777
41.573971475870124, 36.607473250953404
53.18549407427548, 96.93447445658609
78.11780718761413, 103.30051241240605
66.49106038192228, 98.20704395790324
63.57924706393088, 146.73321945946645
85.35718963203124, 95.18230203882888
78.45530687336621, 87.39509638048551
81.78405921778905, 166.9143975865622
26.834812425876812, 84.6033790695108
25.204249468726573, 176.85670961077344
18.24997453029546, 74.38963649624269
164.84076428125314, 176.2208794824329
112.62411283873041, 198.4589771263315
147.06739946345127, 6.333737623953373
155.56269637210272, 150.36353168649345
163.49452497777128, 135.98239273539286
119.10462557319673, 136.06870280502994
174.29193704188532, 37.34725807056958
169.92998716969632, 46.56316617789742
194.17361544073157, 193.67109523085074
148.17159932978768, 189.93465304221834
116.29871130317007, 54.03050307527471
161.0025062317028, 39.833454541122215
180.92715685891704, 101.0080894377339
127.41336733106561, 102.14127631175872
176.92164805766012, 24.35684615576097
120.05065202855877, 195.33492745865252
159.83412524708422, 135.07928895418252
111.29328276437242, 162.93748096614937
184.01161736361377, 109.21619804405822
180.17661884209548, 119.93911312145677
178.9423568082667, 173.40482779783065
150.4427338154894, 23.360862949619566
120.80334095251283, 15.727892295109513
145.6937188639863, 73.27859606762841
155.7699016056358, 61.19917174056002
140.21992645243685, 185.89125546548127
137.86988815618088, 82.80204343452726
105.37168595002649, 194.40346673931816
132.26517177415047, 92.32336298248866
109.02282887349845, 85.32452332819716
128.31303891680471, 138.5464028840113
120.00687551995767, 81.97513776162286
198.21238312335544, 80.1482259104103
170.53794806506224, 83.56687608876253
189.15592295344334, 17.408450913234752
159.10271251395892, 152.07111932942234
131.5878443982705, 147.6185590861193
170.1410167332055, 129.78099037242814
131.60289431553065, 153.53609409802527
189.48994422718025, 146.40099819394158
123.54720970066074, 180.54152499761574
128.73166577753224, 173.49695427885214
163.15912184152668, 175.5751450210243
172.0982728049776, 153.76369847269197
103.95023354700857, 5.548868137723306
137.26106795609982, 148.72420676507534
128.2552217111794, 158.30769748320216
138.7228418287367, 12.105789991362714
160.33294906870557, 49.55254763720951
146.24618028794848, 59.41460447250719
171.81443768103628, 5.106112484691705
116.42611177550359, 23.41288880557155
143.44352674860463, 38.63540244250589
159.47392635760463, 186.80127002031548
108.91279176149908, 167.08246045733696
162.97326675616995, 189.74691436776942
113.73644228700677, 150.25572398638033
198.72221849634795, 111.46521360247338
152.14872281219004, 159.95034766571678
176.93201068535336, 139.9927280712187
149.28333211816602, 70.27569149498525
143.05706644287366, 154.83822274296318
119.2263256273007, 128.37501547034
153.39694861471366, 52.211941209380576
178.1856430378836, 190.2981522584816
118.05903043703607, 1.6805335133659893
194.31414920612195, 110.4126290376025
123.69218906758749, 160.1325813226458
125.56831479355597, 191.06744728361784
114.07730622712754, 24.945273621967633
179.22108345972256, 58.171048608218136
139.26704861584915, 110.06270214395705
190.01610016706826, 140.17956664517743
112.68916246147126, 137.06079719717414
193.40784534898893, 121.44952694172018
168.80601599625754, 137.6661461184483
131.83286008216095, 170.88560269916326
193.57044275365828, 46.65520744379346
105.1659077800087, 132.1465904438436
124.02066827752259, 128.50121680629363
