160
83.28886143183456, 78.79066050229505
25.44993802962272, 196.90327742420584
62.21850636154352, 3.7016174901380765
20.39064838818797, 135.3203169173859
99.15837773899842, 51.60025811573555
34.603262790625166, 192.86278536026904
81.40677223792581, 149.72968419102764
46.38484945014159, 46.21468389014023
43.5282467487121, 54.1896306308187
91.72426068698121, 100.11187934021166
22.994463628894096, 13.449285783296855
64.59616673388908, 77.15430743078984
69.9939177260371, 52.04384137234093
18.214475283154165, 4.913940931682403
59.14537819117688, 171.91040538609894
65.81426673280086, 197.85197538818
48.37247392675499, 144.79129401140284
71.33040614112, 89.5321440538186
55.31833491055342, 142.98282232086405
81.59572911680476, 42.29452944444463
49.59368303141348, 24.006203503396538
11.46927544275487, 145.35171133285522
91.48251790601793, 164.4477201986847
49.457096164092576, 156.74163328288327
27.877738255154338, 78.53028933437389
17.75644119349018, 79.25522762915227
84.88965047225827, 199.35062603538802
74.62492767299051, 99.23308667908259
80.72748553878378, 189.30212642557368
19.150656484395526, 134.0492635179829
76.1741639826497, 89.22558777028131
13.864064581988345, 51.65493882414276
78.43834669205717, 172.38057412579755
88.03867953953024, 27.746375886132626
94.13772929521528, 87.65181202425198
90.51857531387549, 138.7123637390632
82.14347834248593, 39.489462979255016
56.979377054318014, 152.72150708176798
59.3812530333153, 117.46194274609663
53.23849357908551, 128.2434532974658
74.41171568579388, 48.9867619166247
49.02686765038432, 192.62588436356913
84.90784189125698, 145.67869244849413
26.22992554167023, 49.85604923614228
34.21148879726928, 139.45770623430792
21.42000578566713, 102.09155081920554
68.56252938847403, 75.2873901455122
88.74832870585205, 173.2955451417566
31.643339206462862, 1.2535390647636646
60.33842032920449, 4.446898844479897
40.08796423600728, 103.24908879727788
27.01327695387333, 193.2276460893961
24.53885195739619, 8.394713561676092
48.23611576442123, 37.030040718388065
22.258961021275127, 157.05584411419716
9.55001970171251, 176.40725930590668
30.16900224644531, 145.2738517050613
99.09026170422221, 114.76793747852243
73.1443620377453, 27.12402446292701
50.27888452651595, 10.475873508236404
84.87003495987196, 112.52819038124649
94.3435786694607, 149.56728741950548
40.41803557878949, 53.742326059589885
99.55134427734505, 162.78742847084771
32.8695317914655, 98.08875137462213
86.83198375867771, 69.69775785180173
52.017583982384416, 185.3450866821319
25.595573108731386, 1.0118526114248851
3.964217936852843, 197.60725873128246
89.01903704485835, 88.50094112465486
92.90495992663035, 23.20020877988249
38.11367558829952, 135.64263651200787
82.5438823552799, 74.63119720056046
98.77164769384007, 89.59532782301778
76.93898436423738, 90.73589905213026
23.66887000352117, 169.01100902927897
50.84204714598509, 91.17269278982555
74.34340160199767, 121.42338025935506
99.99685287205997, 13.361187522062696
30.430422957532734, 127.46563009023235
151.03789903676127, 116.14385938042804
174.55006197037727, 196.90327742420584
187.83816501175195, 30.585342341034448
179.60935161181203, 135.3203169173859
157.41868304124648, 15.564703049746775
114.44606246822349, 113.7172067957101
118.59322776207419, 149.72968419102764
153.6151505498584, 46.21468389014023
140.6989318841343, 86.31463039682184
107.51713065098649, 54.20102427728031
157.65535779899318, 1.4553410760528296
135.40383326611092, 77.15430743078984
130.0060822739629, 52.04384137234093
181.78552471684583, 4.913940931682403
140.8546218088231, 171.91040538609894
115.42471080021475, 140.21884480645966
151.627526073245, 144.79129401140284
159.6662423363996, 52.91348713913104
143.4107768095733, 64.9888490391212
118.40427088319524, 42.29452944444463
182.80383330967098, 0.9369928668971461
158.47211195176956, 175.8011614890729
108.51748209398207, 164.4477201986847
183.73803582630828, 106.82262048351095
172.12226174484567, 78.53028933437389
182.2435588065098, 79.25522762915227
163.9686519018286, 151.2040513205427
125.37507232700949, 99.23308667908259
168.4118510652265, 194.83373211495638
160.90035380195562, 194.146922328544
123.8258360173503, 89.22558777028131
186.13593541801166, 51.65493882414276
121.56165330794283, 172.38057412579755
111.96132046046976, 27.746375886132626
105.86227070478472, 87.65181202425198
182.87643781587317, 126.94110542469213
117.85652165751407, 39.489462979255016
143.020622945682, 152.72150708176798
140.61874696668468, 117.46194274609663
103.73281758836771, 189.75341922318586
119.64926025222906, 95.16742785812748
150.9731323496157, 192.62588436356913
115.09215810874302, 145.67869244849413
173.77007445832976, 49.85604923614228
122.42507519050889, 97.97403171133179
178.57999421433288, 102.09155081920554
131.43747061152595, 75.2873901455122
111.25167129414795, 173.2955451417566
168.35666079353715, 1.2535390647636646
195.46774230034933, 56.15620759453919
159.91203576399272, 103.24908879727788
166.88380381499957, 175.29649455006924
175.4611480426038, 8.394713561676092
151.76388423557876, 37.030040718388065
177.74103897872487, 157.05584411419716
190.4499802982875, 176.40725930590668
169.8309977535547, 145.2738517050613
100.90973829577779, 114.76793747852243
102.0951574306427, 98.08698400267406
136.83491466912818, 19.72903671962827
160.31757057948533, 123.70048570967565
147.07003998054114, 174.7348662881077
140.01572813029696, 36.82526812439286
100.44865572265495, 162.78742847084771
167.1304682085345, 98.08875137462213
113.16801624132229, 69.69775785180173
147.98241601761558, 185.3450866821319
138.36505475191848, 69.80378332367998
196.03578206314717, 197.60725873128246
138.724327554912, 115.33201339180319
107.09504007336965, 23.20020877988249
161.88632441170049, 135.64263651200787
117.4561176447201, 74.63119720056046
101.22835230615993, 89.59532782301778
153.91610625940086, 31.810023542682252
176.33112999647884, 169.01100902927897
147.10867571879595, 152.59694688404798
125.65659839800233, 121.42338025935506
118.2087517107148, 13.675033165760485
169.56957704246727, 127.46563009023235
