192
91.23039912890353, 153.73792900548696
44.9678886607467, 82.08795724691613
79.91937141013797, 11.422901148244048
4.117738862933318, 135.2668526408496
45.91704132228598, 78.49657922028004
15.60898314650736, 79.92719274675517
64.63554358040071, 68.80337275268451
99.08750618462227, 59.64989454388749
79.88869955081755, 135.35823370321003
51.86779456288281, 14.64515611156354
73.16566832219263, 33.03566331864678
93.88686455126177, 35.94569162085188
9.991676707641084, 107.90249581791427
55.82790471548016, 193.64529794829713
47.65140521449819, 14.374744784263815
10.811482284551488, 26.00407641041107
36.55421573129778, 155.08341781363313
96.4001886574369, 170.8130148952799
88.83678676733189, 59.35004175563894
35.95972544317749, 59.172454853898856
24.666428347481972, 14.720793070454775
58.47491106906584, 112.61300561850769
80.83453621146619, 7.520411293173468
47.509190461665476, 88.23089043151901
92.62342833717395, 81.57804514401181
92.03262016932273, 72.49355872512075
75.44705873850431, 145.13480481167068
7.7822225362746185, 27.621264740715247
91.51197014571137, 51.83541223210848
5.429506977682086, 173.35096953454058
23.732229542428808, 72.1770499194536
98.70573852866403, 25.878677998052126
74.8666940705413, 26.06672848395093
5.031884395363573, 95.98871002040849
71.27605704265662, 144.98119684113607
55.69694777071912, 52.77591678502842
70.40590389186455, 176.01658440471837
63.93484501174116, 92.27550917499204
92.99416429968899, 131.05048514075287
81.76547455702628, 52.49263556718768
24.47930109434425, 196.26850427789145
89.261333964543, 69.21655178521782
42.34641969401509, 79.85927705223
58.502001019203945, 4.218038225178411
25.21544183415967, 79.64137548521117
96.29905037110754, 152.78855291401717
30.967159787937813, 50.754507739035844
12.9661191799628, 56.83589369191176
42.727212376491345, 102.71967361030457
7.584236195504845, 68.71463106559081
41.549963983795024, 17.2662074199571
81.32729666368641, 43.89456853657432
5.851683160011934, 161.86065997105453
88.25408880384424, 83.76271434942781
59.723913726447975, 72.78492742836158
38.192531986858484, 192.4335420340759
57.31977377564134, 34.3679450727123
57.99143529646387, 74.76115104987385
85.15086806862915, 84.09815068807391
71.68021380860843, 77.79117489696799
74.33138673597352, 108.40708675241922
17.428475421008592, 79.62584123204137
13.6672742706629, 12.636911869172529
84.3087864078333, 138.77836483030734
50.25097598131363, 168.8799286695261
37.796000197221026, 114.17533707721357
49.19249587773851, 30.760791330787306
30.87423912372873, 75.62602200288215
87.67306789185209, 182.53348430527615
73.14535295552676, 13.698056120375956
80.06606404177215, 75.37839681889149
36.0652888150933, 9.462620856201776
98.39045317712068, 71.98363941734851
50.5362245692823, 88.24025615289209
42.25365712474988, 39.97548959898456
56.31510667442148, 159.07184175673302
24.719928468624786, 184.53859765022563
9.844185299581598, 119.6073479075136
23.717379495706894, 161.0334318837825
86.84854246721576, 92.38312517781455
71.13549505113834, 55.79693537714534
52.05532608501401, 63.7654184484155
35.85030524135199, 80.07705408857377
37.09884508704499, 101.50694153713027
29.582537405746766, 69.6702516169925
10.928051846574338, 100.50293024338504
55.07341870197241, 104.13862842352582
53.00787940642719, 97.4794124790805
77.29132168706427, 107.34465573305935
12.84405985641065, 168.76854614239184
92.69091816288133, 156.11729953634048
45.6971568026387, 49.57781173843381
0.4557804413305444, 115.35717771418452
93.48849469812951, 111.58246070672449
88.52513546604355, 41.13407433797845
5.878338965162144, 146.24516210066292
3.8529335863915604, 40.03452465651796
89.59182151038725, 100.49985593605682
24.505646147020542, 57.47896086482071
60.971200916508415, 106.92076249186482
83.66520342097206, 34.78548319593773
1.3142546805182898, 163.1181458511951
29.736678150579632, 6.310489088589821
10.833445367256267, 46.18706985694905
83.5139191969809, 197.2181013766837
10.179011822896344, 61.85652048671189
53.40022100298134, 94.49340638263308
37.57131476378893, 25.214613111219908
61.2251578086766, 144.43157450750394
76.61601555413213, 158.41941677061942
23.154302612515288, 22.54701806759245
7.790606824016977, 116.23323307918731
108.76960087109647, 153.73792900548696
155.0321113392533, 82.08795724691613
120.08062858986203, 11.422901148244048
195.88226113706668, 135.2668526408496
154.08295867771403, 78.49657922028004
184.39101685349263, 79.92719274675517
135.3644564195993, 68.80337275268451
100.91249381537773, 59.64989454388749
120.11130044918245, 135.35823370321003
148.1322054371172, 14.64515611156354
126.83433167780737, 33.03566331864678
106.11313544873823, 35.94569162085188
190.0083232923589, 107.90249581791427
144.17209528451986, 193.64529794829713
152.3485947855018, 14.374744784263815
189.1885177154485, 26.00407641041107
163.44578426870223, 155.08341781363313
103.5998113425631, 170.8130148952799
111.16321323266811, 59.35004175563894
164.0402745568225, 59.172454853898856
175.33357165251803, 14.720793070454775
141.52508893093415, 112.61300561850769
119.16546378853381, 7.520411293173468
152.49080953833453, 88.23089043151901
107.37657166282605, 81.57804514401181
107.96737983067727, 72.49355872512075
124.55294126149569, 145.13480481167068
192.21777746372538, 27.621264740715247
108.48802985428863, 51.83541223210848
194.57049302231792, 173.35096953454058
176.2677704575712, 72.1770499194536
101.29426147133597, 25.878677998052126
125.1333059294587, 26.06672848395093
194.96811560463644, 95.98871002040849
128.72394295734338, 144.98119684113607
144.30305222928087, 52.77591678502842
129.59409610813543, 176.01658440471837
136.06515498825883, 92.27550917499204
107.00583570031101, 131.05048514075287
118.23452544297372, 52.49263556718768
175.52069890565576, 196.26850427789145
110.738666035457, 69.21655178521782
157.65358030598492, 79.85927705223
141.49799898079607, 4.218038225178411
174.78455816584034, 79.64137548521117
103.70094962889246, 152.78855291401717
169.03284021206218, 50.754507739035844
187.0338808200372, 56.83589369191176
157.27278762350866, 102.71967361030457
192.41576380449516, 68.71463106559081
158.450036016205, 17.2662074199571
118.67270333631359, 43.89456853657432
194.14831683998807, 161.86065997105453
111.74591119615576, 83.76271434942781
140.27608627355204, 72.78492742836158
161.80746801314152, 192.4335420340759
142.68022622435865, 34.3679450727123
142.00856470353614, 74.76115104987385
114.84913193137085, 84.09815068807391
128.3197861913916, 77.79117489696799
125.66861326402648, 108.40708675241922
182.57152457899141, 79.62584123204137
186.3327257293371, 12.636911869172529
115.6912135921667, 138.77836483030734
149.74902401868638, 168.8799286695261
162.20399980277898, 114.17533707721357
150.8075041222615, 30.760791330787306
169.12576087627127, 75.62602200288215
112.32693210814791, 182.53348430527615
126.85464704447324, 13.698056120375956
119.93393595822785, 75.37839681889149
163.9347111849067, 9.462620856201776
101.60954682287932, 71.98363941734851
149.4637754307177, 88.24025615289209
157.74634287525012, 39.97548959898456
143.6848933255785, 159.07184175673302
175.2800715313752, 184.53859765022563
190.1558147004184, 119.6073479075136
176.2826205042931, 161.0334318837825
113.15145753278424, 92.38312517781455
