224
77.3239498995494, 155.4574776163405
33.11051316454182, 43.02832653828729
96.33205524256016, 4.041135146095215
90.33704814234125, 82.22566803739778
10.844226653461654, 69.67282883033441
31.59035124789311, 29.039433650329613
3.5140936545683346, 77.3227260179669
94.5220256013489, 150.00671561284918
36.943447223713186, 93.18942516270845
19.304747981655495, 32.05854846093257
34.49557376907182, 161.16539637226296
30.66299230416383, 101.12749128490367
20.006463081796554, 71.85179138584142
65.2882649539406, 81.2179269770367
45.43115299082094, 129.58884922227756
86.45428777114016, 140.0378477140082
76.03869004822343, 56.40238420748217
49.241457363499705, 86.72308157116659
8.327906957766825, 110.97172683095906
63.782296833807884, 140.8203002825834
37.76226465441391, 62.183904226426215
44.1816230283424, 97.48434944861685
47.0275557598644, 29.567388540651166
80.82727480790197, 150.03251327293873
48.87254214114173, 13.060351677952697
31.90424614934276, 66.52197803044066
11.30493144311825, 158.032000982426
56.791065534382014, 145.45513507069376
64.77581742573089, 169.95203225375
12.698329430394162, 186.13923405192335
2.3709552432988836, 136.07703418204312
3.7917723107936325, 0.18783938435764114
82.86571263511851, 99.20037866128072
5.014165560895977, 121.03686458587293
9.576741297617602, 47.0579813363011
16.68825426938737, 91.08566560820523
80.95145976261645, 182.78034703052012
13.745198373347197, 21.077063679680982
95.55360736561828, 142.6723427048125
93.1381034646989, 89.16414325311347
90.56437063231502, 114.7468309737949
43.86741572969968, 163.3748653781259
51.8957628926664, 70.21077345221937
42.82513217195668, 79.96689369638977
91.29264660264697, 13.694342462816863
75.43342564719057, 138.2933229383101
59.19641619619626, 51.64658293745519
67.48675955869959, 39.556891179913855
2.393672580101425, 30.322384683199267
33.51373199411104, 88.87354706329441
97.84025656081378, 89.52660068660197
14.042508717400729, 142.1990077763474
40.16849542570608, 108.10884806822884
77.09683843889191, 60.2724243788068
60.23394708778521, 66.34577240077476
51.09379320483028, 172.39219815777432
64.67832077282179, 46.5442585871214
77.81380563489292, 9.94031062760326
30.24766582853092, 197.67056318637327
35.63871200091414, 88.39232200841423
5.504459471919098, 104.31537688712336
79.28501930660536, 13.578512340852757
23.048228900527917, 159.37300079447277
16.418596517622547, 39.990194949204735
47.12310081901446, 94.8270062575662
58.723136195348815, 164.36208218862154
30.81496154427053, 56.0031473278529
70.99992200891549, 125.11910659061331
54.81354853481905, 103.86032052340019
20.028569158939117, 34.947425919648964
61.99482428382911, 116.46410139369556
44.60294263061727, 169.8450584123026
67.78625311552892, 152.32077087715888
72.83575942146402, 141.81965092329105
78.04011914169104, 131.50392908221795
30.659739625289177, 25.24981941613317
66.87191154538942, 157.76072165818744
21.665697231183668, 4.420841665245902
94.44307331113563, 35.077527050690605
31.591111158555574, 7.975036829168026
49.460825025403444, 1.662383486379948
2.2356177968502755, 155.8540116852245
7.404377199408685, 13.880015829494852
72.0420558011083, 183.16355859727273
23.18521657973285, 73.93843194574224
32.4670941794578, 191.81404205903237
71.13113071109728, 106.32473257336434
78.84841234563883, 177.28712100228765
84.66121503497256, 13.940837423687125
94.17891388753016, 47.64031340386061
5.132956038788361, 70.56788549787001
11.100992586874437, 123.12250921936932
52.99680380465281, 158.245410714407
78.97875247043535, 168.89668825360246
52.79717246998494, 54.25221080472693
14.00847967338309, 194.8141304375398
7.345313240709361, 28.0093294749423
41.26641432235767, 59.09437505326325
39.967265604595624, 187.34510395561247
38.44770067974813, 173.6322271416276
71.83733333008102, 112.16501200617046
28.581586330882857, 64.47369675580264
70.94950753557922, 35.08604585529373
76.29685301237575, 198.22971980906573
4.202178496881093, 102.7341173492854
93.1156474162724, 67.30343361246969
40.544497362663854, 80.53440587329523
26.26268531538941, 146.81455293904543
92.48601392518407, 180.35887184226806
25.247798374765484, 191.99420087458626
52.088093834905536, 62.2432545891273
98.6356007012366, 154.2380283743755
99.7427190325892, 156.1334151245384
64.692249253642, 27.215260824072285
70.92625772228314, 130.6057289457881
1.585686798960928, 24.67150117755159
39.14591437437458, 112.83961409358182
49.66551335621481, 31.944361152647804
36.38397107747959, 148.10829879129773
11.18312799961869, 144.46697381355946
91.35409403955799, 25.84411571990031
30.873228223685445, 50.16828972006664
12.765681730598889, 0.8597957986273164
27.360815102068635, 66.19095999876845
48.99432728391982, 180.13211821169287
49.682761617901726, 198.87131618852754
68.7355346252643, 106.85532922836636
15.890297625603377, 46.97681427750424
91.52076513559207, 155.18826677396154
23.838410771031892, 125.73206974437086
69.62691954101967, 186.9923363889511
79.31287599076715, 11.455625591427921
74.90877950620346, 151.50269836785358
16.34783780112965, 122.90333146726678
88.71226660373965, 48.31490887940602
97.14024233985866, 45.684536929576524
39.64351315802265, 20.950824895431875
64.66478519746941, 109.50243248991704
15.919413486263156, 190.4831069885593
26.23839295158725, 122.47848327264887
26.613761268282776, 39.501905727213014
17.703020022304816, 89.54058166390604
97.36428136943198, 123.83679233176686
97.76707447693373, 193.5215331565776
142.43310620734155, 171.8966290537355
111.2177014433377, 31.98347708814231
169.59240881837465, 12.566179732155703
169.179912111453, 159.89927328562334
189.15577334653835, 69.67282883033441
103.2539547175656, 61.453516992119404
137.8803489076963, 90.1957999777282
125.22544051517774, 182.7700461598367
163.05655277628682, 93.18942516270845
110.40349128698061, 17.73385873311133
165.50442623092817, 161.16539637226296
199.53891689167983, 141.8824104285379
195.75795792156032, 90.45756344641194
134.7117350460594, 81.2179269770367
156.38328333869222, 50.44609897603258
113.54571222885984, 140.0378477140082
158.54619361821113, 35.22128309869821
150.7585426365003, 86.72308157116659
183.08165214734007, 83.98731095354202
154.40412454965391, 190.41951224225465
162.2377353455861, 62.183904226426215
111.50714642053275, 44.826891007157535
197.10608699145175, 37.841443970400945
111.91834051669845, 142.27447882947976
151.12745785885826, 13.060351677952697
194.58022857128907, 5.28032521057884
114.52519547304809, 194.42863928364878
151.87543338553905, 157.17852877810233
151.94723427820378, 109.8902846439345
187.30167056960585, 186.13923405192335
175.23686119593734, 80.87358001582501
132.30414234705935, 15.840022848323908
141.86369054305842, 66.17750715990181
189.04626583273756, 109.76103880152274
123.21969267653974, 107.27033880588408
162.91313470023047, 27.107871016759155
119.04854023738355, 182.78034703052012
192.78563264276565, 17.181457557068747
164.5574377856738, 102.06417423529273
148.72660295063275, 138.47171623519853
155.65695206505114, 61.45017456276251
148.89933276507227, 182.5542588572688
148.1042371073336, 70.21077345221937
158.8460562373599, 120.07592097670425
129.7099361696616, 77.40663623250754
123.96177133636365, 147.0128109989485
157.9550088419969, 1.1565130930402567
132.5132404413004, 39.556891179913855
193.57160849958706, 55.161631531312885
119.65281912234525, 99.2905695306547
104.25778221621074, 55.70072356550939
141.5473976273083, 98.75828269058538
156.51615304932707, 52.559717369629276
173.28348370294867, 5.393196551164303
140.16032555808982, 62.73633507631984
115.01096570262827, 186.4747620028227
135.6889905135685, 58.92435694364615
152.5018987593059, 12.225917247577733
139.06778650334323, 165.26925340233674
159.1826217767911, 28.746340836427244
194.4955405280809, 104.31537688712336
100.05912799892847, 9.314498320521114
108.77998542372144, 138.875376945345
113.13608147145516, 7.034369958624964
152.87689918098553, 94.8270062575662
119.96823926751577, 159.0659376770517
173.86191364996623, 26.639470874199333
183.1946247806918, 88.50110167410352
109.23250477044874, 148.83221865904324
171.22243161969845, 3.1754162605323044
152.26165750567753, 82.6556239561518
155.39705736938274, 169.8450584123026
197.82685294562253, 116.35529878359475
127.16424057853598, 141.81965092329105
198.3314461679505, 133.7683321238129
155.9396662095718, 41.54530782749903
160.2232780092225, 198.53425503227194
188.0557939056785, 67.01614061537897
111.32717988759279, 71.58831786510747
174.18317695477145, 10.558593854489295
