240
57.0792625233029, 7.078518599592987
70.83951365027181, 16.547016057079645
61.09467921434397, 106.99695465512174
84.91772822570476, 96.63662764969128
32.86688309069975, 168.39910278827753
95.95833317255847, 30.938744311056652
10.964810590079487, 161.61000605349273
94.7450312160146, 38.09260942738295
71.8327853212814, 93.02851426623174
62.207584454486565, 124.17093183540015
8.127788921227797, 64.90773949847555
64.9329724958346, 178.1206021876116
61.717623973966106, 41.002477895921174
84.21688060319715, 38.183561716928295
30.21037837505437, 60.69033432469275
95.84152223545699, 125.6483436087913
2.992565528980262, 115.47314950880028
5.146291168822703, 38.42996511765278
30.32806381163853, 86.55778828272376
49.22981817264313, 110.48209684218546
29.596433942068135, 120.60795971232177
18.87990321218913, 157.65939025966324
57.587915041112666, 50.505002669812285
17.004971562090233, 128.76245669591592
98.9524876771933, 22.363372002994787
60.719824035633415, 38.25580497338239
25.7016369533403, 50.86983403220964
98.21132818662812, 126.0324346804494
76.71259123597119, 144.11675608270127
39.48052684759572, 30.089596394728567
24.71845980762416, 190.70081018718832
45.98227007339896, 45.83674538530749
40.98719247909571, 66.35374192350463
58.479436000257245, 114.32681070115403
58.32036064467454, 31.176769293361374
53.164118952201854, 26.042200900822408
7.826086808567934, 21.529225817951513
7.343470113260098, 61.642815332166954
73.0579014019946, 13.299811307360109
28.785249407681025, 19.114197075369923
11.057198956211911, 8.260258810545729
96.9968274227101, 168.64051248288538
17.396579768599974, 70.53460231582169
71.92871816261716, 192.03828765624624
42.15355885267561, 105.59758935130957
80.84811781343079, 14.250486250752715
15.919336607478495, 11.269630542505492
91.97737384029189, 13.213589317517261
86.76850042139212, 27.195386357124264
73.59815096541303, 184.45148235072372
89.10095898538661, 178.3244999008979
17.580804016860018, 187.1026365757653
73.85962425131113, 44.75239147182541
14.088770200543333, 103.5808519459544
48.150367669534646, 17.033064487070625
68.91795231401598, 46.28017166703704
62.30561739281273, 65.52884015779887
60.42733420970558, 74.75259711554652
57.44287757845047, 189.90011977318866
12.18456659497027, 114.392787619028
69.44248085693972, 35.133762121957936
76.35007551369269, 78.25945397476133
87.70501101789833, 195.6216510427548
24.077575036397512, 86.9364854267733
52.20471764360127, 36.71923847302261
78.08042504017604, 121.85889841794261
61.48732583610268, 153.27698251244178
77.36204845463281, 134.8610526507051
34.464797689274675, 196.04055617564669
8.60085831849019, 193.07811963595867
36.61374903128372, 32.43194155121589
62.66146973940179, 118.49611599756562
5.316039520498384, 127.96401434993008
93.56633645226056, 154.66600914054166
93.88681233753479, 104.90575074928164
51.350745235907134, 162.6202802745688
20.24059634705623, 53.97168919928708
94.60674842263246, 46.66003083313412
60.77616094296413, 155.58153823861772
19.79737176007752, 117.49932244610615
40.984804438207156, 6.106694692391579
29.577705717165102, 31.975967799889958
89.79870434003139, 83.33419741557002
14.898216705362522, 151.94647113008241
98.49143681132558, 89.54600052880765
23.605219740925488, 46.26099050414445
8.71641635970537, 60.57356524240471
26.06930175385358, 133.78296572136625
50.428144270009625, 175.36272735083708
33.277318117336705, 107.26802107514371
34.07753290318685, 5.047161427903002
74.5833030487179, 162.5267445779557
89.17741435196346, 94.13827257342395
73.09266947822675, 68.70310082410722
78.46663171044203, 61.253821107412065
69.97053849424849, 85.66541877848437
30.771422451713924, 119.48923243484182
20.044214414773233, 36.95892960599263
40.83434044346662, 68.72770354065985
35.23379210662919, 176.30058922038
82.74735512157527, 41.13917086205463
65.1710833025976, 132.78793094052267
45.6575902513371, 137.30813072730083
79.62082250711885, 154.45554659989455
44.676070634732454, 13.263233482004289
96.7329118257423, 43.30472653646391
11.400881133769513, 69.50036731204727
48.62821199298241, 82.70821686926323
26.881857760114347, 12.289791333334943
94.46899076027226, 29.616083354789314
2.5103630291400725, 92.84668349826939
80.60780202583445, 11.52456732669167
63.973151091139115, 21.313770896905847
54.67709425892209, 65.83617787750697
80.0752795554153, 135.90951365997353
12.183365515545418, 172.5278090103469
95.93695351876944, 140.99209813667056
87.31039032562154, 94.77699628821281
24.94084118647468, 22.778012859526918
70.2035294989182, 156.91904469199264
10.327283871191284, 90.53298717567253
47.44774706893548, 145.4966361545857
60.79636215627551, 191.73002616279445
45.57852707701361, 194.18413749974965
0.6291765572606023, 19.651201254437666
47.36611115541719, 99.51607781505129
85.59080970270284, 17.813761637659553
11.077703655280303, 2.842773343155147
50.7974343055298, 62.93508117439093
18.400231591057615, 20.998575961477695
22.0707709828002, 111.58450599828828
18.520348762487437, 172.39672355781738
56.36018614453301, 118.3207099620186
75.66387182466931, 11.562072876348296
66.3420977376993, 129.00569254277093
38.70505645755823, 4.135544749831421
75.32336373556112, 81.49369014898981
4.960444668497765, 62.16178967259081
28.169172866522697, 33.98766276302367
5.499804873671932, 131.0484284515448
5.645202066029453, 77.56705020688865
29.51440032971757, 174.13841744116067
22.291539271531, 113.71248563809972
57.30009400663032, 170.85206988141962
81.67628321010211, 105.36414892908188
36.294970815562436, 145.70246125061686
99.85419169087854, 124.31571583256465
4.078054809532894, 129.36976488717048
13.446835460066842, 11.761732980897577
98.8348671854426, 165.46373073327567
58.597444752668856, 99.9449534814981
77.95111245636545, 138.1157163902156
38.33460490968273, 152.90467612912852
56.999032476053046, 178.67811653387383
75.81522801654494, 99.19887386581891
24.503784955557162, 169.1614010591561
35.348630547959836, 86.81270873265731
68.22376246188308, 176.88008544418125
49.3158540503717, 99.8074544272215
12.915096548266447, 190.48604652916654
142.9207374766971, 7.078518599592987
129.1604863497282, 16.547016057079645
138.90532078565604, 106.99695465512174
115.08227177429524, 96.63662764969128
167.13311690930024, 168.39910278827753
104.04166682744153, 30.938744311056652
189.03518940992052, 161.61000605349273
105.2549687839854, 38.09260942738295
128.1672146787186, 93.02851426623174
137.79241554551345, 124.17093183540015
191.8722110787722, 64.90773949847555
135.0670275041654, 178.1206021876116
138.2823760260339, 41.002477895921174
115.78311939680285, 38.183561716928295
169.78962162494562, 60.69033432469275
104.15847776454301, 125.6483436087913
197.00743447101974, 115.47314950880028
194.8537088311773, 38.42996511765278
169.67193618836149, 86.55778828272376
150.77018182735688, 110.48209684218546
170.40356605793187, 120.60795971232177
181.12009678781087, 157.65939025966324
142.41208495888733, 50.505002669812285
182.99502843790975, 128.76245669591592
101.0475123228067, 22.363372002994787
139.28017596436658, 38.25580497338239
174.2983630466597, 50.86983403220964
101.78867181337188, 126.0324346804494
123.28740876402881, 144.11675608270127
160.5194731524043, 30.089596394728567
175.28154019237584, 190.70081018718832
154.01772992660105, 45.83674538530749
159.0128075209043, 66.35374192350463
141.52056399974276, 114.32681070115403
141.67963935532546, 31.176769293361374
146.83588104779815, 26.042200900822408
192.17391319143206, 21.529225817951513
192.6565298867399, 61.642815332166954
126.9420985980054, 13.299811307360109
171.21475059231898, 19.114197075369923
188.94280104378808, 8.260258810545729
103.0031725772899, 168.64051248288538
182.60342023140004, 70.53460231582169
128.07128183738286, 192.03828765624624
157.84644114732438, 105.59758935130957
119.15188218656921, 14.250486250752715
184.0806633925215, 11.269630542505492
108.02262615970811, 13.213589317517261
113.23149957860788, 27.195386357124264
126.40184903458697, 184.45148235072372
110.89904101461339, 178.3244999008979
182.41919598313999, 187.1026365757653
126.14037574868887, 44.75239147182541
185.91122979945666, 103.5808519459544
151.84963233046534, 17.033064487070625
131.08204768598404, 46.28017166703704
137.69438260718726, 65.52884015779887
139.57266579029442, 74.75259711554652
142.55712242154954, 189.90011977318866
187.81543340502972, 114.392787619028
130.5575191430603, 35.133762121957936
123.64992448630731, 78.25945397476133
112.29498898210167, 195.6216510427548
175.92242496360248, 86.9364854267733
147.79528235639873, 36.71923847302261
121.91957495982396, 121.85889841794261
138.51267416389732, 153.27698251244178
122.63795154536719, 134.8610526507051
165.5352023107253, 196.04055617564669
191.3991416815098, 193.07811963595867
163.3862509687163, 32.43194155121589
137.33853026059822, 118.49611599756562
194.68396047950162, 127.96401434993008
106.43366354773944, 154.66600914054166
106.11318766246521, 104.90575074928164
148.64925476409286, 162.6202802745688
179.75940365294377, 53.97168919928708
105.39325157736754, 46.66003083313412
139.22383905703586, 155.58153823861772
180.2026282399225, 117.49932244610615
