144
62.54510467139269, 186.68306741049508
27.40721253157976, 141.23775299704425
24.66316248692205, 121.66321127294921
2.09466218330554, 185.8088392499699
60.75413412910415, 118.99428514041912
87.24021047804811, 132.70118715512936
76.42604027737218, 191.29214281108455
13.33039858747085, 113.09244389467574
32.69957689225351, 98.47233664590203
52.54860033124417, 103.82877888932896
40.25815336987717, 130.38942688584078
0.6137502874950074, 126.59089345099359
44.50217389032123, 18.812481242365386
42.62266622231575, 56.50031237321187
69.24703607965591, 165.33775001494618
10.236732633375478, 1.1122846383220697
29.10165082486681, 156.73553533213226
46.35258094334511, 149.53937433660982
52.239468710450154, 74.45434619492963
1.1672610393421268, 22.679145803594114
20.677831410935866, 177.16412783755885
17.98064287135227, 76.26683407123866
62.757207094654156, 115.44812452894126
22.14960808160187, 85.66897507510969
83.45498738736808, 140.6349826901336
41.217403252189044, 183.24588515961446
20.53870283891349, 174.85368412571492
59.310793995566904, 22.321761452985456
3.556504580095665, 148.69252472646596
19.351085734179986, 81.41262698167561
39.889500642383915, 168.29678661763268
54.94009391704158, 110.29356814349478
64.22573326214136, 10.636420456852225
49.52582983685792, 29.740336306654292
96.12052269627685, 31.65865712352418
80.38990278209134, 160.58744707797484
64.06273427914485, 185.0949055505121
4.491861555928079, 187.80664626386198
81.1338862032563, 127.67844731068192
52.63894005117874, 186.2514813198892
12.398852108497206, 49.91978793350904
35.789871249273595, 155.8470110814862
27.21765571325916, 157.53134589560722
19.079033442582492, 93.08272667346876
50.890085482168665, 133.65389028452088
37.705007026712934, 161.21754030896346
16.18106429999053, 16.667304954755746
28.58850498073464, 115.14046883812243
87.25067835773888, 32.08577487609454
48.30213584792236, 80.45888109352926
8.88940515122445, 180.22624080092956
78.00825273791492, 38.49559784792389
5.0775791690742755, 56.52507029488538
86.52481709903778, 93.78746173268895
57.99041158083901, 20.383056548408106
68.73278327296994, 39.726742549974325
16.849459825052527, 130.4064921893444
45.74518888541401, 51.6411538704683
38.16557196926534, 195.2656948603507
98.51866803939095, 112.33140186182548
36.53970953517944, 94.29827356656013
6.476727146561146, 181.27891088927555
80.26963086144532, 86.59840923158507
64.22239663374437, 123.77950115905531
137.4548953286073, 186.68306741049508
157.19485768710183, 17.20072632926888
186.90795436381353, 12.061782953256973
114.56685204387391, 118.18797234402838
172.59278746842023, 141.23775299704425
175.33683751307794, 121.66321127294921
197.90533781669447, 185.8088392499699
140.45225606700473, 41.0872101713196
199.40559066521496, 67.37147229426081
139.24586587089584, 118.99428514041912
112.75978952195189, 132.70118715512936
158.70448427583554, 176.66440295348855
123.57395972262782, 191.29214281108455
186.66960141252915, 113.09244389467574
167.3004231077465, 98.47233664590203
193.37492704168164, 185.3138742836335
147.45139966875584, 103.82877888932896
142.01767430964264, 151.4382492663857
159.74184663012284, 130.38942688584078
179.71248365124185, 68.53475290840623
199.386249712505, 126.59089345099359
155.49782610967878, 18.812481242365386
157.37733377768424, 56.50031237321187
137.3533159923069, 78.26841714246893
130.7529639203441, 165.33775001494618
189.76326736662452, 1.1122846383220697
170.8983491751332, 156.73553533213226
153.64741905665488, 149.53937433660982
147.76053128954985, 74.45434619492963
198.83273896065788, 22.679145803594114
179.32216858906412, 177.16412783755885
182.01935712864773, 76.26683407123866
133.0279248503184, 42.832697598337454
137.24279290534585, 115.44812452894126
177.85039191839815, 85.66897507510969
116.54501261263192, 140.6349826901336
158.78259674781094, 183.24588515961446
179.46129716108652, 174.85368412571492
140.6892060044331, 22.321761452985456
158.60095031046532, 40.482731554980724
112.09583562935393, 34.59267942628481
196.44349541990434, 148.69252472646596
180.64891426582003, 81.41262698167561
160.11049935761608, 168.29678661763268
145.05990608295843, 110.29356814349478
135.77426673785862, 10.636420456852225
150.47417016314208, 29.740336306654292
103.87947730372315, 31.65865712352418
119.61009721790866, 160.58744707797484
135.93726572085515, 185.0949055505121
195.50813844407193, 187.80664626386198
118.8661137967437, 127.67844731068192
147.36105994882126, 186.2514813198892
187.6011478915028, 49.91978793350904
164.2101287507264, 155.8470110814862
172.78234428674085, 157.53134589560722
180.9209665574175, 93.08272667346876
149.10991451783133, 133.65389028452088
162.29499297328707, 161.21754030896346
183.81893570000946, 16.667304954755746
171.41149501926537, 115.14046883812243
112.74932164226112, 32.08577487609454
151.69786415207764, 80.45888109352926
191.11059484877555, 180.22624080092956
121.99174726208508, 38.49559784792389
173.92008518737217, 53.71063479519786
194.92242083092572, 56.52507029488538
113.47518290096222, 93.78746173268895
142.009588419161, 20.383056548408106
131.26721672703007, 39.726742549974325
183.15054017494748, 130.4064921893444
154.254811114586, 51.6411538704683
161.83442803073467, 195.2656948603507
101.48133196060905, 112.33140186182548
185.58650306406986, 47.80145944287042
163.46029046482056, 94.29827356656013
193.52327285343887, 181.27891088927555
182.1765922820681, 88.33474641409582
119.73036913855468, 86.59840923158507
135.77760336625562, 123.77950115905531
