128
1.0048306392373973, 38.81952328472684
63.83667911860318, 119.98901431522413
1.0022463368740242, 152.01048105194866
10.724902866838148, 83.51879200423778
95.16326598068102, 179.20609685791416
20.033068823238075, 40.83830711827265
70.03159731199214, 174.23922417767508
17.3691704712711, 179.5080208909531
91.19372289183691, 24.199677853669456
75.1118361652882, 96.0700303707856
52.87518043803525, 102.6971424263534
87.87977314007, 83.48219627256314
66.36069035289076, 61.19974456391741
99.8459750898773, 194.2374400164533
14.136425509558425, 11.741316973391868
69.20268978701004, 127.34975317403698
51.84545666537489, 42.20970916913516
60.87575793893956, 165.43166036941236
9.65852322699181, 30.47783090232514
11.708634133591833, 71.42289890648503
7.051783994530836, 139.95080211547744
92.86419959584738, 95.83174980041882
9.290771083105797, 15.055662092403743
61.36532777205185, 93.29901417028945
58.71066909886129, 171.506321089542
1.4593617119681768, 16.1094256433691
60.02137957357395, 163.26819412052075
80.04868551248491, 141.5976998356739
6.203613601721969, 117.20023489769271
30.996485788405415, 171.6250263621284
19.654483256417834, 134.78181132823778
93.11326861665611, 108.19493725215115
83.39301463377834, 143.31854201934493
22.742304308561145, 101.10279030470221
40.94597924138027, 7.889781739435775
85.13385533645435, 78.91032898588783
88.68090688052284, 16.989676172120483
27.312030069549476, 43.434681514704224
85.12634911398897, 177.1449289236199
43.70282846127035, 61.53559268234012
41.54665598508165, 57.528568659751556
60.23016062222535, 143.65097914773835
59.18112475145063, 70.09244731909507
42.3516841819756, 174.7334898035899
63.82669418743987, 39.065963044836316
31.590656437006594, 113.72757896075368
75.62569364714427, 135.72484251175277
65.9420180528137, 56.37825712775075
198.9951693607626, 38.81952328472684
136.16332088139683, 119.98901431522413
184.24647423590943, 50.16500026416772
198.99775366312596, 152.01048105194866
119.8785021540864, 8.97448206980509
189.27509713316186, 83.51879200423778
104.83673401931898, 179.20609685791416
107.65505572381382, 36.287801858615886
165.1528873473277, 157.2073926479709
133.9417088960239, 157.17640996957155
175.82609834236405, 89.63934389406309
194.3598018146804, 97.01507678636463
179.96693117676193, 40.83830711827265
180.06040368855832, 102.88708160082388
129.96840268800787, 174.23922417767508
150.09547665263452, 199.82129523431146
182.6308295287289, 179.5080208909531
169.0817444911138, 60.74152515775293
108.80627710816309, 24.199677853669456
122.25354763721637, 141.11183715260995
151.36797316643168, 5.816003907794776
113.46736438071045, 15.613159504624253
175.51504010746427, 13.576918789213433
124.8881638347118, 96.0700303707856
147.12481956196476, 102.6971424263534
112.12022685993, 83.48219627256314
133.63930964710926, 61.19974456391741
107.8131862841762, 17.925749646097966
100.1540249101227, 194.2374400164533
185.86357449044158, 11.741316973391868
186.03936230544213, 122.40224439292695
159.0759106664674, 3.062445194567487
185.7304099012934, 120.46278221178446
115.03065514356624, 103.67398329779442
142.61257977245114, 150.18246043418915
181.80602922448273, 194.6025708861203
130.79731021298994, 127.34975317403698
148.15454333462512, 42.20970916913516
139.12424206106044, 165.43166036941236
190.3414767730082, 30.47783090232514
188.29136586640817, 71.42289890648503
192.94821600546916, 139.95080211547744
107.13580040415262, 95.83174980041882
197.5806395875663, 166.5814430271714
190.7092289168942, 15.055662092403743
138.63467222794816, 93.29901417028945
141.28933090113873, 171.506321089542
198.54063828803183, 16.1094256433691
139.97862042642606, 163.26819412052075
108.71381714125931, 129.97904043282173
140.1504285906483, 74.01132367313032
119.95131448751509, 141.5976998356739
193.79638639827803, 117.20023489769271
136.7597038961702, 95.42270097423702
167.9170288662386, 30.698992504002256
169.0035142115946, 171.6250263621284
180.34551674358215, 134.78181132823778
106.88673138334389, 108.19493725215115
103.10688232644682, 91.18572372138065
116.60698536622166, 143.31854201934493
177.25769569143887, 101.10279030470221
143.29268835258654, 29.669142654620106
159.05402075861974, 7.889781739435775
114.86614466354565, 78.91032898588783
111.31909311947716, 16.989676172120483
172.68796993045052, 43.434681514704224
114.87365088601103, 177.1449289236199
156.29717153872966, 61.53559268234012
158.45334401491834, 57.528568659751556
139.76983937777464, 143.65097914773835
112.63833048890062, 181.1925923491601
103.13831032737409, 130.96828584462185
140.81887524854938, 70.09244731909507
157.6483158180244, 174.7334898035899
193.42839097492495, 198.48639052570545
118.77560221035813, 172.15396352431424
136.17330581256013, 39.065963044836316
168.4093435629934, 113.72757896075368
124.37430635285573, 135.72484251175277
134.0579819471863, 56.37825712775075
