160
59.50852566784127, 75.58757644755714
22.783457486456925, 54.8628650197188
14.473372392797234, 67.51696714758796
66.13338630839966, 99.87802041994476
96.27306149516528, 141.10506515043596
24.022915367536037, 155.09479766789386
74.3997339210051, 90.55509163534118
26.053575038174014, 117.09348404447175
46.71107226236536, 136.1243753561303
58.54154304226875, 171.77940664742692
92.38973423491863, 179.4490021650052
98.46599608893301, 30.816841847887222
10.4917282203701, 30.5498259569315
12.564112028650076, 74.41004640254253
12.215832057480347, 47.85120077443143
68.52355395515683, 170.6649376649947
74.86074131765005, 123.00616730987446
38.365874723957425, 45.07033693103865
13.411686256092437, 0.9095350754306342
48.48675442244571, 39.263999259330106
46.262295691524514, 0.046694172951844415
26.799695538669376, 187.84718295820184
49.82038403169812, 180.73796793678378
9.636976192492275, 156.54217390941974
81.2422119209639, 53.04108317322371
19.238946540045188, 167.13788165428264
31.65093865870262, 120.91428343003787
92.56832997862801, 58.24535813164475
11.004749734164598, 113.02310967024196
8.045474211729086, 115.6650958714168
99.89646671719724, 58.27500717377476
98.8835086712951, 73.95469541556277
81.45475490381344, 12.142129604311336
23.262888335544783, 5.533729255950304
88.05441344296744, 182.79011124890414
41.511198418115335, 47.61725425355798
83.14922259072006, 97.73314352171968
50.116704762455896, 129.32458996419732
67.48691511628468, 43.18400639887858
5.810199339110489, 36.918884298694856
77.43443830108824, 134.28639718008176
94.0200919072281, 106.31640827299485
82.23559201839844, 37.34381263810924
81.6960813084979, 65.32035532773814
81.76028136371944, 45.06452610458685
68.53489585019119, 61.972932465325
39.025419286541776, 24.530560974097515
26.155252235496995, 131.63932845125726
34.52870115910891, 47.15443444494238
82.2553143204151, 111.6453866447483
84.96343687454421, 129.01790654741134
13.129158700399412, 30.209239576939307
37.92714123121505, 18.331451777641018
48.4365754015758, 81.86183959359884
1.896089053554828, 48.711246705413934
66.32465656326367, 116.60261517833186
62.01646704416929, 183.664068433808
4.410413380384648, 126.16770269532438
5.765145233117918, 88.32621348640058
25.008725673900578, 17.95925670845435
49.698389610977756, 53.076964652347854
49.15448162550427, 45.1382640747086
21.851263295205005, 101.37710670335667
59.21955413640968, 33.560624145526965
66.52898064110441, 113.36085889780843
33.05056436401834, 181.20975029928837
28.155792776971687, 113.12860399675633
98.92751102143221, 136.08162098742372
6.1586468155658824, 142.77371404176634
19.111609918120344, 146.68974309202093
72.86197481742963, 95.14975006496802
75.67742811469358, 68.37768701083053
83.90901233653145, 166.91047141971436
14.029097199688145, 187.51602844324418
91.28669765047897, 69.65390064735928
74.83496475959916, 22.791666521477172
74.82621523830984, 77.04492961863065
62.97613064115528, 5.995881881569853
76.72596898738497, 65.48256978717475
71.53078590194083, 19.990943857512878
140.49147433215873, 75.58757644755714
177.21654251354306, 54.8628650197188
185.52662760720276, 67.51696714758796
133.86661369160032, 99.87802041994476
103.72693850483472, 141.10506515043596
175.97708463246397, 155.09479766789386
125.6002660789949, 90.55509163534118
173.94642496182598, 117.09348404447175
153.28892773763465, 136.1243753561303
141.45845695773124, 171.77940664742692
107.61026576508137, 179.4490021650052
101.53400391106699, 30.816841847887222
189.5082717796299, 30.5498259569315
187.43588797134993, 74.41004640254253
187.78416794251964, 47.85120077443143
131.47644604484316, 170.6649376649947
125.13925868234995, 123.00616730987446
161.63412527604257, 45.07033693103865
186.58831374390758, 0.9095350754306342
151.5132455775543, 39.263999259330106
153.7377043084755, 0.046694172951844415
173.20030446133063, 187.84718295820184
150.17961596830187, 180.73796793678378
190.36302380750772, 156.54217390941974
118.7577880790361, 53.04108317322371
180.7610534599548, 167.13788165428264
168.34906134129739, 120.91428343003787
107.43167002137199, 58.24535813164475
188.9952502658354, 113.02310967024196
191.95452578827093, 115.6650958714168
100.10353328280276, 58.27500717377476
101.1164913287049, 73.95469541556277
118.54524509618656, 12.142129604311336
176.73711166445523, 5.533729255950304
111.94558655703256, 182.79011124890414
158.48880158188467, 47.61725425355798
116.85077740927994, 97.73314352171968
149.8832952375441, 129.32458996419732
132.51308488371532, 43.18400639887858
194.18980066088952, 36.918884298694856
122.56556169891176, 134.28639718008176
105.9799080927719, 106.31640827299485
117.76440798160156, 37.34381263810924
118.3039186915021, 65.32035532773814
118.23971863628056, 45.06452610458685
131.4651041498088, 61.972932465325
160.97458071345824, 24.530560974097515
173.844747764503, 131.63932845125726
165.47129884089108, 47.15443444494238
117.7446856795849, 111.6453866447483
115.03656312545579, 129.01790654741134
186.87084129960058, 30.209239576939307
162.07285876878495, 18.331451777641018
151.5634245984242, 81.86183959359884
198.10391094644518, 48.711246705413934
133.67534343673634, 116.60261517833186
137.9835329558307, 183.664068433808
195.58958661961535, 126.16770269532438
194.23485476688208, 88.32621348640058
174.99127432609941, 17.95925670845435
150.30161038902224, 53.076964652347854
150.84551837449573, 45.1382640747086
178.148736704795, 101.37710670335667
140.78044586359033, 33.560624145526965
133.4710193588956, 113.36085889780843
166.94943563598167, 181.20975029928837
171.84420722302832, 113.12860399675633
101.07248897856779, 136.08162098742372
193.84135318443413, 142.77371404176634
180.88839008187966, 146.68974309202093
127.13802518257037, 95.14975006496802
124.32257188530642, 68.37768701083053
116.09098766346855, 166.91047141971436
185.97090280031185, 187.51602844324418
108.71330234952103, 69.65390064735928
125.16503524040084, 22.791666521477172
125.17378476169016, 77.04492961863065
137.0238693588447, 5.995881881569853
123.27403101261503, 65.48256978717475
128.46921409805918, 19.990943857512878
