160
3.8640842099353256, 184.05501415247963
67.8204686386074, 98.18350892982536
56.562759521196504, 165.757033893938
3.996831756684338, 37.437893220161044
80.64201821568801, 18.254113506605997
21.669788730001915, 102.95838696841957
86.60929544141501, 61.17386761975317
24.440303190549773, 41.23682939376722
67.50607956041603, 104.76937452041982
43.956506015265326, 130.45373462458744
6.36521686667213, 55.896761543476
55.66396765157345, 184.36397884222356
89.76317377479378, 90.03557656129568
66.08271011168348, 40.87573913231468
78.09842314335141, 134.31537964283766
66.16659925945784, 143.5474608596187
93.53391654966278, 5.559222792549012
32.30917732797067, 54.92069294050219
13.59556394746254, 57.461228301609914
60.838930931028656, 126.50436045841957
36.54295529600581, 167.58544337953012
42.620430001981546, 195.69940678847024
29.241011732423615, 111.99766295184523
27.913062012315613, 100.50387719930005
18.722520935769204, 61.345486509964566
18.585551722979933, 23.50309506637176
35.26516455590391, 168.59899052055113
82.16328749656566, 133.51222925970015
54.012300267560455, 30.479086665901846
38.32624609128459, 27.719140041800937
50.245518796394386, 131.7288844540454
57.13517681116207, 54.51777089046412
14.44197656149825, 162.1156074646394
10.352076011984968, 21.177985043775127
45.470200136181695, 6.5487013663597216
85.60474130837329, 29.047741805399884
32.820858753876855, 114.10347126252447
80.80013842894385, 36.232438609365026
8.491451610204791, 111.71797296095605
98.4287061684394, 120.23794002009467
87.9009625859462, 119.90143518450036
5.4635911530598875, 96.4471141901544
97.17009319963195, 131.25421225656808
79.01345735003301, 55.76455506978499
83.55767051013385, 120.43026693842648
95.72056695486383, 76.50219123245957
4.225149647834492, 121.33501784137619
26.04684811091833, 77.93861168524576
26.817145434578027, 187.88360293808745
32.31351878230977, 50.5440427302356
38.1895520975794, 25.891034209521948
94.37688207770479, 59.18416158172506
51.8930008748518, 86.72850267845004
59.29322218213381, 153.82579556221302
76.58745663625226, 135.68228594565727
2.1883366910380952, 81.46952889632959
14.419311649401445, 196.77634690261647
65.83532487125646, 100.49230273125885
75.72890470776468, 40.53240227751087
42.78041107152141, 47.48564033282323
78.14571519999922, 123.17073637497926
21.693763494401395, 96.0113106837581
65.63873279426564, 20.684646276007523
82.93463231504154, 194.75285406629212
31.796306299831556, 160.63924009209848
50.887837454771976, 157.24525081750886
14.956313160947465, 135.34563423939923
79.84099770404896, 66.56188365514775
2.8003270073377884, 181.83470821030906
36.210291354607996, 49.07267922009009
19.32050069344505, 162.2051747795674
11.562811308053721, 195.82114787007774
38.417876985294065, 154.37664785082055
90.65703892568852, 80.80455014399688
70.18999217265016, 32.23704771756621
60.54389455585568, 91.69511360676871
70.17872705137923, 136.02544708952672
49.53673809681918, 39.42405280091692
56.298874668997755, 129.58346277523685
95.47640788699817, 189.84157276772928
196.13591579006467, 184.05501415247963
132.1795313613926, 98.18350892982536
143.4372404788035, 165.757033893938
196.00316824331566, 37.437893220161044
119.35798178431199, 18.254113506605997
178.33021126999807, 102.95838696841957
113.39070455858499, 61.17386761975317
175.55969680945023, 41.23682939376722
132.49392043958397, 104.76937452041982
156.04349398473468, 130.45373462458744
193.63478313332786, 55.896761543476
144.33603234842656, 184.36397884222356
110.23682622520622, 90.03557656129568
133.91728988831653, 40.87573913231468
121.90157685664859, 134.31537964283766
133.83340074054217, 143.5474608596187
106.46608345033722, 5.559222792549012
167.69082267202933, 54.92069294050219
186.40443605253745, 57.461228301609914
139.16106906897136, 126.50436045841957
163.4570447039942, 167.58544337953012
157.37956999801844, 195.69940678847024
170.7589882675764, 111.99766295184523
172.0869379876844, 100.50387719930005
181.2774790642308, 61.345486509964566
181.41444827702006, 23.50309506637176
164.7348354440961, 168.59899052055113
117.83671250343434, 133.51222925970015
145.98769973243955, 30.479086665901846
161.6737539087154, 27.719140041800937
149.75448120360562, 131.7288844540454
142.86482318883793, 54.51777089046412
185.55802343850175, 162.1156074646394
189.64792398801504, 21.177985043775127
154.5297998638183, 6.5487013663597216
114.39525869162671, 29.047741805399884
167.17914124612315, 114.10347126252447
119.19986157105615, 36.232438609365026
191.5085483897952, 111.71797296095605
101.5712938315606, 120.23794002009467
112.0990374140538, 119.90143518450036
194.5364088469401, 96.4471141901544
102.82990680036805, 131.25421225656808
120.98654264996699, 55.76455506978499
116.44232948986615, 120.43026693842648
104.27943304513617, 76.50219123245957
195.77485035216552, 121.33501784137619
173.95315188908168, 77.93861168524576
173.18285456542196, 187.88360293808745
167.68648121769024, 50.5440427302356
161.8104479024206, 25.891034209521948
105.62311792229521, 59.18416158172506
148.1069991251482, 86.72850267845004
140.7067778178662, 153.82579556221302
123.41254336374774, 135.68228594565727
197.8116633089619, 81.46952889632959
185.58068835059856, 196.77634690261647
134.16467512874354, 100.49230273125885
124.27109529223532, 40.53240227751087
157.2195889284786, 47.48564033282323
121.85428480000078, 123.17073637497926
178.3062365055986, 96.0113106837581
134.36126720573435, 20.684646276007523
117.06536768495846, 194.75285406629212
168.20369370016846, 160.63924009209848
149.11216254522802, 157.24525081750886
185.04368683905253, 135.34563423939923
120.15900229595104, 66.56188365514775
197.19967299266222, 181.83470821030906
163.789708645392, 49.07267922009009
180.67949930655496, 162.2051747795674
188.4371886919463, 195.82114787007774
161.58212301470593, 154.37664785082055
109.34296107431148, 80.80455014399688
129.81000782734984, 32.23704771756621
139.45610544414433, 91.69511360676871
129.8212729486208, 136.02544708952672
150.4632619031808, 39.42405280091692
143.70112533100223, 129.58346277523685
104.52359211300183, 189.84157276772928
