96
52.625692906350864, 186.0046433787028
15.105830046550517, 74.04250664009649
8.266547412717484, 112.65122642734934
78.41373994882056, 130.12813470232555
71.945013771966, 59.92613731291028
90.80445516149814, 52.90935351182107
32.30011370313141, 72.29757527035778
1.2825114518805636, 64.29601724142455
26.619210708331476, 179.87402151466762
62.68791830026167, 118.08560439492948
49.591651645841615, 50.92882921751105
73.80249742057208, 105.34032102037716
32.056315092039576, 126.71186083770054
19.18315343287771, 18.474845695733187
74.54148278009104, 151.13057508999785
58.00318997379157, 68.31574878759945
130.21993159194477, 117.19729701228746
183.78511241002974, 32.25008008560653
173.5006703675446, 123.50551420038724
144.1147014109071, 70.66034737148603
129.22308752444732, 154.60745877795918
147.37430709364912, 186.0046433787028
179.41977062404413, 137.72557922253048
106.33285208050825, 35.663990962572825
184.89416995344948, 74.04250664009649
190.3149707626163, 31.677694264263746
151.51703117946903, 27.18547185579583
163.90841504637046, 48.26957072242693
168.30419718228546, 91.39506796910285
109.1078254971151, 160.7299004686461
140.6606845338182, 32.005543670840744
138.48866897834472, 151.69089924475483
190.66227593554885, 95.4562694539042
142.43090749566804, 66.0308435819603
191.73345258728253, 112.65122642734934
151.9766672114543, 132.30247282217013
199.35903612098187, 70.81353438484004
194.1527522567011, 165.64105807915223
122.39044791685558, 179.0204301534727
159.301038756144, 173.686263779214
121.58626005117944, 130.12813470232555
141.92638708528048, 104.01203594444172
175.41510867379347, 97.39198579329462
112.13900146788113, 53.491836916054055
128.054986228034, 59.92613731291028
138.3257897696217, 84.62896750350457
192.670150077687, 69.89201188828969
166.03059644339584, 20.163111111885932
109.19554483850186, 52.90935351182107
167.69988629686858, 72.29757527035778
198.71748854811943, 64.29601724142455
146.99024003704818, 29.01903391729215
184.73020249066553, 24.874275492290465
155.35326694434332, 27.162851698197564
165.29820199836826, 118.79769728395868
173.38078929166852, 179.87402151466762
138.0013627580245, 59.215767121154904
158.771928271631, 161.37119030900527
180.81150024722422, 4.2775661117236075
195.05097269388187, 94.60551845883194
174.88720796841687, 93.90667837899807
136.68947090516602, 52.26984417561029
194.414009969404, 137.49100512162295
101.76957445714216, 122.30171338945124
137.31208169973831, 118.08560439492948
146.44709604941704, 16.15160567495235
139.6323476248495, 21.170761807114282
137.2391356693095, 10.230400557988695
150.4083483541584, 50.92882921751105
161.43150584111498, 89.75543772308095
127.69755432298503, 174.23667326574568
192.87081373138116, 47.26261741141076
101.33568739838226, 186.72770666574715
162.6569111670306, 1.163994616392583
192.3990123326876, 148.1005202774716
190.43290140247692, 185.51425661370996
180.51213657195945, 28.985100898268136
177.02646146119304, 50.41215802682903
154.01003665292083, 39.389712907726505
126.19750257942792, 105.34032102037716
105.77508319115675, 92.83862196508319
163.46168877131683, 194.79392943898856
137.49638470013394, 71.69516974058811
140.85948661708164, 59.89845926871629
167.94368490796043, 126.71186083770054
102.5179026088099, 110.9723902348217
199.92084702650357, 115.33143670836424
180.8168465671223, 18.474845695733187
192.89942487274047, 144.32702844955378
114.61388897815564, 163.03297494387147
168.55561609589105, 95.20393977746147
119.39669806147369, 141.874161894348
125.45851721990896, 151.13057508999785
104.26646348757971, 125.59742898443058
199.24497781568255, 51.50817145430864
141.99681002620844, 68.31574878759945
