144
77.84178502159021, 75.89473182263625
8.172042834396386, 106.30628269027125
94.21941868345706, 105.38950116441409
57.46637913084708, 187.2924711838852
62.84176838071832, 83.11986878027736
41.913842628751475, 175.27601833936922
60.72853555511972, 109.03507005272273
38.136079593793845, 190.71460954513745
77.71806839386703, 127.94666058241107
66.28344820442486, 90.60717864756236
3.7840501816614025, 192.74735683728386
68.02376944144986, 86.1195483012438
96.67014299486205, 180.14997674647634
67.55498570918105, 49.84714972948676
27.4403549663081, 181.45078171138596
18.657274125558775, 44.6510893506223
83.437750857215, 91.17474363500158
35.95899218098707, 185.13556030596635
21.608586755098823, 33.61366953323013
88.84993683475972, 70.04436683076463
10.085929804617166, 58.333602649916095
45.812401142352634, 183.98924253702464
75.04946382911518, 3.4288267686369167
72.80598954791625, 10.210741043102267
63.318602005223504, 89.5161151548267
16.139231940744924, 192.91897330048724
82.62943258730375, 33.61994874837748
17.165962917782174, 76.46299857566706
61.33469637834232, 46.38687888943858
51.504712450211585, 199.34930984282417
46.804184483764836, 128.9127517016663
65.50205865607705, 160.5505788587942
79.92298696665029, 40.90911795109975
19.075626070331374, 39.27348227017167
71.49840438837242, 93.00111120026182
94.72310589646999, 125.19522733937045
45.133702590568504, 155.0553193808659
79.43249685993713, 114.0293851057295
76.75182181028121, 137.5094637534515
30.488032599463654, 175.70845485564556
34.083867345537385, 22.839033410481456
60.12617682785611, 16.67317075597139
46.593266135010325, 54.00583162340604
18.675311018038443, 105.28659171276706
20.40242581040006, 125.63541770537579
28.926551741017924, 124.08881348690919
38.272200048292305, 76.2964647956139
57.09404632887723, 59.37687607388467
1.990463684847077, 176.5516441193269
60.31026238033718, 19.040823842697606
18.81235684981508, 28.740404230294423
67.68455438941203, 47.30091218338879
37.82022426970363, 2.2598805718281323
41.79648122164432, 23.58300129203692
86.81689991256178, 129.94339415884014
22.546760262723343, 181.40446391493782
64.63155873962924, 42.63901421301539
49.34840140435133, 12.090524037894479
3.451558538003341, 166.30997765474004
0.5381644829031251, 92.69284085288845
5.539699490973993, 104.5391138120395
30.70005587778917, 45.60286803256817
40.47304308850384, 172.00498181100394
16.976319010653985, 65.64260692749895
122.15821497840979, 75.89473182263625
122.59682192530775, 89.2621186916962
126.25617460097021, 31.652054763888682
191.8279571656036, 106.30628269027125
105.78058131654294, 105.38950116441409
142.5336208691529, 187.2924711838852
137.15823161928168, 83.11986878027736
158.08615737124853, 175.27601833936922
139.27146444488028, 109.03507005272273
161.86392040620615, 190.71460954513745
122.28193160613297, 127.94666058241107
107.75144811631246, 22.04464666974495
133.71655179557513, 90.60717864756236
196.2159498183386, 192.74735683728386
148.5178911952126, 86.8598017610098
131.97623055855013, 86.1195483012438
118.75211759775931, 184.39610756353431
103.32985700513795, 180.14997674647634
132.44501429081896, 49.84714972948676
172.5596450336919, 181.45078171138596
181.34272587444121, 44.6510893506223
116.562249142785, 91.17474363500158
164.04100781901292, 185.13556030596635
178.39141324490117, 33.61366953323013
111.15006316524028, 70.04436683076463
194.8049350316276, 83.85285208708983
189.91407019538283, 58.333602649916095
176.66646741304305, 20.55196923325957
154.18759885764737, 183.98924253702464
124.95053617088482, 3.4288267686369167
127.19401045208375, 10.210741043102267
136.6813979947765, 89.5161151548267
183.86076805925507, 192.91897330048724
117.37056741269625, 33.61994874837748
182.83403708221783, 76.46299857566706
138.66530362165767, 46.38687888943858
127.7695876951839, 88.03150032379219
148.49528754978843, 199.34930984282417
153.19581551623517, 128.9127517016663
134.49794134392295, 160.5505788587942
120.07701303334971, 40.90911795109975
180.92437392966863, 39.27348227017167
128.50159561162758, 93.00111120026182
105.27689410353001, 125.19522733937045
117.28430844027297, 193.17730365361413
154.8662974094315, 155.0553193808659
120.56750314006287, 114.0293851057295
123.24817818971879, 137.5094637534515
169.51196740053635, 175.70845485564556
165.91613265446261, 22.839033410481456
139.8738231721439, 16.67317075597139
153.4067338649897, 54.00583162340604
196.25428983073826, 120.22129356193929
181.32468898196157, 105.28659171276706
179.59757418959992, 125.63541770537579
116.80851226980283, 140.1315465262793
188.83980500706676, 94.15619595817806
189.40276592938295, 136.511351818076
171.07344825898207, 124.08881348690919
161.7277999517077, 76.2964647956139
142.90595367112277, 59.37687607388467
198.00953631515293, 176.5516441193269
139.68973761966282, 19.040823842697606
181.18764315018493, 28.740404230294423
157.2603634375852, 63.25317889047739
132.31544561058797, 47.30091218338879
162.17977573029637, 2.2598805718281323
158.2035187783557, 23.58300129203692
113.18310008743822, 129.94339415884014
177.45323973727665, 181.40446391493782
135.36844126037076, 42.63901421301539
150.65159859564866, 12.090524037894479
196.54844146199665, 166.30997765474004
199.4618355170969, 92.69284085288845
194.460300509026, 104.5391138120395
169.29994412221083, 45.60286803256817
162.56968112914086, 168.40826777399894
159.52695691149614, 172.00498181100394
183.02368098934602, 65.64260692749895
183.649390008362, 78.68997152461674
