192
66.0605227561033, 191.2353813905475
94.57745182188624, 174.59645013875493
53.12717669554278, 62.20262586609675
67.1046349346572, 165.0629346786344
30.061860957383058, 125.07829223128132
23.81466662414241, 104.72087224627788
83.30441762413389, 68.61875310610806
52.29938211852877, 177.5151612071363
93.77491923626306, 129.48220028951002
64.70864913651273, 154.30677128514856
10.839269519181705, 74.17471299415482
76.77225134891391, 191.25357918046075
26.083893141448613, 154.00942708411705
27.60914021120422, 94.579419629636
70.73732379958784, 34.89243436724725
94.16803910912618, 65.43493657827091
62.413461751495234, 96.81301808415871
1.0099478667359274, 46.452213091208705
65.6490926244605, 64.72293814563108
70.10375122233854, 22.548422070782472
99.97517037564799, 141.6975476129614
88.5609227644726, 154.00967476407993
87.12680082194983, 27.08195342002324
30.114427676203515, 192.29619603801694
17.946452153839832, 55.67284601585143
61.986848246721685, 14.962501948904627
70.75679257640623, 82.59863759121598
62.81892498438542, 13.345347144900899
2.8430573889147714, 53.236835916279325
92.0488263420116, 117.47509913491018
35.21233742165987, 23.053010527705766
87.80923767700709, 52.85336810811183
33.65530640907116, 126.30761112570343
53.20384603080588, 88.05990411212431
19.83635036057819, 56.003938624378755
95.40217591561351, 181.3880194243474
29.86706580209001, 99.38744298884379
67.4486266766169, 171.25066449620044
76.40819447629045, 33.051113835171186
45.88893137493968, 137.19214870284873
55.19745719088694, 5.920594045923067
4.520611606243962, 121.64615666574845
8.67633433631314, 67.83125540802708
11.978817069051416, 108.49795145341707
1.920084329035776, 81.98677035924776
73.52146801306662, 21.47175999583424
85.83426529391758, 59.411836940416585
97.62387641954318, 80.3451695908101
62.55235612213442, 140.02861378093806
94.31792340431126, 120.75914658357294
63.57612415607409, 45.98023729662053
90.18870176462515, 103.50242918581
12.584500079135974, 73.56497739576311
36.35104807178278, 69.18718442102106
45.72669225039262, 163.5586562913497
6.527049273250352, 187.97966125793312
27.566362954770984, 102.28143640188595
44.27759366911829, 34.29664415237954
47.669582785334455, 46.153022167944414
21.457743797107998, 195.60387394221559
38.358580521095845, 176.22138842491094
4.475160559563962, 131.63653433468522
57.299881129161946, 28.06430142427965
22.45869276420881, 65.35094085827555
12.17426359075089, 198.3321372028464
24.74274562559675, 65.88678169182872
14.333512795804848, 87.5155911119587
48.485861326390776, 142.85924026791713
93.84535880906948, 40.42740281356121
9.684601030292473, 124.12862700360184
85.14727391123914, 52.31099773620289
76.5905415587447, 107.992744110016
41.92509167273024, 173.6834542139941
69.16045549461087, 153.00937677886145
93.4937433987967, 89.88275182511383
13.964604028469829, 35.90278519635102
41.88580588991236, 68.46683894609453
82.90440636911171, 63.44330225037813
78.8806184507321, 21.191712157211096
62.665624363658424, 143.48960701030757
65.41097127474826, 4.478903655955513
96.97041021806821, 60.51047705417303
13.573569385758777, 170.77576634711667
19.941975797108835, 92.63220614250045
84.23089084607729, 80.22116228568072
11.836636565354542, 92.15797058599846
90.63657427485767, 162.63694141347042
4.654242108262984, 147.30876195346653
36.32175820554312, 11.141841190372293
73.62589198288666, 68.97661843020654
88.82888783882483, 167.39560233518074
78.216109980881, 138.32888919389254
0.010613833743855494, 93.31673282396657
29.249453665249703, 26.775083538268362
78.08794606275504, 180.53137563326354
86.26780623446673, 23.11331239910124
29.54049520047367, 16.32318293318957
49.37308633836981, 25.201024184027588
52.798244574794936, 128.53538500391832
73.55523254920743, 172.7838776301132
2.0556628658219167, 1.377402718148546
24.756170884219486, 101.15950515832748
27.736342844694295, 65.4991728770953
16.011429824868173, 44.204499370908245
11.27000070599582, 68.59931340096144
92.59560203740284, 162.54391127315023
62.94234464014329, 79.96732982898038
85.29122563883224, 104.56504829692676
30.458386319315302, 136.05463481459392
72.56794716409387, 6.923445034107378
64.86818436634117, 58.66406035905101
56.937409526229466, 122.14058270788108
133.9394772438967, 191.2353813905475
105.42254817811376, 174.59645013875493
146.87282330445723, 62.20262586609675
132.8953650653428, 165.0629346786344
169.93813904261694, 125.07829223128132
176.1853333758576, 104.72087224627788
116.69558237586611, 68.61875310610806
147.70061788147123, 177.5151612071363
106.22508076373694, 129.48220028951002
135.29135086348725, 154.30677128514856
189.1607304808183, 74.17471299415482
123.22774865108609, 191.25357918046075
173.9161068585514, 154.00942708411705
172.39085978879578, 94.579419629636
129.26267620041216, 34.89243436724725
105.83196089087382, 65.43493657827091
137.58653824850478, 96.81301808415871
198.99005213326407, 46.452213091208705
134.35090737553952, 64.72293814563108
129.89624877766147, 22.548422070782472
100.02482962435201, 141.6975476129614
111.4390772355274, 154.00967476407993
112.87319917805017, 27.08195342002324
169.88557232379648, 192.29619603801694
182.05354784616017, 55.67284601585143
138.01315175327832, 14.962501948904627
129.2432074235938, 82.59863759121598
137.18107501561457, 13.345347144900899
197.15694261108524, 53.236835916279325
107.9511736579884, 117.47509913491018
164.78766257834013, 23.053010527705766
112.19076232299291, 52.85336810811183
166.34469359092884, 126.30761112570343
146.7961539691941, 88.05990411212431
180.1636496394218, 56.003938624378755
104.59782408438649, 181.3880194243474
170.13293419791, 99.38744298884379
132.5513733233831, 171.25066449620044
123.59180552370955, 33.051113835171186
154.1110686250603, 137.19214870284873
144.80254280911305, 5.920594045923067
195.47938839375604, 121.64615666574845
191.32366566368685, 67.83125540802708
188.02118293094858, 108.49795145341707
198.07991567096423, 81.98677035924776
126.47853198693338, 21.47175999583424
114.16573470608242, 59.411836940416585
102.37612358045682, 80.3451695908101
137.44764387786557, 140.02861378093806
105.68207659568874, 120.75914658357294
136.4238758439259, 45.98023729662053
109.81129823537485, 103.50242918581
187.41549992086402, 73.56497739576311
163.64895192821723, 69.18718442102106
154.2733077496074, 163.5586562913497
193.47295072674964, 187.97966125793312
172.433637045229, 102.28143640188595
155.7224063308817, 34.29664415237954
152.33041721466554, 46.153022167944414
178.542256202892, 195.60387394221559
161.64141947890414, 176.22138842491094
195.52483944043604, 131.63653433468522
142.70011887083805, 28.06430142427965
177.54130723579118, 65.35094085827555
187.82573640924912, 198.3321372028464
175.25725437440326, 65.88678169182872
185.66648720419516, 87.5155911119587
151.51413867360924, 142.85924026791713
106.15464119093052, 40.42740281356121
190.31539896970753, 124.12862700360184
114.85272608876086, 52.31099773620289
123.4094584412553, 107.992744110016
158.07490832726975, 173.6834542139941
130.83954450538914, 153.00937677886145
106.5062566012033, 89.88275182511383
186.03539597153016, 35.90278519635102
158.11419411008762, 68.46683894609453
117.09559363088829, 63.44330225037813
121.1193815492679, 21.191712157211096
137.33437563634158, 143.48960701030757
