160
91.49985215161902, 121.64018923079364
93.80375169525843, 182.14085990825032
99.21344512202802, 72.57655816108277
56.69668943601852, 159.46314156933607
22.445428837527494, 102.63730966679954
15.283389634323605, 24.671910688640168
54.68321093445591, 118.59821628224405
69.16055825243279, 133.95288885193574
63.41228289227362, 5.899932201644148
22.685762177439393, 92.53080656222387
63.435673292659615, 44.75816326161102
26.409778808159814, 84.39305251147371
10.10016746369297, 133.60824685812716
77.06287070227607, 96.3482125557965
74.959999394193, 62.01410907187997
66.6921290310423, 78.23248933619803
21.553768137623628, 79.4804012598207
55.91259169730283, 14.313539823825458
94.05043369506379, 43.54012090741921
83.42328248387375, 166.92174038823993
40.44506463753581, 186.69257632908082
46.93238556382756, 130.98738492988343
56.352142413755985, 74.90778174668715
40.06208971084152, 51.998332556027286
4.159217347393067, 73.45888122355126
10.261651991698677, 65.39964305909109
50.34884173517013, 147.65977528766217
61.4592382906755, 54.14722923125844
27.042358006682086, 54.52544162287849
14.64474466151755, 149.57925227259457
70.76681987609821, 103.12860688081335
53.77317255575895, 66.38445397453262
27.503683597144438, 123.20673260460218
55.574716060268756, 109.66471898047463
96.09142647721264, 1.0525647741463828
47.67120094161623, 134.42994948403168
67.02187478306661, 4.2422550546821185
94.00765378383207, 37.60608168595391
6.324674319348084, 138.35461200563512
81.21684812695851, 18.408733642117742
77.00109312269194, 174.48433866974855
99.97579783832279, 80.88346327067617
46.15497954540484, 179.24954777535635
1.6702932986783168, 182.59222059331154
65.62593197404782, 73.15005641166704
93.26970793944474, 116.11868311972506
53.18208237743973, 23.797937730241763
11.602521057518729, 145.93849559929942
62.56252330058316, 138.46561674102833
45.8914764974533, 149.46540418491367
64.16121532250845, 30.734755677914702
15.698738329371416, 120.14849374875459
70.403388841002, 167.34360121962558
33.04164459770421, 67.5165235814013
74.51645038077626, 26.297315435000336
66.89388337315151, 43.6625974722515
79.06221884375088, 139.4549205822234
53.4620668204831, 178.92554530631656
86.229957659645, 115.91838212498502
27.41988717494978, 22.34342384330354
74.45326686885245, 73.28525712696438
41.817822996648054, 101.48620395365926
42.411040973473966, 15.74815706420064
3.992368516643978, 172.78382507644073
81.52502667471275, 74.39325298202007
44.6672882399464, 16.20207732825058
15.821618834079082, 166.92858017320668
35.733284501525105, 119.7747485522422
86.18485238799633, 95.56213604931537
81.46466174097316, 55.437563455052285
71.3802059138034, 65.32265990762957
17.398461493089783, 0.3723711396558862
83.24312001700372, 11.439375529479676
26.614933551328484, 44.991473980733616
93.57438643839127, 92.00000047220344
97.49879330796156, 166.6672621491253
46.304939456605425, 91.53912635223709
35.79364956608211, 52.390242469255455
82.2946685293328, 171.08342219225062
56.783233039097645, 102.70911341861036
150.11157291294023, 123.59240286049136
115.4256015091407, 192.11515192324663
149.3832330905014, 81.395724675558
120.60201926715902, 166.77035578778498
186.2388126793365, 95.42530902998895
167.74510848480722, 38.37956179938875
196.4906872913451, 163.95325191815712
175.17633703394117, 160.58913494947728
143.86001265477609, 81.85420856302356
133.7837801420823, 111.7614872502849
109.28632524177301, 12.59591157219715
139.08235606691153, 70.45085856052094
118.95187144557433, 79.48783125291823
165.86700148921483, 75.14755450985642
145.31060110017128, 106.12860451214203
198.73979682466157, 75.63010364582364
140.82430760543974, 89.69712571065966
173.24478684021418, 61.43106883256089
183.19989025358558, 41.50962583372548
113.64379595665694, 194.04469511334122
178.56885790806643, 169.5177212773454
178.63269896724825, 124.98666726348289
177.50454158016638, 69.07490136847467
168.88123938606998, 68.57814125495393
116.81105280880415, 22.77077027422103
146.08296911187912, 33.2006750342384
180.01486697566517, 115.2529116484228
187.63914640934155, 59.68585154979436
111.02071624823945, 105.87349704893974
158.14910094481303, 138.5850001147337
185.58185960260062, 43.102434207282926
190.26548921794745, 62.238550710273664
140.94171866657763, 91.30542435560731
160.96924576009462, 121.25271839108392
131.00995617656883, 19.312369675454555
127.80920470927072, 96.80909763036618
183.11659929663318, 23.344625041143672
135.97611185975816, 68.38965164088566
165.14761094778805, 194.93971870348813
196.96106159210194, 7.769623063035103
130.3354008525494, 106.67216062423333
130.24645837696997, 12.55327936765358
184.5847695998471, 107.33967779075351
174.87023378013265, 196.1693300489853
150.96194739194812, 54.307729520939496
146.7371736665603, 68.12395294170088
129.14734246293278, 56.912105446808916
117.43609426063864, 76.17486855368408
193.50172832082333, 131.97056927527564
145.092946806217, 181.75127612460216
193.5462930181746, 29.94876526740995
181.53961857798578, 83.17235426626681
108.87056104192348, 118.66225999731725
177.268724391102, 26.002364752400965
104.602153643345, 59.257264153025325
183.7746549502604, 30.552792293650732
132.09191569321882, 70.14346317971503
178.82119933173578, 133.750487825558
167.86671413736974, 63.568952906004796
165.61829124952828, 95.49403737161546
118.25478794413512, 91.03906432764374
191.81584167624223, 138.19399537663617
142.92137575465892, 65.61969733841212
118.86412335055138, 145.6597549638021
127.73123717702079, 133.602407147004
120.86057134377437, 84.91081436915242
195.5533210872545, 157.70566474097964
151.89552700863211, 133.03550057985495
119.30428957298636, 51.78507009660531
119.77298376412666, 102.89277562970196
160.6821836258444, 3.6319142958526562
164.0560135358029, 8.971995746133121
161.6048077765306, 21.519717698711062
123.5733476068248, 55.165518251513475
133.3451006339044, 38.47668325822396
164.01148022796156, 121.33663151827693
143.93696005479717, 146.5393603765819
190.4490708600926, 105.68590638896502
156.8039129404176, 158.6502461057789
139.3521078920693, 162.04881368160179
