208
24.501093898478665, 182.08437519516383
94.1896007248582, 57.1596257523536
7.729605402325957, 41.623287664572594
11.015232677103782, 61.93661175156744
79.78825240498757, 29.70814646648927
36.26975093220181, 77.44811813998227
99.94994693093378, 9.41228102045104
12.240037525912307, 135.7742950634901
52.930229827536444, 91.94275250167459
19.687901924016543, 83.3761605170474
75.64075461634341, 123.32038048384015
68.36394975799644, 177.7388701945972
4.56614202908348, 163.47711325464465
28.973737430076433, 148.41236167324797
29.264830568240864, 165.1410568524452
5.646624870465331, 91.55891932686441
99.28918959711817, 25.445597913828706
93.43064892682929, 32.93595503260414
86.77082498946439, 80.11346314168881
6.066086389995263, 118.70689946624702
17.788439302657913, 184.0579935624839
23.05720100551507, 135.67916181090823
58.2453416175739, 15.829404337799843
93.64037969839612, 130.62792011229283
51.44221162249792, 134.65174055730154
84.46228797066355, 89.30726625635671
64.60859031669493, 150.15071099630396
49.325198110322354, 99.81368793504504
81.77053773705862, 27.844259087499633
27.864149838672148, 102.79847363803974
94.68436512081459, 122.47457825894838
30.77460896808745, 55.191477338175716
53.229499563890286, 190.949790156353
4.926349121159468, 93.66246463374029
4.6286119845526, 177.42170651868764
77.20219968963917, 135.2438932977764
12.538751412110907, 12.177409746074009
62.893347761746924, 1.9612175295676124
89.58405874223222, 49.990282242347604
15.515417657823818, 53.784738594370246
42.246347980565346, 117.65904896268285
61.219752371387784, 20.314571855163493
93.38491353625432, 38.84056392484108
99.31733307150277, 78.64218676302599
94.93209064646074, 84.19756348155897
17.311725804550203, 35.68639007207879
50.91044527228671, 125.77822530512768
53.54535410047141, 88.3272544965056
42.577883804803506, 72.70218877722832
94.77131265008724, 177.60391342750137
38.383102947588256, 55.72064009654483
91.13131044871236, 26.088230716341357
29.84240401221951, 109.97882761723315
83.11183153269641, 199.66676535091233
80.39862578025976, 6.330264875364455
21.639014475965666, 95.41534384893514
96.90417775638545, 93.80217581450721
78.40985000738236, 17.121915493236074
62.751969368436306, 133.12536816418162
80.33059905565507, 144.10386485118002
14.538882630137103, 93.43440237184195
56.430554313975406, 124.74409972418017
79.12978212291813, 25.559191278508138
62.7601025032432, 120.41143303879686
91.58789351404216, 41.27956441927205
92.85392494723875, 108.87264042571367
67.58890856261044, 131.00733128491498
27.429663950366812, 115.18892220760965
58.86643889558149, 26.175806375217793
47.593246956769356, 159.81623233709826
80.69976063339027, 54.59657545005423
37.04946692204826, 118.53656326156067
11.078287391996582, 180.7585932114547
27.7517533122234, 88.29320031174049
32.13871500953136, 187.34355539108677
84.24101591689745, 128.54834889627114
99.1169153107744, 3.9251668385498704
22.84379367569737, 123.10657679788191
44.84672492060683, 66.05765070632327
91.62029570623949, 185.12100374947573
99.83793038624995, 61.9766141101852
96.82608878870829, 154.33123203614068
8.845286175434296, 55.32399843049778
52.809659228323305, 179.394279054756
20.55905917095161, 192.1041927710365
18.221668917048607, 45.5574126238556
52.25358918209134, 77.80388650781309
68.96526970182691, 103.16224811342771
32.461490553838345, 57.20673383040706
9.754237721588277, 1.3325150656975149
65.88255804695908, 172.08884087793643
25.888085631257585, 143.44276299461666
33.7342656301789, 138.66273880268216
24.432743568357907, 144.74666837780913
2.1533586681842243, 161.25940505668112
81.36309260331608, 189.49227715132778
43.952862545000414, 108.09825744865628
24.758938703425702, 18.533058467850626
18.735930435350568, 47.94287722483968
73.1753929896486, 157.04682644063817
45.23001496705521, 4.301597412702796
53.400382198521015, 66.87863209088651
41.70056208262053, 135.7447935625536
92.69006368166308, 198.21511628240376
37.20783974980275, 154.97008066222733
20.761678460145262, 123.73940492610383
62.410535624401085, 99.8602682493169
23.715164683588164, 91.09627894196241
0.5504153183810923, 142.64024854026349
22.08037967997666, 197.5574019974055
34.19589530228505, 148.14077917757734
60.49197055166066, 26.422520134057727
72.58169305712241, 127.6804710446116
73.81088310772763, 129.04235531563359
45.3431305768548, 182.50042086288133
59.437749713528795, 180.86803804910093
34.022081038139206, 52.26441159972532
23.039737513933687, 10.496683199461042
81.2328765004416, 163.3628306903239
6.34064225686668, 48.09303128973854
66.88508789794254, 67.81274424186267
52.86319409286456, 161.59071031803995
70.80284074188337, 103.62741393568862
41.6754935158979, 42.1973139797954
70.07543624028621, 105.54582061082016
57.57047086674427, 49.96959480837886
6.082567750740131, 128.5936410627889
83.58876300111943, 159.5916912540562
175.49890610152133, 182.08437519516383
166.07759056559118, 90.82086102100928
192.27039459767406, 41.623287664572594
188.98476732289623, 61.93661175156744
120.21174759501243, 29.70814646648927
104.53875288864997, 19.05332853465138
100.05005306906622, 9.41228102045104
187.7599624740877, 135.7742950634901
147.06977017246356, 91.94275250167459
181.89637060081105, 65.92475588614202
124.35924538365659, 123.32038048384015
131.63605024200356, 177.7388701945972
152.77821617909598, 150.42126196435314
153.19164671406722, 176.37655171231586
170.73516943175915, 165.1410568524452
153.47226717127555, 152.0010903476907
128.97133086499542, 8.370715637017256
170.5656161013833, 81.86799594259875
169.14222866468307, 16.511508716679547
127.81245246833566, 156.30585790247088
149.595156296635, 172.55650623155577
105.58449806865123, 131.64481364189518
143.46528688898294, 67.69159729866973
161.88795223250378, 148.9117852974095
148.55778837750208, 134.65174055730154
192.95651434224956, 11.116716340990251
127.93397286864707, 122.09915710832495
184.78424754561203, 115.2778198280203
118.22946226294138, 27.844259087499633
172.13585016132785, 102.79847363803974
156.34139982537866, 197.93534523591822
131.2694693307089, 1.6625834199639478
101.46833473227392, 175.02964532488198
195.07365087884054, 93.66246463374029
195.3713880154474, 177.42170651868764
116.17000943212682, 138.55207297832882
187.79089160188406, 24.08931442218034
138.86476012113343, 42.44573388224651
110.41594125776778, 49.990282242347604
191.2679683203276, 56.6661529132279
157.75365201943464, 117.65904896268285
187.61952115131194, 27.50565969588368
106.61508646374568, 38.84056392484108
120.9967727795259, 21.128347040189688
114.04521885713129, 140.63590930843114
182.6882741954498, 35.68639007207879
149.08955472771328, 125.77822530512768
146.4546458995286, 88.3272544965056
178.25279547229533, 27.60749873995392
104.09984211369847, 164.19619020235817
161.61689705241173, 55.72064009654483
147.50461587518615, 53.14066548557075
115.88357700808145, 54.41067498508583
144.29516856689708, 171.8208914729099
119.60137421974024, 6.330264875364455
139.65814152507315, 28.08181076029548
182.0660384016274, 51.9450047222404
121.59014999261764, 17.121915493236074
138.06540391977256, 99.08654811960696
130.2340220158702, 165.81371167500632
138.19128937972005, 125.37141487222334
189.00935235911626, 190.28437858208386
164.5321144428012, 37.86092974033346
198.40474280253449, 70.1107444240859
184.8103073175409, 67.45475665760814
107.14607505276125, 108.87264042571367
115.67012527913555, 99.73972451626396
172.5703360496332, 115.18892220760965
141.1335611044185, 26.175806375217793
199.08243302448548, 167.7957558490624
119.30023936660973, 54.59657545005423
162.95053307795175, 118.53656326156067
178.68101690460082, 157.9948602782381
115.7524425213845, 147.55642652239735
167.86128499046865, 187.34355539108677
163.6197311602926, 194.3746000899163
109.12731186908402, 24.291007595071747
122.01506198900125, 136.3751534031809
155.15327507939315, 66.05765070632327
108.37970429376051, 185.12100374947573
