80
188.3103610848186, 18.32477051472534
116.44835431036795, 92.9531134598385
178.2339572355201, 98.33512294832249
104.64747144039592, 91.88239235135494
101.68117126592907, 19.39108845014339
188.9627933421514, 109.70298285637759
118.0661660389487, 108.13038839465628
139.5174796228821, 4.470182281978086
197.98523044730405, 20.07663993192299
180.12270420270627, 15.824325243682225
181.22705476268723, 89.834934638697
195.87287274885344, 126.03353798416781
197.29352462127721, 146.66901361211043
180.82630059484632, 110.78398258267536
123.50876070260944, 16.496723479012854
188.03614636411967, 194.99566702484378
190.48629048898118, 51.73904781526857
167.49032282835572, 146.8980389286241
111.19754548272763, 26.887080800345696
159.88110681416038, 169.2933494419742
157.6615381557566, 44.133261871231525
184.80623768201045, 100.65095438226994
145.29155931078952, 96.81475925768343
132.8923714246913, 41.984155876701415
105.39798707961145, 10.284944035106802
134.00112604914625, 94.09317748039226
141.30902048600606, 135.8286960698119
185.96738245434514, 153.45373029968783
144.3622644288848, 152.902199605703
130.98658336625687, 9.502522231605258
186.54832286529967, 188.69141496790692
196.65556671008173, 182.8239604469058
127.82945800171177, 97.98269748543089
153.56342081325533, 193.25184737157565
144.34832437567118, 82.82404389744195
122.25068361046691, 169.10381314046327
172.32388829325228, 25.355097266562197
181.76331804688488, 172.7508241294278
180.54159325899016, 168.11373924004732
152.09692322782865, 148.50358620514692
183.31555963933872, 58.93107168908733
157.48439485416426, 147.95438436061625
157.76256299764032, 98.13612960061721
121.739161512665, 156.66936590848897
163.41880516653586, 150.87727809917016
182.10322222991167, 95.85283569953877
193.1746799427493, 128.98622904762385
138.03352057798227, 16.888754503857406
144.97503522914582, 77.28851333682452
104.80922427682047, 115.41194936421067
101.33547802324416, 162.0374569245306
144.640346731949, 147.5064825989795
106.04429417975342, 55.93945006907899
106.44337323161514, 179.5411754170946
164.71501670205066, 73.35928385830898
115.55394812888493, 148.75945925867856
194.3817423582669, 199.24104208822956
154.5434094417543, 177.99055374671664
187.12248530600755, 180.1823292562669
147.13629231286174, 122.2224646866002
192.20416339909457, 126.02268921953164
118.49075976987336, 51.88811802848401
157.54633862477624, 157.47807433307005
173.93265469930896, 51.337189186280256
144.5439340883014, 197.3704887076231
135.41776784416857, 180.31900298367765
130.5936004344071, 81.38018138310734
170.83784241378785, 15.61902226209897
138.42756973894743, 131.91941620165613
147.6531329651909, 16.741954534369597
112.32108015931749, 139.51308193678312
174.10624675055314, 91.10927485103306
153.07671307789997, 141.2247451610309
183.84642633696367, 42.65122829153945
124.96915803838496, 6.668255807276724
110.66501045117508, 130.11724569932883
189.30793104371097, 60.418158739213126
199.45620334744802, 25.724120426756958
179.99061640816888, 150.4519123548475
107.47555153010475, 128.92509656739628
