208
42.021556768506585, 39.315961781110566
36.58252479410725, 99.09016316434294
73.04924189151627, 188.80432862633012
3.964557270095459, 16.563056450845192
62.940752813608334, 19.057992049599303
86.44837794189118, 98.2080865224388
24.413565331311958, 65.83283226325767
30.107662650608535, 39.91575062230339
4.360965466639466, 128.96679187458585
52.444057670997836, 80.35844090936637
9.898908690287778, 128.46786400883227
9.011982409213227, 117.6010557107523
15.963852240602339, 47.55676483664026
74.81180640064228, 131.19692793942937
29.953093429062072, 79.4503789586533
48.106039132877264, 120.05125179230407
14.832940569402686, 121.44532671844897
11.479155024911158, 8.189505631532334
34.27167333557224, 134.8018448691856
36.45610924108942, 110.23339244762495
15.261459881158867, 170.45673212325246
25.60535519915983, 69.29578268552066
77.86170171118046, 12.120596712389386
32.15408101845362, 50.71545036729792
1.830731783294437, 61.322232454342654
16.323994037907163, 84.80161319227845
69.60251925068636, 123.20649904238297
92.04720198493244, 137.88080899741115
71.74138469341771, 90.70988070531921
48.21349558560597, 130.62365102471318
9.375694246312138, 78.48274765144868
15.71259495155114, 90.6779782927482
31.464311477542672, 93.56867474027928
93.26870607966327, 175.61710909725744
37.06810121545547, 104.27007440056562
16.497412776340436, 168.43235749484
96.19407450733493, 27.27229211207134
81.99562511342407, 117.40881828313401
56.45985644035858, 25.182328729863347
36.191997353701275, 27.199796219074845
80.30012030735091, 188.72260085632368
15.930875163809532, 160.63476289569928
32.01316905433556, 14.33825695019455
87.63057158064615, 79.31087519187146
48.23233133412225, 142.5547985604844
9.180566014312708, 171.16218658879157
14.608951204306987, 98.58155436508864
15.567707901074513, 104.55387799489814
19.911043855830346, 98.32020225833898
57.79162628922908, 29.59996840982555
78.39441966543941, 127.08563715182794
36.27792102498504, 85.50635137609535
72.14696477238437, 136.51867784297642
59.416079009186404, 75.35746269750767
50.42841886591643, 16.976807848855003
15.037030052001487, 4.3847967493968465
65.13730989415501, 90.18781049884804
78.43416495859367, 136.24022994277357
59.03403730296323, 38.52741546385585
7.7287922752587335, 49.70325538627334
70.84072265445684, 171.21857522946704
56.065518046971405, 47.82071006177364
41.60430229991784, 167.41205703296455
91.92920536062785, 159.31369935630434
24.386165864218846, 195.3441918196581
58.265106805722745, 152.57552285332443
10.561834931957891, 178.87303485348852
98.28726877812373, 187.78076494101313
74.18745488994968, 37.870382016648854
1.4855481013483551, 5.514866138362251
11.830228923980313, 90.16369751067784
87.3428781659479, 180.52373963122142
23.193577258629837, 41.65252826754771
50.20396936874737, 74.84701829639462
63.82873826711375, 148.84212795805055
21.615043261374687, 184.30104154226058
62.469944650518514, 94.20159966503535
13.669282102054591, 10.371792797463918
51.68531641247635, 196.90456861551772
67.34846723894549, 126.94221751062764
97.45448289588589, 117.83852247066243
44.90960103944015, 199.27965672812638
75.99609129156036, 79.15221497768903
15.212655662738872, 75.913132091234
94.44547383057954, 95.98913491440454
2.525093441160542, 81.92333339638556
47.69777143978351, 20.600497240829686
81.99811160537928, 190.92302117604967
74.5958825301525, 103.5238648343335
71.13178675207168, 84.75314527664513
14.81740810491533, 149.27606866592907
8.25104067763176, 106.82975496663735
64.81533294529089, 27.163367454461863
35.90651711802091, 169.60924834053785
4.518173818108839, 180.35643752931594
3.465123254283353, 48.21388643159003
94.04973560753358, 161.78639643208078
38.07293331765804, 188.18597057230676
98.17109106874986, 183.8665549086281
74.39569363997992, 87.67411434261756
6.970409820560541, 116.72737746271574
0.35847824324759525, 163.6020276024303
42.71597703836031, 165.23212845871768
80.74189801352829, 66.61500980357471
24.939110288099887, 94.8532100277113
50.974794892512634, 68.62257773871401
36.858902176776894, 13.621639843494805
94.01333642284722, 11.952655310324921
0.08686791821536088, 123.08983245059633
31.475589093145608, 61.49800923732205
93.25198117827232, 114.82967802374044
57.201034001274465, 70.84452621953562
30.595495267993822, 140.10467434690642
13.705163723212788, 99.9997561682125
52.075231123033404, 27.59774017070631
36.69158520748221, 0.6069943487685414
71.0004822951793, 25.541130727471774
88.05182028778769, 178.61411950700833
44.71185709956863, 135.3821260001589
6.425027544262518, 53.14953093315471
37.666093615780106, 100.81300910024919
64.07862098505379, 78.80290408732822
38.96047589347634, 177.2359135404369
19.138052763934464, 64.17822958668566
64.81960972594176, 67.16821347559416
14.720150745305272, 51.17165312181691
40.065270556079334, 36.409974571332256
5.157489886097599, 177.30883051863907
157.97844323149343, 39.315961781110566
163.41747520589274, 99.09016316434294
126.95075810848373, 188.80432862633012
196.03544272990453, 16.563056450845192
137.05924718639167, 19.057992049599303
113.55162205810882, 98.2080865224388
175.58643466868804, 65.83283226325767
169.89233734939145, 39.91575062230339
195.63903453336053, 128.96679187458585
147.55594232900216, 80.35844090936637
190.10109130971222, 128.46786400883227
190.98801759078677, 117.6010557107523
184.03614775939766, 47.55676483664026
125.18819359935772, 131.19692793942937
170.04690657093792, 79.4503789586533
151.89396086712273, 120.05125179230407
185.1670594305973, 121.44532671844897
188.52084497508883, 8.189505631532334
165.72832666442775, 134.8018448691856
163.54389075891058, 110.23339244762495
184.73854011884114, 170.45673212325246
174.39464480084018, 69.29578268552066
122.13829828881954, 12.120596712389386
167.8459189815464, 50.71545036729792
198.16926821670558, 61.322232454342654
183.67600596209283, 84.80161319227845
130.39748074931364, 123.20649904238297
107.95279801506756, 137.88080899741115
128.25861530658227, 90.70988070531921
151.78650441439402, 130.62365102471318
190.62430575368785, 78.48274765144868
184.28740504844887, 90.6779782927482
168.53568852245732, 93.56867474027928
106.73129392033673, 175.61710909725744
162.93189878454453, 104.27007440056562
183.50258722365956, 168.43235749484
103.80592549266507, 27.27229211207134
118.00437488657593, 117.40881828313401
143.54014355964142, 25.182328729863347
163.80800264629872, 27.199796219074845
119.69987969264909, 188.72260085632368
184.06912483619047, 160.63476289569928
167.98683094566445, 14.33825695019455
112.36942841935385, 79.31087519187146
151.76766866587775, 142.5547985604844
190.81943398568728, 171.16218658879157
185.39104879569302, 98.58155436508864
184.43229209892547, 104.55387799489814
180.08895614416966, 98.32020225833898
142.20837371077093, 29.59996840982555
121.60558033456059, 127.08563715182794
163.72207897501497, 85.50635137609535
127.85303522761563, 136.51867784297642
140.5839209908136, 75.35746269750767
149.57158113408357, 16.976807848855003
184.96296994799852, 4.3847967493968465
134.862690105845, 90.18781049884804
121.56583504140633, 136.24022994277357
140.9659626970368, 38.52741546385585
192.27120772474126, 49.70325538627334
129.15927734554316, 171.21857522946704
143.93448195302858, 47.82071006177364
158.39569770008217, 167.41205703296455
108.07079463937215, 159.31369935630434
175.61383413578116, 195.3441918196581
141.73489319427725, 152.57552285332443
189.4381650680421, 178.87303485348852
101.71273122187627, 187.78076494101313
125.81254511005032, 37.870382016648854
198.51445189865166, 5.514866138362251
188.16977107601969, 90.16369751067784
112.6571218340521, 180.52373963122142
176.80642274137017, 41.65252826754771
149.79603063125262, 74.84701829639462
136.17126173288625, 148.84212795805055
178.3849567386253, 184.30104154226058
137.53005534948147, 94.20159966503535
186.33071789794542, 10.371792797463918
148.31468358752366, 196.90456861551772
132.6515327610545, 126.94221751062764
