224
47.02450573988045, 166.65802387705327
8.404766764039465, 123.342072769238
70.4743546204013, 2.8414652146325707
86.64722018019968, 88.39128220613792
40.55320032789817, 190.10177986406137
57.156078801123364, 78.78470667458473
50.76206990646875, 10.720956206572252
41.43968513125248, 123.03728545137913
78.20407453999294, 173.34607294022885
7.591653093653612, 101.5406859343378
54.04411496737262, 48.53100784613587
22.05167068801696, 140.82564314979246
69.98840389299754, 54.61953818025783
34.22046135440702, 64.71368073488007
18.566204495588423, 54.239017804856296
6.680721325000083, 8.248216965864486
26.88042367845975, 99.47208636947167
73.7819139320975, 177.73844114454516
65.9535391155118, 71.97535186081484
27.090097557225235, 173.76881274664578
54.70964540690629, 65.87698016633897
47.4935408102229, 1.6180205369734857
48.92461761249888, 0.627953235167098
74.91894297254528, 14.265737170312157
80.35414505873221, 85.35471177762223
95.75202815773312, 158.91738812320858
11.155354204696255, 151.45007651698367
87.85679846074058, 59.91267433230239
93.97781674442498, 156.3052589538589
25.40610603582627, 121.92543517417457
76.68395019982773, 71.98595573723117
69.60469008090948, 69.43719480057156
79.94475964906277, 9.952782047511754
78.11719927502133, 177.83444341236196
29.967665589259127, 43.500357460126324
22.886365960588947, 43.000551249382205
61.126959021184, 129.25859326481782
61.57729638114067, 133.84585664635642
10.316161952065688, 169.27484314429466
22.248224806712543, 188.0848864040969
19.989311788501816, 106.08018651974581
39.4646024603622, 138.06684082220116
75.60170699924919, 165.33664809439597
82.21125712287288, 159.74583301045791
77.9571715464558, 74.27741995009023
35.21349022555347, 50.85139891948523
57.78442673793445, 73.74319168247759
47.29140123484946, 122.89672403247653
68.83543064943335, 186.35428961131052
11.848819955977007, 40.11120670336733
39.76547643423327, 117.3117668130601
3.0445594148615243, 140.1008623137879
36.692656177501405, 47.2697353698417
95.09564265127872, 165.39338032716933
83.75994119796073, 41.12071765933619
1.5943255411089439, 69.05610083754172
17.44950006924458, 135.58769859149803
74.23630680924994, 72.77610814980602
89.78983997966775, 64.12873324714508
13.919984491052602, 190.62998573535998
52.44268089429122, 108.60401066566205
26.68186762772666, 161.281222192644
38.58185996343596, 127.39728935452786
26.362126420987316, 17.985663992898296
74.54719481067285, 17.629171886891047
6.6723095895088775, 52.68522124921911
65.91375141316651, 141.31951787744458
28.044886709742023, 77.36845311077465
99.09038402821331, 77.48337759953274
8.911753320407769, 84.76356560782914
11.626385004640575, 31.66055096820564
12.083272256564015, 10.903779103405355
76.39733477434028, 177.75780468188663
38.66768831564419, 150.40969731073653
19.770005472235802, 117.34789217747553
49.66982091883041, 54.463230109669894
8.65518316955175, 194.8921271797561
1.3825257646448676, 51.1850381707514
17.587778222993656, 2.684179301303624
17.2293412985549, 133.84022272021303
74.15016671887706, 106.80683202455381
76.38653240617185, 53.56124800619546
95.90445136739275, 163.09622049759636
17.851622683284752, 7.094668860430731
96.58589892769464, 160.9561521579871
43.17777592983183, 196.54120890506576
22.131931695141827, 83.68064970849083
18.67882455845149, 195.66983245235292
67.7999514612887, 21.3699330489592
99.70519132667232, 21.12964749247388
80.99434434588012, 197.09258231034178
18.980679431320922, 34.80751223193976
81.43211763800102, 119.04286841144219
93.75796546140339, 185.5379866349576
29.60123818120094, 92.11088830004344
4.308179533635603, 176.0793766822364
81.15371632104622, 74.23006294689758
45.11980857118421, 85.32992879760496
27.049025122155435, 159.27996895912634
99.06645241399244, 111.14958531408452
96.59465279162792, 14.406039276341387
67.37372866320483, 60.95609164900442
19.809013883371087, 86.33648343421845
63.375634684048435, 177.13522360728308
72.03804306766364, 30.877156603514244
78.28450953555634, 8.419597795285672
8.649970730752365, 70.29490254870106
45.210557580181245, 10.206572536550595
77.90220459547118, 12.561144996595619
64.14603970434047, 65.74216729017206
74.55194164061379, 170.21263614472787
70.45470770021522, 91.5995403932323
62.00470414267125, 138.1015377346244
99.33918303250294, 66.81023357489731
92.33515308553648, 181.72330509538173
15.023150641672112, 138.7429017051991
74.90290395871388, 45.91176068054419
73.25580025971738, 128.44019640393643
56.670695754312526, 58.13639240159358
7.812683461889192, 74.40289197489027
46.46710320702906, 40.01841121564096
5.0190354188845205, 95.81095107661773
70.61530895569697, 142.7031407163749
2.246814948360243, 124.1603787069237
85.0839431994934, 33.57397556510791
0.23311815689706084, 23.128596058970263
88.54706392768415, 84.8577457854599
5.690170072020894, 18.01798734207274
96.91044079927079, 85.37896284354716
84.80470438642459, 17.733129752728583
34.908742905393865, 8.602888648170048
45.21026740250118, 124.16419224635715
91.17676453528956, 45.69805197532748
91.24081608332054, 62.36923197873892
81.77509214843509, 16.207425411867348
17.969351132769763, 120.42935475043164
87.19865427363548, 130.91451238637765
69.95624367878425, 36.669974319036534
61.0760236268696, 117.45400436847524
59.60490862311488, 12.24287550387615
93.41573495957802, 86.11708027034604
7.680617658785705, 171.1632408144276
9.09524155653335, 188.76729121186403
72.71002663740977, 58.048419159378064
138.66124071598142, 145.49575422048366
122.17402560874518, 147.62439430302868
141.05885148581746, 11.885953563110284
185.68619857183884, 71.79024826442655
123.81261107530554, 160.42213384333039
142.84392119887664, 78.78470667458473
149.23793009353125, 10.720956206572252
193.27126164962644, 190.83518676490638
150.19697707959105, 100.81474438932109
148.64592531384616, 33.963750349248386
107.63672768079992, 31.43216982161561
191.63636841666855, 181.64100211759714
196.8109184530589, 109.29850862049224
121.83604813985667, 106.30850718935496
181.4337955044116, 54.239017804856296
193.3192786749999, 8.248216965864486
110.51899876499192, 127.99511296599661
126.2180860679025, 177.73844114454516
121.77806103046612, 144.50299092404305
126.14892097363293, 154.47180777638388
145.2903545930937, 65.87698016633897
152.5064591897771, 1.6180205369734857
128.49323118768564, 38.74933883881688
132.16558075410438, 17.80114590359947
157.90664733910887, 38.20886430538428
104.24797184226688, 158.91738812320858
193.21727440974382, 196.64598889210575
153.78216823860458, 24.03077164595606
106.02218325557502, 156.3052589538589
101.68329486676612, 170.68900691127098
163.58107020016865, 90.74518900486031
130.39530991909052, 69.43719480057156
189.76012360566244, 66.94112674088429
125.34875356016201, 159.70924124676503
158.7122824067206, 62.08724577220619
181.89311778840218, 70.95879785189054
114.92683276144909, 193.94382730918664
143.72871315541184, 104.5868288030686
192.0585381039516, 129.24884724026015
106.7337278127237, 172.49916877964048
159.33243098369584, 55.592499030823596
181.49074854777152, 102.83678830182743
189.37227762471184, 137.0133800000585
117.78874287712712, 159.74583301045791
104.34028519413992, 5.6063805783056475
191.96305719773943, 54.97412323941142
154.41286822399226, 33.7307031141509
165.9709298296118, 157.71785405553555
159.28215321956435, 108.02430588246625
114.9769644154407, 97.58046925911732
178.4362701337955, 57.845047762878245
152.43049064431858, 158.38727991333496
117.6707671562847, 31.520347884846345
100.69138304788706, 178.22559549968202
195.35552953823702, 46.30718162599437
121.62068085968168, 23.139700577443946
102.99731264309503, 102.2738621545184
125.76369319075006, 72.77610814980602
163.06719342203945, 1.5663748107860087
119.62964675895363, 164.96269434765517
148.58163534744196, 93.16532168515587
101.85675293463315, 133.3354224429989
141.36269562651376, 50.07051951396895
181.36535606732363, 46.76049835292358
142.52117999834724, 18.019660579686846
174.46050613181313, 106.84321800897764
101.62483807751227, 149.9724010809094
171.95511329025797, 77.36845311077465
111.47163416253922, 123.99494809402243
184.80620359331823, 6.854022902222212
155.2435045152095, 47.515975961421745
110.14355519018744, 24.267533968576927
184.52116838823815, 134.77708377717624
101.13307893491493, 97.72644005418827
187.47182767102646, 180.6890880944434
180.30183528504395, 42.17305483184566
191.34481683044825, 194.8921271797561
134.9713339068084, 118.64959058544207
182.41222177700635, 2.684179301303624
182.7706587014451, 133.84022272021303
