160
83.40843039325647, 161.2090027965985
40.896085857237786, 31.905223183287035
8.431970707330663, 154.94526305496353
70.3246173591872, 1.816286339072212
3.507212753161866, 22.639875251240042
10.0582549168574, 31.375843701228057
17.43878938643737, 126.83028042633033
26.318705745416835, 125.29899018559209
27.458418785072, 4.136566920050548
46.748644158020944, 130.7160760955569
18.624688498928254, 182.64392061348985
36.247062228804666, 122.48393584689786
25.43460916601621, 78.98820008324027
66.17598534481866, 13.277123874646719
21.573809768577025, 139.85191483586982
7.2012835406379025, 96.02302644684654
34.66099261897595, 13.724164526225628
8.729326117973045, 194.4731255713434
82.48552959487759, 12.577980688918736
41.99387213782036, 145.69981898315126
35.45859519895161, 198.10361434875125
56.51603083027152, 112.71496657416317
33.87856425554766, 178.4703372476698
29.170584141128074, 144.05287507459087
38.47692970101253, 147.73769459839622
17.106806557678876, 18.459173928433724
10.936440141027992, 2.9362978087699165
57.9656937092489, 186.6392732017018
69.90245141012066, 162.08463333446844
67.93679906409557, 177.18123234309127
48.132321771432025, 174.45264756719732
77.46902938413028, 90.7608200294624
11.180920453231849, 198.08689944366938
80.04690229882573, 13.19955495575764
74.84382644820833, 137.23898914833248
97.57027738522329, 122.35439348219703
92.83174590288864, 131.00781892676864
50.25092917841373, 170.79233688030143
85.9576745441066, 52.9603987529494
29.119923519252406, 138.814007006422
65.41949667667221, 62.48041344916733
6.291419349819755, 85.16942353238198
52.87418895582135, 75.83730604327484
11.703463721812977, 55.13899423697419
78.35543744385596, 51.653483864657886
56.4818956430171, 146.34961668456617
17.153424194127354, 153.67710588096608
74.46313527567133, 152.13098489815837
97.65148106987219, 136.82463564482683
25.399350508367245, 94.19601486583677
57.917206588881825, 18.83456889010337
89.04372053566374, 174.38581156938417
91.81686435450057, 184.17012429947133
79.90962648692397, 139.84981771075851
65.63323103397956, 20.148524211020693
14.080155559772011, 115.51962458073173
56.86969402534703, 100.95007779573713
36.621046034947604, 136.73132449013374
47.373064449612215, 83.8157254728585
47.09772365337903, 176.64245149434478
35.63216449781033, 44.93163877546706
64.06932998920449, 149.19460175633526
67.90005044042321, 21.337693476943098
8.941744695919994, 122.31712127268797
24.19536144226333, 127.04345675964504
10.53381600816796, 180.02886443847365
23.359361420516457, 92.87056846613555
22.903114199258024, 115.45510871430889
26.35918001032232, 105.00448646166645
52.65260205032365, 61.36306555686323
16.57842793420832, 173.43193658394227
11.649660537357242, 52.693701590139774
33.69311095128758, 41.65005583014005
98.9276378450994, 195.4739321118803
7.629861534504501, 126.886035146653
27.47959358179564, 86.86599488417903
94.90813806177654, 114.35379189617686
52.045954932582816, 51.38892826958411
34.12056168870993, 137.09655721238377
93.3353343816677, 50.174040863610635
116.59156960674353, 161.2090027965985
159.10391414276222, 31.905223183287035
145.4197385514421, 180.27848505874906
195.1097805837741, 2.7705919630173437
183.41093704198056, 12.453333818045609
189.9417450831426, 31.375843701228057
193.15559950046296, 155.59064088772232
106.89201761267671, 58.381399077702234
117.83692818533702, 55.62169865651732
174.42765035559972, 136.94712072040963
181.37531150107174, 182.64392061348985
115.46946698528568, 73.14428026452937
174.5653908339838, 78.98820008324027
198.9072758441088, 19.67232984319851
178.42619023142296, 139.85191483586982
148.376528194738, 27.749350950607198
113.97322710412483, 73.75555890972514
125.17226986621488, 173.312526447176
114.26152468110922, 20.492942273387406
195.70566976594077, 121.9820337103575
184.02353550799603, 184.80033275007926
171.00113953094467, 159.44887457183805
168.1849698024284, 107.75998703379301
170.82941585887193, 144.05287507459087
102.52659445403204, 192.08239010695175
182.89319344232112, 18.459173928433724
189.063559858972, 2.9362978087699165
142.0343062907511, 186.6392732017018
164.37363635058125, 140.3463604315897
132.06320093590443, 177.18123234309127
107.8644768279392, 186.9923562954106
128.34332656046013, 123.8955548298704
113.0150053259879, 147.42989775180598
178.47758718397827, 4.763930478661171
125.15617355179167, 137.23898914833248
102.42972261477671, 122.35439348219703
148.3090433529395, 197.56735676331147
149.74907082158626, 170.79233688030143
103.97272947452569, 33.625802151699745
177.70648957942495, 74.20749853693862
178.39955177812445, 85.91353081421784
139.63153292840485, 37.886257427706504
186.74575699625154, 84.42372758802013
188.41588542380566, 17.578838099924376
121.64456255614404, 51.653483864657886
143.51810435698292, 146.34961668456617
106.67717804310458, 161.23205506178658
132.54522133818557, 110.27355382666737
102.34851893012781, 136.82463564482683
174.60064949163277, 94.19601486583677
188.74157918453625, 21.026829148601124
162.08090946777966, 189.82509497667806
108.18313564549943, 184.17012429947133
120.09037351307603, 139.84981771075851
134.36676896602046, 20.148524211020693
185.919844440228, 115.51962458073173
143.13030597465297, 100.95007779573713
163.3789539650524, 136.73132449013374
145.07056414559554, 23.142350912948807
145.7296747572249, 197.95649163512167
111.56009029165746, 28.13976526596702
199.42789493519965, 132.6003944041558
132.09994955957677, 21.337693476943098
141.88605037136733, 197.5000259049156
175.80463855773667, 127.04345675964504
161.07587663865166, 186.14465900068217
176.64063857948355, 92.87056846613555
177.09688580074197, 115.45510871430889
107.6269795872542, 79.37052182203345
131.8987783304244, 87.83938152380728
193.98116692814696, 184.74824178802746
188.35033946264275, 52.693701590139774
184.25229324727604, 15.728193763937481
101.0723621549006, 195.4739321118803
192.3701384654955, 126.886035146653
114.7055539043105, 68.01050137019011
181.6296880418346, 97.91208855401017
148.61438735482938, 5.457285371164944
128.77138000522737, 143.309455459961
106.6646656183323, 50.174040863610635
