160
72.24389936157496, 100.47363156370128
93.93861920814714, 117.25162210872817
3.299610597462188, 153.87823089903713
76.02161519870681, 72.68135862595331
17.615235498087845, 15.412933819713226
70.51121326681681, 20.545626195961585
31.578818422492727, 5.673654416702645
51.73739348761821, 108.0272964128133
62.432313892666016, 31.370528204851468
74.23787865158799, 165.707968307903
33.522872705073716, 120.02156642228418
71.36331552091507, 16.51263977549824
20.40320549615463, 150.49503352358826
34.761924582572966, 135.69178572691237
69.65941629842463, 122.02484798844067
62.40173405815008, 183.3473373570369
66.16637537023273, 168.43008168144584
75.84684440590772, 122.11738717462917
9.203503033353822, 49.74130514824508
32.376828921710846, 152.75700658460812
1.3758613899638727, 43.77203196314707
69.01167537577709, 49.4990824391276
57.21024885078684, 79.9017191196184
78.31363665256632, 95.1600858181515
94.49886837919462, 66.29424669088777
42.40082725289598, 132.1185691327792
24.66737332577049, 159.27528442001352
46.289619369500215, 49.17444958485433
23.942431442040956, 149.289607422184
62.66402237064352, 149.30454888172258
73.91427410749705, 30.767349442152003
27.464261698212834, 77.57026384646528
76.6723429034774, 92.75749312230262
40.14921903541327, 81.17317720529516
16.10543520364175, 26.406719767582732
10.46495519094387, 127.83875020763713
32.89956132464279, 83.86395844459882
23.234883875241195, 91.6933667629732
52.101133936641006, 95.1870599691742
94.21694039395122, 152.83443651206503
78.21538530632345, 85.50043914176315
11.348819922235066, 117.22341751057132
69.73461940375934, 91.87427298353784
45.7244938626206, 75.04595469788543
12.735753610628864, 178.20168812052773
10.113069848804058, 178.11160558185662
13.033961387696468, 26.274399259106772
7.917348383666067, 183.76062893215828
96.12395443258347, 186.5297943058715
14.847754544731695, 104.13532351642527
5.149567369211128, 97.15948559221835
85.23023067696485, 41.545116555136666
63.16435583850218, 36.6070124204926
39.44605428209975, 198.2614395473951
57.572777012034614, 192.81477213210482
50.619996993712704, 103.64555374059476
57.77776964361472, 131.33857319648126
26.64351671597491, 174.82560423665788
54.013721383471356, 18.11912634995241
77.63746278146081, 21.85974190467972
35.126940515903904, 20.51204078211597
19.90422531813093, 89.445042967203
74.65333217859225, 3.7279614794927918
51.29723930793135, 46.80870283759673
16.73351548366301, 188.0292664514122
42.31517383563196, 35.780898464980424
1.7612605038176743, 156.04623129619003
48.32241020765182, 3.574028742225166
52.90941557144323, 181.24696917178957
28.14625906466228, 199.30669677728622
55.56589143516584, 184.28504423117388
47.239865414082075, 8.468965488813662
1.395850391057929, 71.17188260209468
95.49530758540303, 171.47118918104817
15.916778508519814, 140.74824964374153
84.79939122116748, 62.7922083278452
83.27065844677547, 65.55988767797338
80.46693328158001, 19.423757270757736
54.319485335360575, 108.71072827364094
94.11242140909388, 2.9921106883392445
127.75610063842504, 100.47363156370128
106.06138079185286, 117.25162210872817
196.7003894025378, 153.87823089903713
123.97838480129319, 72.68135862595331
182.38476450191214, 15.412933819713226
129.4887867331832, 20.545626195961585
168.42118157750727, 5.673654416702645
148.26260651238178, 108.0272964128133
137.567686107334, 31.370528204851468
125.76212134841201, 165.707968307903
166.47712729492628, 120.02156642228418
128.63668447908492, 16.51263977549824
179.59679450384536, 150.49503352358826
165.23807541742704, 135.69178572691237
130.34058370157538, 122.02484798844067
137.59826594184992, 183.3473373570369
133.83362462976726, 168.43008168144584
124.15315559409228, 122.11738717462917
190.79649696664617, 49.74130514824508
167.62317107828915, 152.75700658460812
198.62413861003614, 43.77203196314707
130.9883246242229, 49.4990824391276
142.78975114921315, 79.9017191196184
121.68636334743368, 95.1600858181515
105.50113162080538, 66.29424669088777
157.59917274710403, 132.1185691327792
175.33262667422952, 159.27528442001352
153.7103806304998, 49.17444958485433
176.05756855795903, 149.289607422184
137.33597762935648, 149.30454888172258
126.08572589250295, 30.767349442152003
172.53573830178718, 77.57026384646528
123.3276570965226, 92.75749312230262
159.85078096458673, 81.17317720529516
183.89456479635825, 26.406719767582732
189.53504480905613, 127.83875020763713
167.10043867535722, 83.86395844459882
176.7651161247588, 91.6933667629732
147.89886606335898, 95.1870599691742
105.78305960604878, 152.83443651206503
121.78461469367655, 85.50043914176315
188.65118007776493, 117.22341751057132
130.26538059624068, 91.87427298353784
154.2755061373794, 75.04595469788543
187.26424638937112, 178.20168812052773
189.88693015119594, 178.11160558185662
186.96603861230352, 26.274399259106772
192.08265161633392, 183.76062893215828
103.87604556741653, 186.5297943058715
185.15224545526831, 104.13532351642527
194.85043263078887, 97.15948559221835
114.76976932303515, 41.545116555136666
136.8356441614978, 36.6070124204926
160.55394571790026, 198.2614395473951
142.4272229879654, 192.81477213210482
149.3800030062873, 103.64555374059476
142.2222303563853, 131.33857319648126
173.3564832840251, 174.82560423665788
145.98627861652864, 18.11912634995241
122.36253721853919, 21.85974190467972
164.8730594840961, 20.51204078211597
180.09577468186907, 89.445042967203
125.34666782140775, 3.7279614794927918
148.70276069206864, 46.80870283759673
183.266484516337, 188.0292664514122
157.68482616436805, 35.780898464980424
198.23873949618232, 156.04623129619003
151.6775897923482, 3.574028742225166
147.09058442855678, 181.24696917178957
171.85374093533773, 199.30669677728622
144.43410856483416, 184.28504423117388
152.7601345859179, 8.468965488813662
198.60414960894207, 71.17188260209468
104.50469241459697, 171.47118918104817
184.08322149148017, 140.74824964374153
115.20060877883252, 62.7922083278452
116.72934155322453, 65.55988767797338
119.53306671841999, 19.423757270757736
145.68051466463942, 108.71072827364094
105.88757859090612, 2.9921106883392445
