160
97.70875687165383, 120.91738458230114
54.7349413167613, 73.14573158346379
5.314244772591414, 102.18524716556156
4.397109944927724, 61.92345855082104
65.61720491946743, 21.839958550528536
18.618648733493657, 6.49732892663526
14.660553780768815, 109.79919554599262
99.85017679509373, 174.08786028091404
45.96532605191253, 100.49656720686029
37.7094037615898, 193.56936708190494
3.264827287405192, 182.56540257459238
52.551401532636575, 143.79968657533175
92.06883842386954, 163.0962087008707
47.952650484214686, 120.21000611689527
31.786391951871963, 55.344565873619736
85.96160345183863, 57.70094893544193
72.38670387898, 19.401355299105006
91.03925698477593, 119.98443486934858
13.16374207524219, 103.92191103437327
61.25025642816203, 76.47039824464366
33.22281595947103, 178.9400956629962
12.521265815550652, 74.0944297390666
52.07512689703496, 84.6048263107262
30.132840772529125, 147.87873858333433
48.61309569750283, 139.29374136822204
1.6740706356475177, 32.323788367953775
90.06954700168997, 163.66187475274444
46.20736537583204, 56.60910692990615
95.39617489215803, 40.49217187521492
21.402415331267765, 113.0578122683477
29.80504498446934, 99.66307773982915
92.37941335152597, 184.31994196251827
79.69639443404496, 9.995024320104907
25.837466607360337, 78.90723645276768
80.28039651433986, 158.42034520805854
27.173167287755938, 146.08433493853536
38.672532584808685, 50.00191428824354
24.6365448644864, 39.14666341360158
48.36486088306835, 35.9940580281239
2.7910055758221697, 161.21948937953127
88.0580527181728, 89.04925072093243
67.7408640388482, 67.05576711899164
43.37989727803997, 66.43806439864188
50.50329474613433, 177.00054251681777
27.327836601127366, 26.572532885439482
19.387523087135627, 0.18578053267612749
52.46316499924396, 177.41139981816713
45.952619981122375, 193.2258323551197
28.715037008132814, 127.91491096716845
20.558977408168477, 69.14106648109657
38.44347639997026, 156.45878260627103
0.30058135738211256, 143.97580597710547
1.1150975982866629, 46.649929243494356
4.6414923992348145, 91.0780409597098
12.46278402252271, 30.922072073441974
5.526417353367918, 5.281140374270787
86.04704294173442, 10.49206113975638
64.91001092989637, 135.97328478713538
26.833989694541515, 60.380880276938974
91.1444607351678, 106.67721770803938
44.630720017029255, 14.994466504593928
68.19452085591638, 91.21260182419597
82.09897249023442, 79.57250066406219
77.63796025157707, 64.24889280349223
86.25523469971277, 93.58807042264287
35.60240421702421, 187.6558310832908
19.48657765192423, 193.50762387930942
28.771987976075696, 31.952139807745983
64.8628190020485, 141.93271412406563
65.82316069262752, 119.73624518217207
9.171791337621693, 82.61213355539736
63.49794666869971, 76.55304099737718
54.36898816754863, 131.66768572719602
51.43127221145639, 131.6092660774155
58.22270471969095, 42.85308930716498
33.55961258783747, 51.3921683713737
19.3909696048845, 20.732412124627842
51.16724189897671, 16.933222337504894
56.71448903402335, 185.35332525443303
16.317418763548964, 192.7391942480016
102.29124312834617, 120.91738458230114
145.2650586832387, 73.14573158346379
194.68575522740858, 102.18524716556156
195.60289005507227, 61.92345855082104
134.38279508053256, 21.839958550528536
181.38135126650633, 6.49732892663526
185.33944621923118, 109.79919554599262
100.14982320490627, 174.08786028091404
154.03467394808746, 100.49656720686029
162.29059623841022, 193.56936708190494
196.73517271259482, 182.56540257459238
147.4485984673634, 143.79968657533175
107.93116157613046, 163.0962087008707
152.0473495157853, 120.21000611689527
168.21360804812804, 55.344565873619736
114.03839654816137, 57.70094893544193
127.61329612102, 19.401355299105006
108.96074301522407, 119.98443486934858
186.8362579247578, 103.92191103437327
138.74974357183797, 76.47039824464366
166.77718404052897, 178.9400956629962
187.47873418444934, 74.0944297390666
147.92487310296502, 84.6048263107262
169.86715922747086, 147.87873858333433
151.38690430249716, 139.29374136822204
198.32592936435248, 32.323788367953775
109.93045299831003, 163.66187475274444
153.79263462416796, 56.60910692990615
104.60382510784197, 40.49217187521492
178.59758466873222, 113.0578122683477
170.19495501553067, 99.66307773982915
107.62058664847403, 184.31994196251827
120.30360556595504, 9.995024320104907
174.16253339263966, 78.90723645276768
119.71960348566014, 158.42034520805854
172.82683271224406, 146.08433493853536
161.3274674151913, 50.00191428824354
175.3634551355136, 39.14666341360158
151.63513911693164, 35.9940580281239
197.20899442417783, 161.21948937953127
111.9419472818272, 89.04925072093243
132.2591359611518, 67.05576711899164
156.62010272196002, 66.43806439864188
149.49670525386568, 177.00054251681777
172.67216339887264, 26.572532885439482
180.61247691286437, 0.18578053267612749
147.53683500075604, 177.41139981816713
154.04738001887762, 193.2258323551197
171.2849629918672, 127.91491096716845
179.4410225918315, 69.14106648109657
161.55652360002975, 156.45878260627103
199.6994186426179, 143.97580597710547
198.88490240171333, 46.649929243494356
195.3585076007652, 91.0780409597098
187.5372159774773, 30.922072073441974
194.47358264663208, 5.281140374270787
113.95295705826558, 10.49206113975638
135.08998907010363, 135.97328478713538
173.16601030545849, 60.380880276938974
108.8555392648322, 106.67721770803938
155.36927998297074, 14.994466504593928
131.80547914408362, 91.21260182419597
117.90102750976558, 79.57250066406219
122.36203974842293, 64.24889280349223
113.74476530028723, 93.58807042264287
164.3975957829758, 187.6558310832908
180.51342234807578, 193.50762387930942
171.2280120239243, 31.952139807745983
135.1371809979515, 141.93271412406563
134.17683930737246, 119.73624518217207
190.8282086623783, 82.61213355539736
136.5020533313003, 76.55304099737718
145.63101183245138, 131.66768572719602
148.5687277885436, 131.6092660774155
141.77729528030903, 42.85308930716498
166.44038741216252, 51.3921683713737
180.6090303951155, 20.732412124627842
148.83275810102327, 16.933222337504894
143.28551096597664, 185.35332525443303
183.68258123645103, 192.7391942480016
