144
53.47646181785911, 97.19131344745098
55.69062421036332, 198.00632148664937
55.97189555865935, 62.99338401115983
21.517619337915495, 37.67930522862781
51.349603338621705, 3.6649656830049393
75.76610538103293, 108.17725839394573
70.58282732027831, 65.84560768629953
90.74404016696343, 14.672904642459672
60.352051934748765, 129.2416692564104
22.593348880474075, 80.0539386837269
21.658865931066472, 35.32482091003948
33.775660783593, 79.64565354394186
30.00487453874402, 194.46520737355902
42.4783963679605, 122.38119188429464
66.11129825888275, 13.424345204815879
95.36288602946851, 15.261317996611702
92.70698130881895, 93.40041002576834
51.11821847690023, 92.05494372766158
78.4837567305197, 97.32506719410101
0.45675120100375777, 148.14493563191186
71.9699902039638, 47.95539893295564
70.93180953368339, 56.41384331503107
38.160944808962626, 36.106696119941795
79.82826095716005, 127.35768539781827
50.98408170566604, 125.26549620351255
47.625988550577325, 60.70580772606493
10.347400497506076, 37.263417478547666
21.94504600676648, 124.07139349582175
83.09998431264923, 184.62593986187574
77.15279060005378, 109.18156817105806
86.85234141259085, 26.41514465981465
35.93632516880759, 144.10487108179916
76.7806085026726, 180.40259396868552
28.886674726617002, 76.64801561887549
95.60568255028853, 124.26514713076331
30.163348257668655, 142.20776576075795
62.098471351295196, 21.889004628958553
78.09535891276602, 155.75097804872715
41.15578340086054, 94.80499536287476
74.33662123096548, 81.22137024904919
87.21224259863178, 114.0359047412181
62.00907763639897, 171.84727990477055
8.106304310143852, 127.12374406559472
41.07627769903773, 169.69053397206574
51.242765440218626, 166.91631702456908
33.53202189155535, 199.13704510856775
60.00907822230721, 53.98574291043872
29.10969481655149, 69.94972469540926
28.225340433681033, 73.5010474754667
92.8729339543766, 131.91286600744192
4.057477491839956, 149.98045113242569
32.41979314110384, 193.91920834916218
16.3925315716562, 70.6604226461
54.020980687221865, 151.21520107092013
23.172569656435893, 121.21488179561773
39.994159885389976, 68.26528141231873
17.25552023455815, 45.7575294221173
60.101278445292174, 107.57885670107005
78.48250899488815, 159.43465831171815
92.22301750710281, 157.28105520680174
75.3053648368661, 131.08741129323874
69.99886230534878, 9.346348248265436
85.02184576206349, 185.52711462642395
89.26145310479309, 50.21865207388896
146.5235381821409, 97.19131344745098
144.30937578963668, 198.00632148664937
144.02810444134064, 62.99338401115983
178.4823806620845, 37.67930522862781
148.6503966613783, 3.6649656830049393
124.23389461896707, 108.17725839394573
129.4171726797217, 65.84560768629953
109.25595983303657, 14.672904642459672
139.64794806525123, 129.2416692564104
177.40665111952592, 80.0539386837269
178.3411340689335, 35.32482091003948
166.224339216407, 79.64565354394186
137.87003234659932, 36.94951396231654
112.83518908774903, 67.05280032522776
169.99512546125598, 194.46520737355902
157.5216036320395, 122.38119188429464
133.88870174111725, 13.424345204815879
193.29433336616722, 61.21194764026843
104.63711397053149, 15.261317996611702
107.29301869118105, 93.40041002576834
148.88178152309976, 92.05494372766158
121.5162432694803, 97.32506719410101
199.54324879899625, 148.14493563191186
128.0300097960362, 47.95539893295564
129.0681904663166, 56.41384331503107
161.83905519103737, 36.106696119941795
120.17173904283995, 127.35768539781827
149.01591829433397, 125.26549620351255
152.37401144942268, 60.70580772606493
189.65259950249393, 37.263417478547666
178.0549539932335, 124.07139349582175
116.90001568735077, 184.62593986187574
122.84720939994622, 109.18156817105806
161.04434378853412, 165.052728232567
113.14765858740915, 26.41514465981465
164.0636748311924, 144.10487108179916
132.99190223711884, 51.08315357055637
123.2193914973274, 180.40259396868552
171.113325273383, 76.64801561887549
104.39431744971147, 124.26514713076331
169.83665174233136, 142.20776576075795
107.64387444617573, 149.2818410626041
137.9015286487048, 21.889004628958553
121.90464108723398, 155.75097804872715
158.84421659913946, 94.80499536287476
125.66337876903452, 81.22137024904919
112.78775740136822, 114.0359047412181
169.37791706334335, 110.58117863104764
137.99092236360104, 171.84727990477055
191.89369568985614, 127.12374406559472
158.92372230096225, 169.69053397206574
148.75723455978138, 166.91631702456908
166.46797810844464, 199.13704510856775
139.9909217776928, 53.98574291043872
170.8903051834485, 69.94972469540926
148.4238123605584, 169.9096167750261
171.77465956631897, 73.5010474754667
124.68057271072303, 188.58471263217274
107.1270660456234, 131.91286600744192
128.31353232312426, 174.76336647451407
185.83085823122178, 176.5310707463605
104.42650207829954, 5.180009907172178
195.94252250816004, 149.98045113242569
167.58020685889616, 193.91920834916218
183.6074684283438, 70.6604226461
109.41629019076221, 102.4070590100455
145.97901931277812, 151.21520107092013
177.857601567349, 159.88000009330094
176.82743034356412, 121.21488179561773
135.66909326976764, 181.3856962405461
160.00584011461, 68.26528141231873
182.74447976544184, 45.7575294221173
139.89872155470783, 107.57885670107005
121.51749100511185, 159.43465831171815
107.77698249289719, 157.28105520680174
124.6946351631339, 131.08741129323874
130.00113769465122, 9.346348248265436
114.97815423793651, 185.52711462642395
162.040228430394, 81.56003753560938
110.73854689520691, 50.21865207388896
