160
21.836989319265776, 178.61072774540924
23.26113625004377, 27.774169161763346
42.63893710733578, 98.11894566641938
65.96185194140708, 4.028743208685315
25.401342884456568, 106.4411013348545
33.483106881821996, 73.25730434234465
2.0179138445924636, 23.9941588068637
27.239181542307385, 25.24562262381474
47.44507710730825, 163.83125711075974
61.50708854110111, 111.51130379543326
88.00513567930162, 45.216495725359096
48.93588861398682, 84.13425494681671
52.6781359006687, 41.626837001384075
89.02942878668163, 138.8026709206296
41.14545166252425, 140.56673374730946
89.18842215402547, 77.12553554789505
14.779676638782682, 54.20291581336859
0.3960475555469287, 87.56731831198938
61.03708885850293, 197.01288629568091
32.09837808348598, 180.7329391584416
5.727740528981833, 76.04913864065497
20.154049262020422, 44.45931069465112
26.218474684530776, 175.6552004712725
36.26421018753918, 121.77194939441804
30.549335486252225, 129.7039467636626
73.55175442719256, 70.73236079143776
26.58662900430354, 66.50691805874396
69.54801410530087, 164.9812945843105
45.66579962416996, 166.62624351041015
35.75536576447262, 61.919595802748006
48.656077587495005, 159.34129286733247
76.56483496249139, 26.77285836062142
52.54454218990963, 111.58936032854261
9.813355981478907, 67.25868521224714
90.79550356977657, 69.194984630049
0.017399831661757403, 184.2937628601848
33.60214734473179, 142.43233810122945
8.03508853191056, 66.1811455314494
90.53805046180861, 175.5206927718339
0.8191122295339675, 26.169007315301332
7.135590938015689, 174.74751859092268
97.98246655192092, 149.75717506203688
54.17701883072837, 186.61019810027364
77.82065693704048, 198.28250676962796
0.37335582905177844, 52.3634833454085
89.73014050385306, 5.419511165846758
0.8580591524624879, 68.3993518600159
17.19251327468595, 103.53054571957384
72.63303689183466, 153.00132142756587
70.54878890883707, 144.24978404502403
46.761122876058245, 137.64988156057967
3.9760136888676527, 70.05126143597998
60.42001029645745, 71.33509747635755
87.17697731364082, 93.32623457053
2.348127206902774, 80.91752930625648
30.183232128700666, 158.24005299546428
50.07527833692611, 135.4850120374467
51.50245900154666, 130.60209674971802
39.90237038474278, 32.15518483974569
60.21111485588064, 108.69760483582563
44.55407381460029, 142.27610973809163
18.77772348702861, 5.879008511949351
59.85975138855794, 44.420207522517295
12.902211022206572, 68.6143672724162
18.68330338872044, 106.72466591831342
6.406238497671104, 65.45807734500539
72.21017742116234, 56.76039898805091
60.69312685585988, 113.00767199239361
4.962803161374417, 185.4961447307613
82.70336523305637, 72.36098972341262
65.11588709621194, 169.65503639186076
62.30116414426511, 165.15159665325535
67.61622015124388, 132.2310941230778
94.10940422578994, 40.9319840980812
40.33969247192907, 61.77451423185957
75.23036109403313, 155.4267331433576
87.96260671943213, 155.4938338620164
58.42724030249573, 41.53314330577045
71.10177782550574, 47.62188171926552
65.33331144828418, 88.87943377567663
178.16301068073423, 178.61072774540924
148.86815372200653, 56.53978331148151
187.30601809558846, 74.89434336441623
134.03814805859292, 4.028743208685315
152.29862359390648, 112.64962925505853
125.4340488227252, 101.72740848988893
144.94176441462287, 44.41672855828149
142.56674609278153, 53.93898659987863
152.55492289269176, 163.83125711075974
145.93932618813733, 191.09441750137532
170.06784127369244, 95.82735061399991
146.17831051324094, 48.36523634493126
180.62835916984898, 16.373832402323085
110.97057121331837, 138.8026709206296
194.5986880055243, 143.76370985294392
110.81157784597453, 77.12553554789505
178.93871371696494, 24.897840785824798
123.04085207134753, 54.57762241145288
138.96291114149707, 197.01288629568091
133.25656394049366, 199.35620414306527
152.36146421252275, 144.85409000869421
179.8459507379796, 44.45931069465112
197.93644922887103, 144.8608727040535
163.73578981246084, 121.77194939441804
106.42257433140816, 194.13751037955933
177.6947897483003, 121.51184205858854
195.6094905165921, 128.74742194925958
114.34798836468208, 106.83773485979393
197.25263052250597, 192.42913765305957
187.4913900322133, 105.80416712637184
171.02074031701358, 156.36507484833209
120.07913542203063, 59.092170448834345
117.84662034976952, 137.23330100355517
169.38245056683306, 2.250819320209252
108.75939537459269, 146.0929665048051
199.98260016833825, 184.2937628601848
136.17882305937854, 186.91569956238737
124.0810353421135, 100.12476964093824
109.46194953819139, 175.5206927718339
195.12976247813523, 25.657788364714396
173.42968485727718, 116.6616463473467
167.95669432088187, 101.94691600631036
156.16927734173706, 168.33379090940645
122.17934306295952, 198.28250676962796
194.65193640576823, 12.366396628823306
110.26985949614694, 5.419511165846758
141.12391813952655, 38.767334617374914
131.80804379124004, 181.5878620909177
143.64596031636552, 82.38615864750093
168.47415487637036, 138.44243963472914
135.90588560997287, 183.13680639673024
124.83401542018721, 121.86139840087841
182.44151316776842, 94.16140367722419
134.5707950729692, 156.52923446994023
169.81234069786058, 85.59810664840187
166.03207558098669, 117.72088221770012
153.97669508594205, 155.83796786707228
148.49754099845333, 130.60209674971802
175.26476308633283, 47.0363208285419
176.76607970554383, 45.986610065082246
183.9981862112229, 178.00674965596443
196.25847585142853, 46.73734778101131
100.06749396840654, 88.46631991226997
111.32175100363462, 70.18074973627448
181.31669661127955, 106.72466591831342
137.57399214200518, 113.34671409025599
194.413337055851, 104.14191855256907
158.03359676432993, 90.69057958966526
171.7639770989316, 150.14919327164057
189.23156738382107, 145.94057997818862
138.7268905858068, 155.6852743616149
186.41335379610848, 93.53998833271287
141.12892108312084, 179.66832264538465
146.35085961444224, 73.31064682212126
157.16930656446, 34.12229563811806
128.0193783825748, 122.3671956851366
112.03739328056787, 155.4938338620164
192.56746423000746, 23.13958447506259
128.89822217449426, 47.62188171926552
123.49458763001198, 48.19069126500584
