240
53.49727137647541, 84.80664394908177
30.787227791108617, 184.9192885478473
12.214285081979659, 4.615422306075945
78.38315389145613, 130.94163053848297
80.35628687950442, 42.122589787656864
75.4927828418995, 72.94478258290262
74.05711259202276, 129.1115756045884
98.5264677660137, 4.927826909138888
57.99267793163416, 165.50911678273496
63.211611758773344, 43.217901574234
51.309577173172535, 95.40476812485569
64.23583750868693, 50.638492613649966
48.19250260177537, 102.83473354661811
39.85860973778998, 46.14537538666483
81.88642803062743, 164.3422329633518
83.58313012324342, 102.10860520955023
6.999741328320386, 77.19951326011632
37.03088047972338, 149.90186358225174
63.76645709992239, 8.601716343241339
59.4745658891712, 152.84460632662282
34.23440004950069, 149.97446087207425
92.77631690547763, 190.80866878122472
61.13482158843934, 33.01971815927733
87.67862044700469, 58.928980398479865
88.38644618410223, 100.86251472664274
67.22792790842672, 186.26793007921324
87.70360135089183, 177.4495008434397
95.13898681657902, 19.111685743092544
9.8324986020347, 22.576266535847168
66.17531859129824, 106.98511059634912
48.84018135857884, 53.02003704929892
22.79143820612557, 158.09002766630047
39.34004595171341, 120.05349935977088
37.197158974912256, 8.791751138173897
5.461243557252359, 47.409428645967424
28.96223883326585, 74.58846090375783
1.1801374000940723, 50.5852330237724
73.77873297885341, 97.14010074439501
81.45395987209018, 143.53626344774045
44.725883517909935, 108.41318117547014
66.71639664403621, 56.79655932711347
24.976883499356372, 105.52960637465914
52.4882653588671, 26.196804749845448
49.58141620348212, 65.29189591316764
86.25789437423475, 46.09165759610248
81.75982228472895, 76.4654369577872
48.87879856327631, 159.8689402076577
81.41751514222081, 175.36534458536283
10.01421077926471, 87.80845746893635
96.64778607981674, 173.29777033466976
27.19615758943951, 50.25933225708241
42.86660026487936, 133.08909999096156
18.344351764103784, 165.34382785764225
8.370599599539485, 131.92964401173347
68.78518488221653, 125.19610684449505
74.04183573782095, 163.2822806161986
70.13676049560338, 188.21281334536468
39.29107379070367, 146.98935463698757
81.51580905994574, 21.900098195579076
76.28634741191574, 70.7720862880956
65.75572638054706, 132.17510869671324
17.649449800570583, 162.10931143102144
24.505606727343697, 118.42234358050719
83.34818505932914, 124.13477395896746
12.152738874688474, 47.74904567937597
17.633166991496594, 77.74208389109543
5.5758006683922945, 155.57812525235713
2.6771290683871407, 111.11560681123365
89.16750918548757, 29.010898549843223
80.53716421483117, 7.320694417541307
50.1980213348852, 169.66000097920553
26.365167461051787, 120.47161668587303
24.279714619545935, 172.61211737696974
94.63700675050637, 47.9204209769601
46.50922252148778, 195.389264863657
99.02587262559356, 37.08525929082364
26.8311547694578, 125.33987604918447
25.172803851354974, 50.61536076264639
88.93225148531523, 76.04130666974278
13.604309616929111, 91.21715346182239
56.831982735741406, 46.35609452084781
98.11030204694958, 110.44054318853951
30.176170535420454, 191.95290399083774
22.509048446301783, 95.17920371066427
30.79449479381825, 46.57896995870357
36.90918898196822, 53.278935533078034
55.08396239395004, 56.718437971450264
24.772797015925807, 58.809602052526124
25.42070682815707, 68.53677264908136
86.65363058962184, 44.43243657497624
19.28927491372584, 198.9532594840149
31.243851675000467, 121.34375050063998
30.38263338201267, 29.414104649088003
1.8661175868079694, 138.91464281446238
29.94382939046415, 117.72880199313633
77.21335567796746, 139.9381528053744
47.26551613508862, 27.25004192455751
57.536446111785665, 10.69309761385895
26.199386308470263, 191.79241730860636
92.78200603357024, 89.14219085890389
87.5312617020653, 106.76990737006633
57.874828395986725, 144.12685207983031
24.39759274593779, 169.79678520509762
85.16783649301382, 95.54765037891617
52.5549871212893, 31.828927131405194
97.31596147543922, 127.11903413576415
43.702201686626154, 26.95703203484623
30.96647515745782, 20.84179856657855
86.19883187665465, 27.388324118901373
1.7683712787420869, 151.33965763801422
65.61053352957418, 76.35176405928188
67.34152580175157, 103.32628828089344
20.338091903681168, 109.08927336625014
66.16074333491663, 182.29218004420318
50.963098493521954, 92.95366299814883
60.38313002208252, 55.2408169450205
11.655162254697448, 70.26055706820323
66.05409952911559, 62.74575391813413
79.7171271816841, 96.52594704909932
25.023788586148243, 108.89716962566706
51.717931819657736, 66.29176894813989
90.94853848036546, 83.22351642381254
75.3810756675518, 61.70381664262703
60.66559292725374, 184.78519491968538
23.164961911475544, 168.20073528967373
6.55371492704484, 174.05817268692124
43.081478689567, 140.9823963819883
67.7833137189205, 61.8404376292909
40.437521137176915, 179.5694574704406
65.51552972321532, 92.89419381295205
71.44255366440707, 44.108684589602376
76.41139979646586, 159.15962839865557
21.152080356701454, 6.726247205609659
0.13383974905691876, 55.95400430039632
15.43694327014119, 124.14347213624903
63.95009384624507, 132.64587952940212
95.25666222347905, 61.43199727326012
61.85164167170938, 3.219632203643119
41.421201049306646, 116.65992298101125
15.700903693932766, 160.57942233017354
7.591029921609227, 50.69138864096352
63.35939803951419, 31.786284639405338
2.1159110188022523, 109.10289441867069
11.78066862697138, 171.73460568906162
23.793035764915828, 99.15177529423282
99.50912016213667, 90.06634597295789
58.88485900730955, 178.39789398127016
67.52446775297332, 4.867172814910536
87.98904532646488, 133.6203384230124
81.14758940892054, 30.382306870414432
81.59270290333335, 140.36159222917078
25.3024584232727, 135.77010661578015
61.65336861365578, 59.89069996137366
35.051683325854896, 13.546930845275963
94.99827280259898, 66.94526832076848
18.71115792069005, 42.60820682044822
76.40178202736352, 3.7580186080863553
26.856927930290652, 117.70250651591454
36.64698465191376, 18.003434803639394
24.606336657548013, 190.1498259327822
146.5027286235246, 84.80664394908177
169.21277220889138, 184.9192885478473
187.78571491802035, 4.615422306075945
121.61684610854387, 130.94163053848297
119.64371312049558, 42.122589787656864
124.5072171581005, 72.94478258290262
125.94288740797724, 129.1115756045884
101.4735322339863, 4.927826909138888
142.00732206836585, 165.50911678273496
136.78838824122664, 43.217901574234
148.69042282682747, 95.40476812485569
135.76416249131307, 50.638492613649966
151.80749739822463, 102.83473354661811
160.14139026221002, 46.14537538666483
118.11357196937257, 164.3422329633518
116.41686987675658, 102.10860520955023
193.0002586716796, 77.19951326011632
162.96911952027662, 149.90186358225174
136.23354290007762, 8.601716343241339
140.5254341108288, 152.84460632662282
165.7655999504993, 149.97446087207425
107.22368309452237, 190.80866878122472
138.86517841156066, 33.01971815927733
112.32137955299531, 58.928980398479865
111.61355381589777, 100.86251472664274
132.77207209157328, 186.26793007921324
112.29639864910817, 177.4495008434397
104.86101318342098, 19.111685743092544
190.1675013979653, 22.576266535847168
133.82468140870176, 106.98511059634912
151.15981864142117, 53.02003704929892
177.20856179387442, 158.09002766630047
160.65995404828658, 120.05349935977088
162.80284102508773, 8.791751138173897
194.53875644274763, 47.409428645967424
171.03776116673416, 74.58846090375783
198.81986259990592, 50.5852330237724
126.22126702114659, 97.14010074439501
118.54604012790982, 143.53626344774045
155.27411648209005, 108.41318117547014
133.2836033559638, 56.79655932711347
175.02311650064362, 105.52960637465914
147.5117346411329, 26.196804749845448
150.41858379651788, 65.29189591316764
113.74210562576525, 46.09165759610248
118.24017771527105, 76.4654369577872
151.12120143672368, 159.8689402076577
118.58248485777919, 175.36534458536283
189.98578922073528, 87.80845746893635
103.35221392018326, 173.29777033466976
172.8038424105605, 50.25933225708241
157.13339973512063, 133.08909999096156
181.65564823589622, 165.34382785764225
191.62940040046053, 131.92964401173347
131.21481511778347, 125.19610684449505
125.95816426217905, 163.2822806161986
129.86323950439663, 188.21281334536468
160.70892620929632, 146.98935463698757
118.48419094005426, 21.900098195579076
123.71365258808426, 70.7720862880956
134.24427361945294, 132.17510869671324
182.35055019942942, 162.10931143102144
175.4943932726563, 118.42234358050719
116.65181494067086, 124.13477395896746
187.84726112531152, 47.74904567937597
182.36683300850342, 77.74208389109543
194.4241993316077, 155.57812525235713
197.32287093161287, 111.11560681123365
110.83249081451243, 29.010898549843223
119.46283578516883, 7.320694417541307
149.8019786651148, 169.66000097920553
173.63483253894822, 120.47161668587303
175.72028538045407, 172.61211737696974
105.36299324949363, 47.9204209769601
153.49077747851223, 195.389264863657
100.97412737440644, 37.08525929082364
173.1688452305422, 125.33987604918447
174.82719614864502, 50.61536076264639
111.06774851468477, 76.04130666974278
186.3956903830709, 91.21715346182239
