240
27.20519965235649, 120.42320179039413
92.66360553046762, 5.346072749398907
46.043409519932105, 75.58287776529018
91.29190785608719, 18.01393975473567
26.500176963431517, 32.195978504887535
52.743978807571416, 43.128438329908164
79.34429497459638, 169.71176037120506
75.65061988841471, 162.17393758623234
76.23603055945271, 101.24587900042434
58.24404352021006, 51.0490508985257
9.021852509538824, 64.67758977569716
80.65496685213715, 175.80736913219016
86.04164490110752, 9.461447204344694
32.25690416098674, 171.76671653560356
86.72294054395446, 14.01417153295614
34.48181669778738, 69.71463849060544
71.24415699381886, 58.13398928354573
74.323207192982, 7.041349262182173
14.07856218360996, 161.10274048026713
12.417136940093862, 27.24962846595305
7.158776592332792, 150.21800528030022
38.03017010903177, 95.37607278745757
8.205192588698587, 8.593909435140823
5.458818569541528, 166.51761869378598
55.60774423205935, 34.525191552101674
32.60610228002217, 120.56900940771288
28.520012049531005, 66.84793519682974
9.806511655542621, 107.7195178237724
34.21535380329234, 167.9118006031415
89.98847269673715, 94.11186874079884
48.48117520709038, 20.791197473611632
85.37839989743992, 86.49689292808569
97.05096273175542, 101.73202397481474
44.224875133136756, 186.96343449414888
4.920685578483319, 139.6741253817557
78.77279340200795, 196.60581285630903
79.57610525710214, 18.792147573448467
95.56786093931939, 15.461242413539356
88.55306111551498, 20.57180303909644
51.74309656548803, 120.50677935351919
20.259309022270465, 46.57600714469598
15.205879615997418, 19.714295232991212
7.319977583730207, 39.83730970057611
23.41441050206886, 86.49122720044501
53.145488181646684, 185.47677352373205
51.51834766461599, 165.10898526225463
68.25866081920927, 199.7354971707229
88.68511331223439, 78.64373539190264
86.47384985998212, 2.3024812011056355
25.524979369919876, 124.58393599937698
73.78448598674458, 96.9952149659017
46.29663201098999, 199.54825750972898
98.61600768618791, 125.30692034095907
82.90005476805705, 80.33589238195793
78.5578136799276, 20.707145817998505
92.00399976307382, 73.3483438393198
62.6415370586523, 77.46342321577383
23.883124860916368, 19.50270399204981
99.54613466431024, 39.51024540222525
96.95864083608244, 130.3902662288082
41.024189236022124, 0.23578643941029664
77.37039431816584, 13.259769667752607
97.33610406705313, 48.331616293089326
92.61689593630079, 8.761763396708758
93.93580509578747, 180.43292444618183
21.255488201902658, 177.84354069867186
65.7582550038479, 36.38527193550887
69.95898145218592, 155.3010285311728
48.012870369557156, 16.54918418756742
9.31658394497401, 123.66997530061461
68.70994705687649, 27.194932192917804
48.98583328507871, 147.1519868605316
8.150846377139661, 106.03372555016671
99.19279675287777, 121.02929977915954
27.179129371156506, 183.9458062047227
73.24063560244932, 25.92360156343181
62.134878594817145, 69.49901971750421
0.8890853078635317, 32.67409867750271
24.728472202304737, 133.7872633929455
45.589052003344804, 104.38345292639832
55.102884609896094, 63.23726645014291
33.05166073729205, 161.66050928549325
5.892978281600792, 12.110212406912947
19.47971699291262, 2.908280466485058
93.19676656252034, 107.1396538702414
56.37941321436065, 47.51801272991321
15.845426836020016, 150.27700564297615
94.39313908215786, 177.64203569211352
40.45128700429027, 126.14578637176834
48.635186006763256, 106.68920030780495
10.586565526030189, 87.82855999569603
25.09185768140536, 11.99468344591006
24.533112997661522, 102.9399550116896
65.99011644668904, 75.38226299354017
38.54857882462274, 63.8840443768991
89.33618724451175, 127.89439219056666
90.25238240202734, 187.8344148082562
55.49184429064204, 72.00323328140344
44.83951702508951, 27.816774080787198
45.82112591929237, 59.86859001646601
28.609801938432323, 25.30714251794435
48.25700520526174, 96.66677727167763
39.067646914044715, 112.21690525292249
49.993576038903555, 3.0530794222973556
40.22194603887939, 142.2544082758031
83.62918715156155, 25.53192175237271
20.3309667621562, 58.58756836316401
55.03255129467108, 4.843611265336278
77.32762156156264, 54.3748251236138
35.57201312011261, 118.73392605093073
81.87706813066217, 98.74855275567518
45.09830702450701, 108.43553615779516
83.0467183058621, 56.928943034142264
39.71240223998572, 198.91255455196205
26.354637528758463, 146.81298336730708
48.36156715630009, 109.20897792843955
77.01377000389786, 24.586950081837355
4.745999744018626, 171.9411663421971
32.2219108342282, 190.03341841107147
51.46091974901053, 110.83033788970002
88.60827161765347, 37.613883567438336
59.89857976210055, 195.26096280713426
49.16366248934859, 149.8707300923391
77.04019558099337, 176.7936529814217
5.35711280003156, 99.92266010877005
63.117518836304164, 139.40880618819327
24.67342476394595, 162.25105875450816
11.890100212367905, 101.14015243518999
38.80799128347879, 121.95569172902741
48.1802353284754, 168.71215653413483
88.176224317318, 80.81409634477363
21.57101099865123, 31.72817241657029
30.494290684217507, 98.43787192240443
32.89033090179093, 143.09977165463513
91.85344373109763, 56.39310545643288
15.079909966372307, 103.79165872244711
3.5188832830755468, 7.1482697903726855
41.730515686554625, 105.96255414320832
84.56205098502174, 119.83704115676603
3.6290705791989675, 16.507705556187435
76.08717437493017, 59.99181643524465
30.640603191140126, 63.947176809472815
76.57582762722042, 148.88657252895322
4.686630828148286, 94.06581427841898
94.4061799984139, 38.20188116887737
97.566611920928, 18.621897707782665
11.796874156852343, 189.66869709863423
34.26304922402924, 132.01653858132875
33.70956485139164, 101.16012391040981
54.653763877338015, 60.961512781156515
74.34885136981501, 110.5191123113116
89.46374252517579, 145.5563010951748
71.73300339852547, 51.231023756085634
70.55180887683576, 143.29198419971078
74.81066488709078, 183.4270166231396
66.33903552659939, 49.39253521100693
88.13430867478463, 132.71606973765296
67.451514030772, 33.940254185531856
67.40741800336123, 111.34594100856341
24.27098196831584, 4.072965414406182
153.49618649096294, 70.69177995887492
104.1107366316437, 45.09071114315082
199.7972169090851, 147.17106890851784
154.57544773143954, 9.08205834591065
194.06575063013497, 101.40933538329753
184.15135714817472, 12.578709691114543
122.55461198772849, 163.66482323239745
190.54702942707695, 195.24839195902703
129.5035285213015, 166.9613948364089
149.81943445884667, 1.7893887813336784
140.41250073583655, 13.852022176386324
115.2127333430663, 151.2025799116239
183.05421991323135, 80.80083486684175
174.96721941140206, 104.75321711783887
180.73656193823976, 67.39631483180905
126.69593473637836, 55.792391043951724
102.53477273773561, 89.0305823321063
126.92301776715962, 32.529513173798684
108.77666246706991, 162.68189345751833
160.62956780732665, 83.62010803590397
143.8700100249538, 169.28066817045163
184.76165019543043, 62.675327668827975
146.37783571980995, 29.81551670211251
161.29383294881373, 119.73194385244102
172.66814191023605, 75.17044073767171
109.70300072847613, 184.3319959182963
174.6281602577358, 64.66824549838104
177.8143882997485, 39.40953830650136
182.905057245438, 115.50918962373275
142.02622803923862, 92.38996353110507
130.2329009282057, 42.34666191980476
138.35890884086382, 78.6470273905752
161.9701432276893, 32.026184603905605
192.34827209890307, 178.393208273507
189.1193818966098, 67.08949884380498
153.16677507347424, 122.2496274715171
164.75558194372755, 61.265943263530055
180.88542162859326, 10.549748171622486
117.01372328879494, 10.760277092026715
123.3737236689326, 123.60622430227166
116.5102742746173, 89.45828846342872
155.66799838460184, 27.397798795969287
127.57683402016082, 16.658192421637686
112.61544423018032, 87.72899275789796
171.0767145350845, 199.24509133772895
115.82852351250501, 133.9359207561383
197.27242017646572, 169.60212612701682
165.1533410981668, 128.27752230280768
153.02116516180325, 42.00186764578855
123.95568054307135, 176.29779903770736
145.57824418639373, 110.61822408636657
197.20900209239306, 190.15311349318836
103.12601191892703, 120.00648483708733
118.47089829233538, 88.72826192358585
186.52321605130868, 17.520909952892506
186.06379361778772, 92.75307251738629
121.109804301325, 104.35687916984047
114.40868816190812, 56.63856505099669
124.20021683606825, 86.81267791630962
182.31524190527824, 133.96015934305393
162.72364785222783, 4.836624989758653
194.48797485552345, 20.739546892189466
182.2976232990434, 34.43998274522713
149.34506076056607, 73.85767471674907
143.1614799763267, 190.2044113021935
145.87965691394118, 162.5744235148905
145.18246158604563, 100.38231335434753
110.18511474724546, 177.38831507533942
151.2097143653341, 59.90172186787828
170.7817158552756, 77.28297905418096
152.97360561475176, 44.46980814263577
127.53424002127487, 188.4513823768063
193.4768826968221, 33.43634614924309
169.0323129241918, 64.93003568434781
180.84216530878837, 187.85297400689737
147.55348837888084, 20.017196102218882
161.90760198581012, 141.23748990145185
164.69520688266385, 104.6150704118171
170.4245015572889, 185.96575311750578
127.75123608544405, 156.91277333374686
