176
19.42540313371488, 164.0714421160099
47.84527380209388, 58.98830085805318
95.83565741126557, 11.899788382525678
16.34907336180733, 61.87849819153883
85.82316035543825, 145.42318749928344
61.084300567564874, 163.3106466453906
51.77870040617768, 162.52622673381111
23.80701878055268, 112.13722745342393
34.309096246563286, 105.91075003547725
30.499891276966896, 29.92014322301788
62.84583484679973, 24.922751594378447
18.525341488124127, 176.208819478623
22.75448269919883, 47.51415454791332
28.87162317936488, 52.08175259792114
69.98682289776964, 105.57170084452355
76.06566263979505, 31.918662086495697
2.6484126008325615, 157.60751622837884
87.93985026876437, 127.0676912283176
67.44773851220816, 17.948072346788322
26.442760128133603, 65.13763022834613
86.85816581148748, 11.33179062453491
45.64082327547704, 65.06192322651667
32.838695645708235, 131.0978084910725
75.0997582122208, 43.14556262907201
46.91595020037064, 72.03225817083221
10.758967948427589, 157.39436089239268
61.932355985399276, 47.31543631332422
43.94486440724569, 141.05398145393465
70.2519309532675, 155.7260879291473
12.797570572164297, 29.90345797580096
95.60578187307827, 67.57962438592612
86.39596339085449, 138.20846847026962
88.35903751376605, 88.18122088671787
37.791527653497916, 144.09683166962
79.91978832500244, 99.99863237849618
92.52711986022422, 151.0853779655157
23.89142949348152, 199.68470820741592
66.34501076696219, 96.24816546978946
63.14222054245575, 150.46726822791982
90.5384222613634, 65.49066950850049
86.34161376025766, 86.29829860201205
57.80057102581895, 14.058657928048945
19.375595519764055, 169.30781973211785
16.829630193936197, 52.07245850326678
34.2602314293855, 49.782243685854446
44.98231839436475, 58.564998865544425
53.2759325570576, 79.89434852590729
63.25563749406291, 62.88101149091243
42.99348090757309, 172.21880227500168
41.77507755497215, 17.361796336385773
97.53652174688726, 128.527563149899
5.496184197494502, 192.47286389160888
8.886991968670477, 151.35579947343615
27.45165293181907, 33.807633298325925
86.23515209544762, 164.90575247883262
68.00774241036856, 77.2298520074035
40.51228741817423, 188.42303796320084
94.8687985614712, 107.62896303599814
98.07595557922528, 9.630570099520375
67.25379857039472, 183.46757287220768
42.69486711807966, 6.281074294145039
89.51158677749159, 13.946509028732113
44.605397630213, 100.68671661749453
47.57022317666038, 199.68601903537763
2.1933082750012267, 23.969192890260093
33.13731092262058, 148.49349724143474
72.72551514258336, 48.102539427779554
89.8104786452524, 106.34319989446944
43.46233834171906, 18.426348002962612
14.9802383305617, 137.89431927263396
59.15926267755961, 181.09147331487227
5.2616900503334225, 184.0088003708569
3.339515305085494, 180.3561966109329
4.603183657762234, 14.642295616646429
94.44231470436205, 56.46251458669942
52.07716237228021, 132.01604921252525
66.86272755058175, 153.00902641245605
14.162027724913596, 57.57997569611351
31.167712853063634, 87.42249826926947
40.68015525565046, 192.27834656747487
84.08307454615101, 180.87516238073357
81.17532131989798, 165.93942570334764
16.095884381890258, 14.80221027213342
52.59131620413818, 85.95342617266478
87.50718529615791, 6.675565750082879
80.16965015814743, 188.15500431829415
10.169142734629844, 168.27963404859904
92.99020161293475, 116.55210594639476
16.36591714642821, 4.86567867157266
44.71118081309587, 14.287834504747421
1.7243544419588752, 34.52205676372528
24.540284995784877, 146.48410212038044
11.189457677871017, 125.0456343375028
31.875040731858796, 83.00348454149287
40.81871344638072, 27.52100701741089
46.18498223067128, 99.5771203274636
180.5745968662851, 164.0714421160099
152.15472619790611, 58.98830085805318
104.16434258873443, 11.899788382525678
183.65092663819266, 61.87849819153883
114.17683964456175, 145.42318749928344
138.91569943243513, 163.3106466453906
148.22129959382232, 162.52622673381111
176.19298121944732, 112.13722745342393
165.69090375343671, 105.91075003547725
169.5001087230331, 29.92014322301788
137.15416515320027, 24.922751594378447
181.47465851187587, 176.208819478623
177.24551730080117, 47.51415454791332
171.1283768206351, 52.08175259792114
130.01317710223037, 105.57170084452355
123.93433736020495, 31.918662086495697
197.35158739916744, 157.60751622837884
112.06014973123563, 127.0676912283176
132.55226148779184, 17.948072346788322
173.5572398718664, 65.13763022834613
113.14183418851252, 11.33179062453491
154.35917672452297, 65.06192322651667
167.16130435429176, 131.0978084910725
124.9002417877792, 43.14556262907201
153.08404979962935, 72.03225817083221
189.2410320515724, 157.39436089239268
138.06764401460072, 47.31543631332422
156.0551355927543, 141.05398145393465
129.7480690467325, 155.7260879291473
187.2024294278357, 29.90345797580096
104.39421812692173, 67.57962438592612
113.60403660914551, 138.20846847026962
111.64096248623395, 88.18122088671787
162.20847234650208, 144.09683166962
120.08021167499756, 99.99863237849618
107.47288013977578, 151.0853779655157
176.10857050651848, 199.68470820741592
133.6549892330378, 96.24816546978946
136.85777945754424, 150.46726822791982
109.4615777386366, 65.49066950850049
113.65838623974234, 86.29829860201205
142.19942897418105, 14.058657928048945
180.62440448023594, 169.30781973211785
183.1703698060638, 52.07245850326678
165.7397685706145, 49.782243685854446
155.01768160563523, 58.564998865544425
146.72406744294238, 79.89434852590729
136.7443625059371, 62.88101149091243
157.0065190924269, 172.21880227500168
158.22492244502786, 17.361796336385773
102.46347825311274, 128.527563149899
194.5038158025055, 192.47286389160888
191.1130080313295, 151.35579947343615
172.54834706818093, 33.807633298325925
113.76484790455238, 164.90575247883262
131.99225758963144, 77.2298520074035
159.48771258182578, 188.42303796320084
105.1312014385288, 107.62896303599814
101.92404442077472, 9.630570099520375
132.74620142960526, 183.46757287220768
157.30513288192034, 6.281074294145039
110.48841322250841, 13.946509028732113
155.394602369787, 100.68671661749453
152.42977682333964, 199.68601903537763
197.80669172499879, 23.969192890260093
166.86268907737943, 148.49349724143474
127.27448485741664, 48.102539427779554
110.1895213547476, 106.34319989446944
156.53766165828094, 18.426348002962612
185.0197616694383, 137.89431927263396
140.8407373224404, 181.09147331487227
194.7383099496666, 184.0088003708569
196.66048469491452, 180.3561966109329
195.39681634223777, 14.642295616646429
105.55768529563795, 56.46251458669942
147.9228376277198, 132.01604921252525
133.13727244941825, 153.00902641245605
185.8379722750864, 57.57997569611351
168.83228714693638, 87.42249826926947
159.31984474434955, 192.27834656747487
