240
72.10209812418677, 85.53658882085038
87.93351650327789, 176.62452937503568
59.49636217369263, 179.9015759934993
57.07982452440813, 29.190493530362005
0.11190154387095141, 122.19757385098113
76.67540185319895, 34.12605840478018
31.105412763146024, 27.659073397890488
1.163871261347238, 170.47424137833207
48.122676597570035, 126.91014861494602
21.440342416057423, 28.102368731792126
32.8209649202831, 34.442161840385936
11.33116269586376, 120.6864754429541
62.97769901191952, 157.60438741396732
95.45379978176747, 12.727524569274973
88.54345215780745, 102.80440599080454
22.888328079089625, 78.75847272055113
58.944256478957925, 118.56197083385689
46.49292104472903, 182.85645317245474
97.99407262219391, 20.03780112161726
96.79343452712375, 84.48200877965022
78.33030794916749, 156.8376080167074
27.726351378905967, 109.71762554726413
41.195447527479054, 130.0574803280303
65.1063426995776, 83.5419007962601
45.65180380888133, 180.7518812134174
44.625310792157734, 118.70356860473538
60.666648276783754, 121.58288405167497
63.17287525231264, 55.09510058047884
4.86648231372897, 184.99543931474201
48.704644798170335, 41.79836845684739
57.077858973559906, 35.825546486322054
2.277200411610192, 109.6756057877559
49.600367765033184, 125.68637216976317
20.878304161053805, 36.075066605039005
49.58894628864604, 49.08618705625643
85.73643256879319, 32.24476542105494
31.935564223155055, 110.98363208389766
76.62461490803784, 181.50601832457744
20.863522669939794, 98.30003446050864
1.5610620418505805, 73.23297354451294
22.035919948149505, 151.71213793312305
80.70576366278736, 28.440721473253895
18.24397200991924, 129.88124581987876
62.483939562330484, 136.08547371961885
6.2102240398786535, 96.18403738729562
77.02532756938739, 141.33190348852946
39.972875905473614, 197.8096511076102
68.13168894014228, 97.46361537689576
32.249606738083145, 77.03086286991233
5.625961844752181, 101.55890928314331
68.85020240932614, 62.66379361731924
13.764946736048135, 128.14375440358452
45.30737545121567, 121.21157049092666
30.828258401897244, 81.39204246450498
22.811486698403904, 92.58619594789977
88.66268228224823, 199.73852722146427
36.84348361149233, 86.10703930642094
87.32394862917079, 29.136919072826693
43.28797774145683, 61.23233841822966
51.93821937440889, 143.09062189206895
54.14223307324566, 149.2877385078654
53.508498141122175, 35.033338203271484
48.391815577965716, 196.80297677176196
61.824885639238246, 134.31586881877936
24.518376757303194, 195.81005117827286
64.80506102230564, 27.9714482481608
45.14681328261505, 176.57998134690925
52.63837110935194, 169.79021189504763
75.46933480182965, 138.03022428593562
24.098613891243193, 5.884527056814415
4.9929086952364194, 150.5446632549703
74.01190047232991, 71.0574679179591
37.96950459144273, 24.304575640610725
95.75434503128436, 49.5834869300259
59.21253243098501, 129.4622741663485
8.265506866588845, 61.857699619745965
25.823895464773415, 182.9836012823987
42.322301697589815, 18.31952603267446
48.15583712328282, 55.82338520959347
11.822349130529542, 36.10605888754756
41.788362832259395, 119.6159805589836
37.96501320557556, 15.788718410558111
8.542380371015978, 154.71164201177598
44.004969631752445, 103.08545789691665
5.48145627875204, 129.70215529988263
55.9429854188882, 193.28808491285986
50.687468701514184, 43.413037323065694
28.673761623830707, 2.0581036386499107
41.26280353433953, 68.21068871404083
83.27554537438273, 89.55881269072523
82.51291821342663, 104.65884516094906
14.806355189221964, 68.02651756357861
4.478059121903211, 140.26092379163853
26.9454423575637, 106.28598990012476
46.50492008768953, 96.38472948026975
27.332146143497727, 4.566835616394083
52.788300686200586, 44.91549230955209
80.78467927935709, 149.1376958761229
93.93268967495261, 48.48967887458675
98.52701918624493, 114.08810047403915
63.70672017544277, 18.3772066844043
65.73441652219947, 170.8155412161948
8.96598301867445, 132.287787074587
83.85287474032553, 93.62740018539697
34.825072003550986, 18.01334916362123
96.63726190225684, 114.67186624818231
89.67482236584011, 175.2250687155044
25.139478223467716, 109.24139004346087
66.66011531564855, 5.792983394273876
95.80870354887269, 192.64451211754482
72.74273659206406, 186.4865403590764
88.13711190329637, 147.1995791594487
2.582820643189365, 0.4927497121640867
18.253503363244604, 53.714084597756774
51.94736916774486, 117.24610136143968
61.71291800160992, 37.2737208783676
52.26846296017793, 43.03128150447104
3.1765074140290173, 32.794225404961885
42.0842307394111, 42.70317608613172
24.32659744388098, 145.975897022582
90.84019201572526, 182.6069596533651
58.15907343441968, 49.294234488203934
54.548338568226406, 73.89524771164425
67.00695415196817, 191.82601890236265
85.59625147336783, 28.938183439265398
8.506467052879996, 115.56547065780552
53.317247691887204, 188.79191057015927
75.81612416907636, 8.907840247727616
96.12948431976368, 37.84967479198416
79.12553197600846, 1.460772853224146
54.17109712831879, 50.00825642261144
32.87937123693195, 176.99959418071535
73.30402426804928, 111.36918451941875
72.6670052999073, 196.5743655359185
45.08663937289068, 79.87223781248443
29.171554980445947, 12.12286009230441
47.573461886848044, 72.23748005254276
94.47611239840654, 167.54920962899823
6.490033501889247, 11.493993596822548
49.36209485582024, 26.768916572769896
23.24367826861756, 134.98977717646036
38.871879494740554, 48.29086215097009
96.90642542704423, 7.238355991261636
32.859731332166575, 156.91243838952244
67.55563701665743, 162.70126821249983
20.958092734160473, 196.42984398459146
85.28195836620742, 22.49818453993837
0.6094383979054707, 114.50657872717811
61.67660862829225, 81.22877155340471
19.796163657407394, 168.3829616663016
16.577058058521533, 29.14462382887777
6.7009315702375005, 138.85187053760743
68.63535582859836, 194.73226156435618
81.21909833035437, 131.72535156512046
64.91059237970802, 98.19765854275903
83.34074375505858, 146.50945192336204
34.14359638605101, 143.7896315668914
68.8785018632401, 34.7304396085151
96.7093240809018, 160.35655073459952
46.09442952322631, 126.30777759675098
127.89790187581323, 85.53658882085038
112.06648349672211, 176.62452937503568
140.50363782630737, 179.9015759934993
142.92017547559186, 29.190493530362005
199.88809845612906, 122.19757385098113
123.32459814680105, 34.12605840478018
168.89458723685397, 27.659073397890488
198.83612873865277, 170.47424137833207
151.87732340242997, 126.91014861494602
178.55965758394257, 28.102368731792126
167.1790350797169, 34.442161840385936
188.66883730413625, 120.6864754429541
137.02230098808047, 157.60438741396732
104.54620021823253, 12.727524569274973
111.45654784219255, 102.80440599080454
177.11167192091037, 78.75847272055113
141.05574352104207, 118.56197083385689
153.50707895527097, 182.85645317245474
102.00592737780609, 20.03780112161726
103.20656547287625, 84.48200877965022
121.66969205083251, 156.8376080167074
172.27364862109403, 109.71762554726413
158.80455247252095, 130.0574803280303
134.8936573004224, 83.5419007962601
154.34819619111866, 180.7518812134174
155.37468920784227, 118.70356860473538
139.33335172321625, 121.58288405167497
136.82712474768735, 55.09510058047884
195.13351768627103, 184.99543931474201
151.29535520182966, 41.79836845684739
142.9221410264401, 35.825546486322054
197.72279958838982, 109.6756057877559
150.39963223496682, 125.68637216976317
179.1216958389462, 36.075066605039005
150.41105371135396, 49.08618705625643
114.26356743120681, 32.24476542105494
168.06443577684496, 110.98363208389766
123.37538509196216, 181.50601832457744
179.13647733006022, 98.30003446050864
198.4389379581494, 73.23297354451294
177.9640800518505, 151.71213793312305
119.29423633721264, 28.440721473253895
181.75602799008075, 129.88124581987876
137.51606043766952, 136.08547371961885
193.78977596012135, 96.18403738729562
122.97467243061261, 141.33190348852946
160.02712409452639, 197.8096511076102
131.86831105985772, 97.46361537689576
167.75039326191686, 77.03086286991233
194.37403815524783, 101.55890928314331
131.14979759067387, 62.66379361731924
186.23505326395187, 128.14375440358452
154.69262454878432, 121.21157049092666
169.17174159810276, 81.39204246450498
177.1885133015961, 92.58619594789977
111.33731771775177, 199.73852722146427
163.15651638850767, 86.10703930642094
112.67605137082921, 29.136919072826693
156.7120222585432, 61.23233841822966
148.0617806255911, 143.09062189206895
145.85776692675432, 149.2877385078654
146.49150185887783, 35.033338203271484
151.6081844220343, 196.80297677176196
138.17511436076177, 134.31586881877936
175.4816232426968, 195.81005117827286
135.19493897769436, 27.9714482481608
154.85318671738494, 176.57998134690925
147.36162889064806, 169.79021189504763
124.53066519817035, 138.03022428593562
175.9013861087568, 5.884527056814415
195.00709130476358, 150.5446632549703
125.98809952767009, 71.0574679179591
162.03049540855727, 24.304575640610725
104.24565496871564, 49.5834869300259
140.787467569015, 129.4622741663485
191.73449313341115, 61.857699619745965
174.17610453522659, 182.9836012823987
157.6776983024102, 18.31952603267446
151.84416287671718, 55.82338520959347
188.17765086947045, 36.10605888754756
