160
3.221358259111561, 122.86110838174059
17.50520392009169, 123.26461277010897
12.185793217193222, 131.8862311830009
53.09382959012465, 15.240238286596295
92.78744801291563, 93.31185132620298
92.8697129194793, 14.05724090159496
77.65064092391582, 173.7030000955291
20.377637593502396, 181.06801556021367
46.707351933878414, 55.507517052823545
61.496624770620215, 52.676603520390294
12.883087690738327, 65.75929163839331
8.472309491686637, 181.69623740458292
67.2545403910849, 61.30768411733267
27.600877457173674, 38.519876759896675
99.58568659767087, 139.56299490528136
35.39034767596211, 55.89729795446476
6.439752696998445, 166.40255317643093
70.71236413125357, 165.20755641518397
76.21671003335013, 64.62970428647479
62.778883163535184, 87.00561686150084
8.688991436242446, 89.04027974480692
90.09808186925108, 73.17721829875848
84.24815598643693, 122.85142176772048
53.15262072018563, 94.45368407032817
62.466312254944896, 18.582495999678834
61.608114155449925, 90.85390481129204
64.8098437671914, 160.37146354780907
24.904387952142105, 95.72818218836052
77.96451663371128, 23.009809095138657
48.82344765704968, 130.37176569792433
45.426617855889404, 158.89501594288677
77.76708759976057, 79.39204761216502
75.14079083495075, 99.1948066979248
35.788856966014094, 140.64057427624425
52.46150147016955, 135.21565668032196
12.553401519537788, 159.55772961563696
15.371385586215657, 171.69104286822227
28.116873535720032, 21.926619492646893
46.3077051579372, 58.27255566945956
76.07298070885962, 63.034528284503736
40.56633812375112, 84.89269201220199
84.94781151638641, 67.53873930036835
47.7844400866531, 118.59887909978781
55.85834983364037, 159.28304846529133
91.85831501783683, 191.67156118917777
17.565638199664797, 82.13310501956123
6.796445414720398, 140.35153057507785
1.587879499853365, 30.79052114530544
53.555189685676154, 13.463482750514114
50.71280979550858, 67.16854788555871
72.41387673286023, 119.56045524426048
80.34209381608743, 186.85766859201837
14.611918359387552, 162.1182935935596
22.213943095743826, 111.28490793550299
82.08909677907815, 34.29454971557453
15.856270485730832, 146.23226647856927
35.60725658847338, 71.57204495526376
4.303330136346233, 124.76203658887955
42.95151365356914, 179.99569906571276
57.143436559956015, 61.62894796464404
97.88059644051383, 115.66008257004069
61.74727132209901, 171.04673864167876
91.13965588397885, 133.30068622960937
20.891462973849542, 155.9348471755369
70.24475893955736, 135.7270973991578
59.675014454881, 125.8816276078452
99.06584055551215, 56.283557353369915
54.12269210973138, 197.30702996675453
51.90508147405968, 68.75431100433127
40.23799415744869, 35.963008807362826
86.44021591260893, 134.53572807685282
47.43047990520271, 4.801317164680739
43.7557103052989, 134.9109432036982
61.490531898509346, 23.393154522697657
61.25168726526411, 147.6616385265212
7.123100688152427, 102.3368779674037
20.554934871001507, 150.63752473434286
44.831301048856446, 31.602230222203488
60.64527994642233, 68.90312102027214
33.10909166915359, 162.6892877928014
136.74781841870498, 161.6295491876023
185.49804883344922, 88.61472026488761
119.25560521514943, 140.5224446519402
189.67671956677793, 42.13969396309649
142.34957867174893, 124.86429246494781
117.5447610250783, 14.813738838434398
102.30328935510073, 168.31683046624818
197.41548497350962, 135.91675112890712
135.2070045928194, 92.82072836061322
138.5033752293798, 52.676603520390294
187.11691230926166, 65.75929163839331
139.0665313101426, 117.08123657374144
132.7454596089151, 61.30768411733267
156.4292399080575, 97.44511804938354
164.90426488397046, 143.6565672309597
105.77688083162832, 0.1854149962984497
193.55127554558334, 180.49550315269548
132.81321296956347, 195.5124624484465
123.78328996664987, 64.62970428647479
129.7668489738887, 153.95649039347117
115.72496572701478, 63.204505662335684
109.90191813074892, 73.17721829875848
115.75184401356307, 122.85142176772048
146.84737927981436, 94.45368407032817
170.7533302856554, 40.03438098884391
198.0759717012937, 26.117778324260566
135.1901562328086, 160.37146354780907
175.09561204785788, 95.72818218836052
122.03548336628872, 23.009809095138657
194.08315760692338, 53.818478412007174
115.21718998351233, 172.992051315721
114.6484980753515, 132.4416417649671
166.54008146574998, 139.94429720847816
175.93673186180254, 195.6124394589163
172.585050266958, 159.87855449604524
187.4465984804622, 159.55772961563696
184.62861441378433, 171.69104286822227
171.88312646427997, 21.926619492646893
108.21487732227685, 98.48562001172625
123.92701929114038, 63.034528284503736
159.4336618762489, 84.89269201220199
115.05218848361359, 67.53873930036835
152.2155599133469, 118.59887909978781
176.78232950213103, 187.67231631062188
108.14168498216317, 191.67156118917777
156.76868983451482, 27.509849939563892
193.2035545852796, 140.35153057507785
185.13681641976632, 6.006919233542085
173.5715049512625, 26.72894070978513
162.6229085090983, 3.2251977712737245
129.56621812105715, 195.91575277865542
119.65790618391257, 186.85766859201837
140.68807636219208, 120.93738595323494
177.78605690425618, 111.28490793550299
180.9001888016532, 36.51529733302618
117.5559262275449, 74.00190102299406
100.95755289034959, 16.895804417271233
183.67765888082306, 151.03824688732718
157.04848634643088, 179.99569906571276
142.856563440044, 61.62894796464404
102.11940355948617, 115.66008257004069
127.72979130249067, 138.75502366386817
187.56853891589762, 137.1933994408045
162.4866737117174, 177.98220303323188
135.76241544486356, 198.13308972175454
105.22342635212468, 168.45908142428522
141.8778049593197, 96.64220319311974
145.8773078902686, 197.30702996675453
174.53962293856526, 112.1479197693571
159.7620058425513, 35.963008807362826
113.55978408739107, 134.53572807685282
129.00616231275507, 46.38481189199577
156.2442896947011, 134.9109432036982
138.50946810149065, 23.393154522697657
138.7483127347359, 147.6616385265212
174.46733030986647, 120.3927625085568
179.4450651289985, 150.63752473434286
155.79672110135715, 92.04729810571479
139.35472005357767, 68.90312102027214
199.3764294454039, 177.5911037039855
