160
42.295213234748644, 29.548476536642546
80.40502675915168, 22.40463442559011
76.96433605552164, 111.89778298305232
38.25780885631612, 79.24967125138843
72.82389542405555, 103.1069941528057
57.15002121436405, 106.01694260523773
97.19910187241797, 16.208695826502098
82.22537167794144, 129.6826092500524
35.08514773741746, 27.663079617133164
44.27883895454167, 59.56871750276057
82.17729613576975, 187.9801091251217
86.38387171095869, 58.39215314672717
37.856840216910655, 131.40724592921651
71.88722516912726, 95.91751367099629
43.332475006381145, 19.980606042516456
84.06947004243722, 95.65702013969232
73.9114129752054, 170.27947152644924
38.95308726993525, 42.01907763968006
2.0930149820188646, 131.35102029334877
70.85127920268495, 5.657866893739605
39.87734839228249, 120.57286678908406
41.04611169963472, 173.20238027904688
68.8549362767185, 141.8361749660744
36.94425712400572, 103.75683881148191
27.382861435373684, 94.14183697428217
81.26622211783138, 84.41417062759385
60.10555973902153, 65.57134357889615
35.07113983413187, 6.691549081257388
40.31702047824679, 148.62495715796138
81.2249396392535, 66.81535440792872
57.34901959591387, 31.011449853576266
35.81455644704867, 188.93365038923338
11.27688633424274, 60.161012941793444
49.608526329933056, 170.12389407815715
16.061499546723212, 31.681415525874094
3.63617501196115, 16.38278621417893
10.129021960712016, 28.131668781970138
50.81943376482009, 98.87044297220258
44.759510112385456, 89.79783815024075
89.97872629579653, 93.42618289349721
91.05176990234538, 81.50675189404046
0.9322712080027244, 117.54982098972332
9.291511318091004, 185.69573349178205
51.27503035854244, 56.896928375683686
5.013064162248014, 151.32743848941692
49.92501120669534, 184.10401929869374
22.46663185078701, 66.2121925640296
83.48611512149236, 63.244203995439584
20.155902962658097, 184.65144630536417
5.788142423026841, 46.75876027231031
73.4606735107227, 107.81381177776433
66.8632556655137, 183.34505038737814
10.517675916764276, 108.4854153739184
24.975075055887885, 151.6673716645577
43.64668559058678, 115.18847963859018
66.39428828223168, 76.94943061165358
16.631324248184356, 69.1139786679569
11.509112364540087, 47.092580177258455
98.11108933222175, 172.45298185294337
91.57383054240589, 85.13270899326817
31.388362372187444, 189.32671763411352
91.14229901339455, 63.864574914050316
78.37398084963078, 90.47239158241463
61.04963448911485, 37.10656034590495
89.72437557427122, 29.435044903652173
60.50490348866106, 110.64255599621615
93.88806502888295, 102.55373685170142
70.29646760256823, 87.91413195562795
58.23101970199281, 158.45637215350183
71.22721990289412, 75.04785449365005
18.080319482789008, 136.8243835331209
99.82682245238026, 82.81303843020419
24.470255501447483, 6.607799283943237
37.88033205274125, 69.3394016288551
18.75032843690457, 69.10274681442345
51.91869467383711, 12.343374744295748
39.055620952627805, 166.77689418874263
29.608024719948276, 147.34371692009523
39.204695591511054, 100.80769551939467
67.97712226927818, 172.07674678709134
126.32530899609844, 53.44782795583571
131.25741076976692, 33.96074825905959
121.80282666059475, 69.2982710297842
118.20947564144986, 37.41372761527231
186.99249621525206, 31.52303436983772
111.8686493055277, 61.78831686104631
102.55615732045732, 5.3984744191724054
140.6766908354238, 63.887378282104464
195.45646418875282, 31.38285835048009
103.86098515480809, 63.83906088104232
151.90916365505615, 156.1537234848392
129.5552011378191, 32.94201167679978
112.72393851950001, 131.84265032152967
123.04075556111293, 154.17809750274566
168.83970744454, 95.87037816339128
121.50195548183957, 167.32346713009093
163.11071980544773, 148.00597496823121
136.37061403719167, 110.65796805850323
144.8447946481491, 120.31876606400796
133.39611056983225, 22.984001515763563
190.76198807388414, 99.13810502316389
162.65074882433038, 172.37953794092647
178.5762005231477, 133.62670142186786
123.61503905303967, 43.87760706612256
177.9919393674778, 54.95580182772382
193.36490457985116, 78.96770578766885
107.83653578995781, 117.87693124773514
180.98578912571313, 7.973513315962388
144.17748969577843, 183.18256132245492
180.32089973858277, 142.1738215970946
173.1110442715722, 53.61522930124356
187.08397845082004, 177.74389025425515
153.86376628614113, 12.567311631641221
187.79645665630522, 159.6460715198189
141.0702055611178, 67.40358218384328
166.21121888716868, 14.324937224866229
172.07425419208445, 18.30126226880795
196.98886175880844, 46.42974935611086
148.34508906366653, 122.65630464964117
126.54362810560333, 44.20736343557772
178.02068626933362, 78.71207858219739
141.33952962836017, 73.3572907849911
136.7768224119884, 183.2092190652134
192.74790962849104, 26.141406500871668
174.47459880699262, 108.82072809719259
145.17608702711033, 184.46905070752558
107.55571499258937, 6.340010932542017
160.12965024566088, 53.8381720865333
152.4129485528468, 191.55182794363927
187.95824320327173, 121.07383860757794
117.0301512043596, 132.22308053700084
143.82713006252663, 154.48751169803072
175.05633162997287, 153.8771024566591
179.49155970264667, 75.00461064030563
167.12294096397554, 184.26185692082657
176.37999730013564, 126.26361064628036
135.66474714501766, 101.34805105468804
150.40309099920702, 112.26682770497791
163.81760417613154, 191.29583040884367
183.7311411271446, 101.35039289395378
198.62303325663981, 199.0785634167731
140.37399597280825, 56.53278512475806
180.44798315533572, 155.12391144016593
151.0981177092032, 11.445084441704312
181.98938825520025, 5.194127949698046
113.98513807355121, 135.07985371345467
145.21745837423066, 175.2291558872606
175.51312607267027, 162.9989717928511
123.2794896682583, 116.73695797101846
105.76516007601298, 6.658998588709353
103.94533708805292, 166.20950126129298
104.82314536639859, 39.93980473238066
179.45811796453899, 35.050811548542086
129.5029278069053, 69.82026978961574
195.19559704144564, 64.86546644204275
177.2160272007889, 16.841136873201012
104.31053809224194, 182.84407627765472
119.24924528667223, 67.51398815692862
197.15814821134617, 141.58585260401955
186.13489235479952, 181.51879907873928
