240
49.58133284126133, 30.10100394282493
27.816782553450352, 78.10805600691519
49.0738080680129, 150.90140400837964
43.77089757479435, 184.69246471985653
97.6717421974351, 81.76786635546179
6.459781887684002, 55.67438749415185
84.7967230216603, 34.15798739685502
32.72003269445551, 71.28520013426521
80.10498515172326, 53.93795715220729
20.07175134495425, 147.93286594824554
1.5094020143952491, 96.23743531853577
31.139623610504202, 163.80610912538617
0.8120691809523493, 120.93175233875688
22.453374128320476, 68.81808099439218
59.64962939449966, 122.74195780322691
54.85620621530709, 192.08511697577921
52.62228928333764, 52.22188705447352
42.06018209156727, 152.3008773530539
64.42178687800208, 158.70500090290233
68.165804609065, 75.07393588757478
37.68787685135434, 55.41448969787724
66.80430284571459, 21.422253542750568
12.54083190403577, 146.4022281271776
76.44364414600463, 179.06210445932592
8.610186955403584, 140.31632951624908
36.23306084786498, 27.11472049091806
21.829237928880048, 162.94454308974343
17.469385222487972, 70.51775046961923
72.02507006315751, 55.83876592012978
34.93453866456642, 188.61099847328455
45.71382916149256, 183.3615751760483
17.74630933389355, 75.02252396042957
43.691618377185684, 87.11457002008147
26.179130473812684, 143.6607563163408
94.6443285251582, 187.6350648793426
70.73768579684896, 40.77058533705172
59.76188312788018, 139.08118753257088
21.35359179196763, 13.339827843167285
77.80738714418771, 149.7580787064873
55.83458467808971, 70.94763226265053
11.392580721336316, 51.085511406568585
76.52854699604214, 72.1997099793106
4.706087180020425, 189.46933449560473
91.0414910274871, 187.4512737744568
75.27571470496675, 68.18294086931245
80.55854334439499, 40.70170124177646
60.90498297906004, 156.0116137198944
17.529345986534906, 144.3905831817882
8.683744843231093, 5.976691854293648
13.407022900876385, 191.71815250914716
0.8781565158011233, 65.27773657124742
1.5374093507069233, 181.9768806016603
35.84975882230032, 97.40248638072038
63.02962857598263, 70.96605724505122
7.336030763431438, 144.55293873428832
32.36015229495908, 150.2178511008338
6.732947134772939, 188.9883595569362
22.576289757809224, 83.34917188410594
49.6080337378659, 95.65135026923976
93.29175053776336, 92.76532732701621
19.446074464593657, 129.2333287585133
13.759927091500728, 174.09116809698378
32.0078867384636, 146.35241330222655
88.9646287278872, 92.21466495084402
58.01180588531303, 188.9890248891934
0.5004469783969725, 153.27495916948612
51.02571216839937, 99.59801484591176
19.039200072119613, 111.95159947654494
96.36854771744149, 59.63113058229828
1.865263911486629, 109.25951919255355
92.73593079087294, 3.5270521717812153
9.090665177963034, 171.0739698011224
73.77175233501634, 6.634871849271924
50.551061742834214, 170.52397864495197
26.819948010262287, 24.67241354225886
72.93061000295326, 46.03766341374204
66.88836946057643, 39.07647035036761
88.544824070294, 124.01948641569906
62.63854400145472, 165.84796693621348
63.18282585350365, 86.57639452093609
72.33944755208014, 177.55138921954327
54.61609934664732, 77.14117901630833
16.312269698723615, 108.71730713901184
53.255647920761405, 168.18262711671267
94.8548883980545, 33.09673401545166
35.12263017210774, 182.05311174149665
17.444915222848245, 129.60020550691723
84.47292949198766, 3.5352379556448543
88.8596702342355, 188.3160058060563
35.76571708031071, 185.13225290485371
87.7564153798097, 186.65592054720003
48.92843735509022, 135.0759486137961
67.71715758551551, 10.729950117134667
97.06979516865783, 56.16065485527826
53.169067814282464, 162.1623836512978
91.81344860956646, 56.62291847508052
96.59888027549447, 19.449658717671348
3.566453445770279, 53.113110015452534
84.69967948403507, 124.86181553286409
78.55461596827239, 2.3438595947209873
72.63440878252479, 49.65637959344789
62.63483259055486, 116.14939614350592
65.34596521451964, 153.08848589690206
72.19093509574157, 89.67044278529586
92.81936351441712, 107.81945819017426
64.67634623197361, 14.323104333196657
94.50513569592128, 16.58734717004482
85.07870012221423, 15.794141425912823
40.249242046902054, 156.700872818303
79.2823042455946, 91.06889977558308
33.2125835813002, 52.539381662304365
59.85272957983374, 41.75250522399318
14.540087816684178, 99.04072018243649
64.9702139082955, 16.361728922215967
18.331639658892417, 156.5712793695838
61.63034526118262, 173.4203340132895
33.07510726402475, 199.6356895934059
17.207556130563194, 0.4265146296811517
8.730030248443887, 137.275030994453
93.15776169197731, 141.6991726000261
44.39469550333971, 93.95736354116886
27.157912044339817, 56.00542583946484
41.85943107192834, 13.70926085180335
10.143870504152375, 53.07435767567215
18.053815526639195, 47.30110954344768
91.51485726961836, 179.99061193844148
79.8026160297329, 44.8418211814809
57.52206784250801, 132.56107163030205
49.080582243056924, 185.93046254745167
1.6246838469493263, 26.74001752015829
9.807730215980836, 32.446159851714306
21.266688294377335, 191.96817349644232
64.31228077180793, 183.9068293510904
88.2346609142621, 17.922674457469846
24.48909743235247, 101.72603766018158
48.11315284577407, 40.57568152543589
77.55984758977353, 44.06160333747388
79.25090564963402, 20.449803841200655
28.02643847214035, 139.98805984517244
96.01329170180598, 196.45608008203467
50.931100265003636, 182.53799527943445
56.47823555051592, 140.04554162495145
29.06538840932422, 11.063866737533434
56.09454291734362, 110.81683878064472
2.3002530584440906, 82.01343308593844
98.30827600168412, 54.60993148249542
34.15943453599149, 99.10725316699451
14.498279841365314, 12.61728954823722
22.484278389687017, 98.76602520140172
83.8076045238164, 118.84291202866169
88.18622599721878, 83.64159336472056
78.73548014135595, 193.6319814181552
64.05053168533571, 63.85517040141879
13.537886136278166, 112.56035224787504
66.32889552866025, 148.29266036439677
17.100512871911256, 65.50061037096265
52.570734733994605, 123.81070539513239
40.88153952899681, 41.936476444580585
53.39797150208309, 107.13920009639662
99.39815183937532, 58.39633896230336
161.04907479602298, 84.26256105735806
150.80265512110265, 64.47515395785275
198.76905741782934, 179.63398501337562
178.4341689086184, 177.53858530003689
148.27030660785647, 150.76118237626017
169.54471035791443, 1.3260107894755846
111.89818700085904, 53.64382920581521
187.95808045790318, 94.37371777056293
132.3586692822177, 94.20562069357157
165.91649471497232, 161.4990010669172
163.61602539479813, 87.77408750897963
138.59982951279304, 164.9493911227612
128.59597558595678, 174.58301133118957
101.86005094582562, 129.48949952055602
119.6747717002843, 47.08130850301344
196.30098600261897, 191.44060673598514
163.30645354087, 69.15453654560591
174.88349527981308, 158.26112048339516
195.6964885393865, 103.43284103689471
185.0006960545453, 75.1547933635653
197.78474611744187, 8.985398788351029
188.13552442394612, 59.45922290151946
107.76222493104632, 106.80349572539036
175.3504389054763, 147.75560246952023
178.6999567944829, 64.908707224722
146.4351714251324, 7.943186155393134
121.53530278024185, 152.28336656596966
132.71082346471195, 120.8196621109852
135.3781860463391, 33.890033156785584
187.6112669012294, 154.71332045827288
140.21770852447605, 180.29164359987521
144.1905390117651, 34.266638463401854
194.94473190592987, 124.62062838504195
196.4958738805688, 92.32450843787782
109.43006562883123, 139.3788142554566
127.72731786116293, 66.98547739883678
134.10569240133447, 82.33049960490911
108.98355173977946, 56.58567671815737
155.8363325804166, 199.92197597288006
186.72039699210274, 103.7423261273097
164.54002594925606, 13.76418821430816
148.19885872723094, 31.199171769161005
144.1860920595408, 199.64263182492869
171.7830138964772, 198.09769488945105
193.54173781575977, 32.33303666034091
134.23139607561563, 12.478071081262287
156.08423072925285, 177.11252202621841
111.1145233836104, 117.70306283778011
176.33649476896196, 81.73129042902079
178.54118619303432, 197.87162020101562
167.54324168374518, 6.543282132547956
161.57637634467338, 135.43276752586783
137.57549376455054, 136.92448264377754
199.83214586832756, 105.6282027524584
114.92078348488786, 136.12864000583357
168.00008544784103, 102.65916059635725
196.33172429715577, 199.70724618419746
190.79153029502203, 45.72045441407933
191.0510969792591, 115.19329754900227
119.32610953154548, 58.03278885556158
169.05545720358597, 192.7522715339811
107.82393280877172, 182.03064648039054
117.1193133257078, 177.94840770302707
130.87630233238755, 138.11293855551133
196.70280769596673, 195.75736396023103
154.18100999235517, 161.72219449837695
166.22424425685807, 21.47627533440877
103.44609660374172, 47.52917965819381
152.46586975967185, 90.56046212921032
155.02853806706125, 147.0958197012869
163.33170196003573, 3.651084108718572
194.9754770957615, 141.15798672700384
195.4082623205721, 19.43545860335596
142.48878706562792, 96.94964456563866
189.33292231974235, 75.48660540136267
110.61644759177707, 102.90373581857133
189.88855113719, 42.77076307265815
162.14294506377874, 145.52508600024203
181.19921363449046, 195.57036875384196
190.9940316776792, 166.17338141078744
