160
31.457684302353115, 21.178815819407525
97.67345931882332, 22.636458992799845
36.2929862549146, 175.01309953100255
93.40530074177968, 101.6332063288041
91.86304843700714, 26.628727565512754
54.811284638187416, 171.54505158120824
67.13614030806347, 189.46933646833452
70.76801064953382, 104.5621064012634
58.42923461179339, 175.31596817147675
50.69719477060454, 171.14970058642538
64.28791482535084, 22.537076208932795
70.43012567588946, 52.98328491459681
90.95022600127254, 16.829225631048917
37.359342684262785, 53.78566046131916
6.276193232770266, 171.56707231917375
43.23119395535209, 181.2818258026389
96.01384320192933, 45.77023084929686
44.5943645578971, 191.4035674639977
87.10984354887901, 24.013706327336127
99.41186163567312, 26.217736068429964
89.59470563073492, 34.851647329484756
0.053120622149771535, 141.7763416768091
80.54860134983142, 16.32892060153639
1.5701429843872128, 65.22881398179385
38.64271856358752, 73.36162527673828
27.091217644030852, 143.95374253921366
73.42199370345075, 179.43968731726213
63.15413130224788, 129.00127098540958
61.07882428491737, 104.45961896798914
10.134520068472286, 191.11804135504494
25.868086946481256, 197.4230837867735
41.500534566596926, 32.482061463104905
5.0080892682129114, 21.13664914312441
41.185054071356205, 172.31230174667806
26.243490100685264, 40.66133632079178
76.23945653327536, 82.28096861655814
58.10117327024101, 100.50768164998509
65.64459676008644, 64.95839839476727
76.62682591186162, 166.0956588086488
48.66829981114676, 30.34389525179059
36.604862301688165, 102.57460001228911
32.14140370796088, 159.9224524301617
43.173658275984664, 170.05031187316087
52.70609951664807, 1.2769250753911665
51.91164209258384, 47.633807973433576
33.29024602183075, 46.6125930932112
83.6960333538859, 64.81652025699364
70.67389766371541, 63.845688310633264
70.1185648543285, 145.1560080794257
60.18597293418713, 125.76628677015677
93.16008788018712, 117.24980154460525
31.207697269786305, 1.292604182727608
83.52445870915982, 113.04272615305251
9.679612688447126, 52.84130404937222
2.478385947491816, 142.40059767362533
64.58429826435604, 144.82959393224812
84.7877709414258, 125.7273363336494
91.58753638376548, 164.78625017441823
10.942142921943098, 2.1417131055091465
90.25615272333611, 18.336931648662237
73.49476440445461, 198.20512183408962
12.350929819807732, 97.53149079961265
26.724740681119467, 9.95003697428265
42.155730376543886, 198.871572117767
30.624684414985527, 129.47541509356026
66.58200846553387, 142.7749379363813
84.84542046355165, 183.27804145785143
13.850212389535145, 196.2178837689823
33.049253142469, 12.866505706508924
91.94873242198757, 74.32032307586101
67.5462603897024, 59.06944004567216
75.82884913581792, 122.64120396767049
59.95933131518423, 83.74112726454801
86.17626610452595, 103.87809491571683
8.901116637394612, 40.33396102952602
90.64588176192132, 3.595239602034561
15.245918598099673, 107.61146824350767
2.46157692167428, 112.95269626402194
36.818825227335516, 127.8334400574565
84.50952603537147, 74.89371714021979
168.54231569764687, 21.178815819407525
102.32654068117668, 22.636458992799845
166.79098036279768, 195.53120904564256
169.38190003754184, 100.32666225901554
108.13695156299286, 26.628727565512754
145.18871536181257, 171.54505158120824
132.8638596919365, 189.46933646833452
129.23198935046616, 104.5621064012634
141.5707653882066, 175.31596817147675
162.95013778561858, 141.4082568090792
135.71208517464916, 22.537076208932795
129.56987432411054, 52.98328491459681
109.04977399872746, 16.829225631048917
162.6406573157372, 53.78566046131916
193.72380676722975, 171.56707231917375
156.7688060446479, 181.2818258026389
103.98615679807067, 45.77023084929686
155.4056354421029, 191.4035674639977
112.89015645112099, 24.013706327336127
100.58813836432688, 26.217736068429964
110.40529436926508, 34.851647329484756
199.94687937785022, 141.7763416768091
119.45139865016858, 16.32892060153639
198.42985701561278, 65.22881398179385
169.69305126859808, 3.5567684660426924
172.90878235596915, 143.95374253921366
126.57800629654925, 179.43968731726213
136.8458686977521, 129.00127098540958
138.92117571508263, 104.45961896798914
189.86547993152772, 191.11804135504494
163.98419794718123, 189.11034121119263
158.4994654334031, 32.482061463104905
194.9919107317871, 21.13664914312441
158.8149459286438, 172.31230174667806
173.75650989931472, 40.66133632079178
123.76054346672464, 82.28096861655814
141.89882672975898, 100.50768164998509
134.35540323991356, 64.95839839476727
123.37317408813838, 166.0956588086488
123.7603124598839, 15.057349981882616
163.39513769831183, 102.57460001228911
167.85859629203912, 159.9224524301617
156.82634172401532, 170.05031187316087
147.29390048335193, 1.2769250753911665
148.08835790741617, 47.633807973433576
189.50143415318513, 19.47723145368454
116.3039666461141, 64.81652025699364
129.32610233628458, 63.845688310633264
129.8814351456715, 145.1560080794257
176.1686133279689, 93.31045029850299
106.83991211981288, 117.24980154460525
168.7923027302137, 1.292604182727608
192.3318115798459, 81.51219505476143
190.32038731155288, 52.84130404937222
139.59828365580964, 169.51660996101225
135.41570173564395, 144.82959393224812
115.2122290585742, 125.7273363336494
109.06167316189558, 153.04715042564365
189.0578570780569, 2.1417131055091465
109.74384727666389, 18.336931648662237
126.50523559554539, 198.20512183408962
187.64907018019227, 97.53149079961265
172.7413080640767, 3.687040484711912
109.50155225592246, 155.69641693737987
169.37531558501448, 129.47541509356026
133.41799153446613, 142.7749379363813
115.15457953644835, 183.27804145785143
113.40314149135837, 194.87726233562844
101.87564137158802, 55.42361660554263
108.05126757801243, 74.32032307586101
132.4537396102976, 59.06944004567216
124.17115086418208, 122.64120396767049
190.11230554733842, 104.43936329308363
113.82373389547405, 103.87809491571683
191.0988833626054, 40.33396102952602
109.35411823807868, 3.595239602034561
184.75408140190032, 107.61146824350767
197.5384230783257, 112.95269626402194
163.1811747726645, 127.8334400574565
115.49047396462853, 74.89371714021979
