160
23.488914702735514, 60.678701802025
11.579532370523937, 90.41544606451191
76.31235494479708, 129.66727680118487
18.9080157674711, 178.02618789648244
74.4753804472942, 83.13832968281791
29.73565497877057, 152.32293399555334
50.65543657626647, 139.71772085451298
74.24991601619661, 199.07206201598518
98.88806063941941, 145.30761005263597
92.2281585671171, 3.848930187749122
99.9463737985235, 133.8670130811765
95.83171101621188, 98.98898216645793
27.423622182345863, 56.667431695212954
37.41756242356743, 118.56993463538107
23.875871236507336, 35.497062827520516
73.19287069927152, 43.206953112328584
95.17739024805793, 155.67010948696282
30.781990801900065, 115.17232203258725
76.41016753630522, 186.82096460923538
59.72224246869693, 72.88470231134391
57.33558746607953, 175.84813318563334
94.95529675401275, 78.81492668647216
7.455777598481987, 154.54609120290542
16.173947343482766, 35.05869188417397
98.54452020642115, 56.3390968108284
61.962154725411246, 31.226408892394595
61.897937984621606, 136.81136600019605
58.074024250520495, 35.14042096400347
52.48789683045424, 75.1380153112639
11.93112075610509, 41.881831191391626
5.681468011296531, 34.946963933365616
48.147922709265025, 118.34642915536446
16.4681831485218, 190.455070485007
55.123292391224254, 112.22359144417207
26.399278894005796, 148.78805905165
30.522201333778966, 26.483178101153882
63.86345522127897, 83.17277501692408
42.49800980552993, 152.95348988306603
59.290170751765494, 180.03878328616295
37.202931128258456, 166.2700389992832
93.3511680881545, 162.89869984920514
97.58683769975866, 195.71426656335686
0.44493514858275907, 49.037084086716256
11.346428994527958, 184.48016552533676
28.074744681050422, 83.24859976299747
73.66787670197981, 107.2724846865504
6.5443068947098055, 91.35857226763342
16.548620827832217, 177.5834291913336
10.19119082304853, 169.6258811330558
52.0017348648533, 37.555129837161395
54.201919716320376, 109.18049937801959
94.00413037411398, 134.4471977767811
17.162999726182385, 145.9127282639096
30.448042845148443, 13.896557127090464
61.538088194163805, 191.4883593533417
80.38817867618937, 194.23835330706433
15.240936511595093, 136.13621826596506
50.573658103758454, 77.9777379079644
27.01620118792934, 152.1818679725045
52.67050131614982, 76.9846541094027
14.537471718727346, 83.91618785866545
62.85492706090178, 51.04624810903968
1.733113000038966, 74.28205896804639
51.74793373292772, 111.27920765036295
11.245173513336471, 44.14239260079927
36.09188958853624, 187.74589696318378
82.85819345697658, 70.80246867425394
91.34479430181933, 45.557958786070294
78.66402602504364, 182.02245765511665
61.6680280098185, 177.65137745455613
84.69050809146769, 83.84215119526546
95.52706384713385, 145.00562579329218
89.96277560434297, 108.65610398680636
98.01100932625901, 141.2008297985372
85.87399122316897, 17.245240582257708
79.65957569008202, 23.75325485176542
6.879232903914256, 125.13207464045047
24.722990329961675, 53.089888321072706
36.69782307543315, 182.2978741462873
16.299790443227735, 66.84616484597909
149.52584502000428, 66.89936472983882
188.42046762947606, 90.41544606451191
123.23673650989147, 198.75292342065327
181.0919842325289, 178.02618789648244
125.5246195527058, 83.13832968281791
106.29176176546363, 180.9477212216772
149.34456342373352, 139.71772085451298
125.75008398380339, 199.07206201598518
101.11193936058059, 145.30761005263597
107.7718414328829, 3.848930187749122
100.0536262014765, 133.8670130811765
133.35398056166497, 162.58219082769375
172.57637781765413, 56.667431695212954
197.5802036533581, 198.3744737884648
182.9333814745538, 31.9381620105625
126.80712930072848, 43.206953112328584
104.82260975194207, 155.67010948696282
133.8749151836522, 193.65516376205457
123.58983246369478, 186.82096460923538
134.40167915146492, 151.46512316553168
142.66441253392048, 175.84813318563334
105.04470324598725, 78.81492668647216
120.12847387574882, 105.72188913434705
115.52890164614492, 22.011021196139314
101.45547979357885, 56.3390968108284
161.76321294511496, 34.034243377536534
138.1020620153784, 136.81136600019605
177.31243466809187, 2.763996254388146
147.51210316954575, 75.1380153112639
194.69271834377352, 47.74853797229994
114.63906873519511, 56.085790305894555
151.85207729073497, 118.34642915536446
183.5318168514782, 190.455070485007
144.87670760877575, 112.22359144417207
173.6007211059942, 148.78805905165
169.47779866622102, 26.483178101153882
148.06137597985207, 35.71928037343017
110.46642424700279, 180.37036587825614
140.7098292482345, 180.03878328616295
162.79706887174154, 166.2700389992832
163.72009769612038, 137.3456832818287
102.41316230024134, 195.71426656335686
199.55506485141723, 49.037084086716256
188.65357100547203, 184.48016552533676
171.92525531894958, 83.24859976299747
126.33212329802019, 107.2724846865504
193.4556931052902, 91.35857226763342
183.45137917216778, 177.5834291913336
119.72474462379753, 155.95506172504614
187.93511792403783, 71.74175977690686
145.7980802836796, 109.18049937801959
105.99586962588602, 134.4471977767811
161.40333311429208, 198.5585429458667
149.49893991827395, 22.56761882686067
179.94697756450998, 153.97539811674824
119.61182132381063, 194.23835330706433
184.7590634884049, 136.13621826596506
175.8543893320125, 96.44951361816403
195.1034162762498, 124.79320497612557
138.70706407373493, 109.28972756274169
185.46252828127265, 83.91618785866545
137.1450729390982, 51.04624810903968
198.26688699996103, 74.28205896804639
148.25206626707228, 111.27920765036295
194.3387990490441, 94.47495783529278
163.90811041146375, 187.74589696318378
111.88726608437327, 21.18129977494412
108.65520569818067, 45.557958786070294
121.33597397495636, 182.02245765511665
138.3319719901815, 177.65137745455613
115.30949190853231, 83.84215119526546
104.47293615286615, 145.00562579329218
110.03722439565703, 108.65610398680636
101.98899067374099, 141.2008297985372
147.1135078808049, 9.585624998321007
154.27369108385216, 96.71827950241563
193.12076709608576, 125.13207464045047
167.3283266253153, 91.24639772201097
109.63275323130156, 152.53046605477283
154.76420960411153, 119.01642042447737
