160
83.78045204122479, 39.92485189925286
63.91546771510176, 85.49262289323354
67.08696666618148, 2.1957902786096426
0.6894364819575856, 71.12079262571915
35.51535977767342, 110.34569278217593
71.37940555714634, 150.56844771161258
71.80972228701106, 129.23048539375125
48.281462049239956, 109.781698939942
67.68055441703812, 108.61731544113005
28.58094310006601, 72.47977695182409
64.37248873635994, 110.51922543633094
62.59174695110697, 94.25061656716314
11.68947054878473, 110.34630853314795
11.55812235139162, 134.13987290307915
16.739936828870043, 129.38760537696788
61.89213168080222, 51.395505632012565
55.9229565348018, 137.07926158675255
17.217377383213304, 102.91429618091098
70.33210715493823, 95.14664801109899
12.2512403264017, 154.63861691249843
59.475522717830785, 2.7459844365471326
67.46870379111621, 31.214407498100563
39.22459706295951, 183.71517483801816
0.7214523317742874, 93.18534126698668
51.25985894499447, 91.55284688551994
91.59486858121959, 175.09808759869267
47.58245928311054, 90.77092553615523
15.42407987030248, 173.3335575934154
89.18321657758541, 185.39436319347516
60.93396205261238, 49.20612834916931
67.1546710219905, 36.546495282425745
37.45443808179373, 151.8825204534753
82.66254968840515, 114.0641607923224
48.43226232924087, 124.58828741058797
99.81520433454446, 155.1907077239984
27.3561405724451, 174.06404124479326
76.94712885189509, 151.51856389802893
15.095642014662594, 30.203793592422656
10.767117014178197, 136.92717372811572
64.46152302903388, 50.92703732829126
90.65197021298896, 149.4195895212187
39.31684437755442, 53.12972076329805
90.80354448377894, 9.719940088527892
50.983909382545185, 112.07307694667311
48.460179793654135, 55.03048223053972
0.5409558236763132, 146.64340170073513
83.31630599585165, 146.90239643687534
31.297907226013102, 177.274847359254
45.70149455827895, 58.36028456375034
60.21225852662521, 125.2514796210332
9.406297415450297, 131.72741650481663
99.95497841883106, 139.12584134809435
77.31715039500867, 147.0448960181877
15.717750373563604, 124.79650434186081
77.96019216382521, 18.82343738547725
63.31460056053666, 42.91799330143216
67.1467943194917, 120.66780309368222
0.6746171469484494, 129.9045433831562
3.2695435542620714, 55.04813542032718
67.38527235315117, 81.41595538346347
91.07779953602073, 195.6810045929708
66.2012669122536, 20.315474051442866
57.07023304408546, 74.09254880558085
53.2006370622867, 51.58608391550749
66.53534922435082, 47.16000208335365
4.3394294634508945, 80.57724577423473
83.88292128265466, 75.60482248079387
29.80878824690953, 98.50160599636224
63.960509126540344, 115.09600719793326
36.30270141137864, 3.251050967943897
95.06063548084089, 14.459083156177009
12.403551489158815, 149.3324894092627
20.245162385315027, 145.79844362435568
7.485944048579164, 114.63655996975163
86.71095190670033, 113.80238507840924
16.218089215963637, 135.74017943223254
71.21495764209338, 66.1232280920706
26.893266225565185, 19.258882517808015
3.8715871228480765, 73.08711506671423
63.567450097189855, 54.45142850680958
161.08917761025168, 113.6077181488198
178.895232764147, 124.59898111891508
141.83383371536206, 60.363676648045384
193.900256765901, 98.95925212321134
166.55443547549726, 127.27765318931145
165.1709419194184, 169.0847667008875
128.23279057870343, 195.5617011052104
152.03548071966088, 68.37955249717469
101.34048688152484, 140.46086738643734
138.95997515460385, 112.41541562334456
170.9223075571324, 55.91619276145345
103.78900435363475, 126.15668449612474
191.28458149271302, 74.39709393339102
180.6623395032181, 152.63345547084083
141.70794575513395, 174.32405907409972
179.41314873043729, 40.68404947636588
132.1042308337639, 58.39039707401466
112.04223502198242, 69.59226398268854
116.94763901940385, 167.1492719189454
159.6319884565035, 167.03822225377712
160.28011214326438, 68.20814749444106
158.90603098412151, 43.93142182943996
171.86649518782087, 183.257368984086
147.49427835980066, 43.032464134023904
131.03197524003832, 136.90936990244217
185.23473534117997, 104.64880092102516
111.68967825815672, 130.27596317824046
186.19784605869748, 127.66699101355181
170.64349181594446, 106.66148732470022
142.45788931597016, 9.39330471820612
106.28210056922512, 29.20708270639367
156.09593048711233, 168.92420146988053
102.30815647911, 40.652011007923235
199.62131023562284, 146.25469869008094
135.12326115494363, 158.3994687299451
108.82677504957586, 112.3441660784077
149.139214511931, 167.2359893476935
126.77162550617977, 25.247835781722273
191.4821891360358, 142.0346929741897
129.34289341239634, 92.11044487412468
172.87875726011094, 196.4992308037999
118.34325271594845, 76.89391248025342
186.5908875815132, 53.029817473253345
109.37518958830327, 154.73212424975767
168.11101022442315, 50.49810150409684
175.9343005354147, 94.67153562923896
190.5212012016212, 177.5767412189654
150.25967556848838, 198.60568233458935
102.53662290276596, 13.260385143637453
159.26388413539317, 111.1593254996867
121.829344551401, 149.11037422897073
155.4316302736081, 178.33007980167736
185.68477879815416, 170.12494891452135
156.90562777523712, 94.03366041587785
134.1145450063344, 73.26814193471927
185.84837150628937, 7.383758876129365
150.9582843153273, 172.48860288948813
138.34376201304332, 74.31167139281425
159.13376156976472, 115.76469488018233
193.4476741574078, 134.99565053911422
183.2389620195388, 154.73288249053837
114.30544582998299, 29.953012879289464
173.17429236390961, 136.90371537917383
183.51228706137914, 19.93452162334808
107.77769180027721, 27.316807749822125
182.5568922866174, 9.292848863595271
106.84170943822885, 124.35784326706234
118.9308858814247, 33.33673842012546
117.91761203126573, 49.783760061574476
176.07035285815252, 41.11040858629298
151.49910115248326, 62.57234089652841
166.21484631989122, 117.37724753876455
125.75162711645663, 134.96403819839193
178.25879938213373, 52.87094855435459
140.5016731919366, 74.19120003851798
131.14155303538845, 169.98316603590254
164.93886144164912, 33.23336694905081
102.39538964592555, 29.275076214007466
146.23220199040568, 92.07200346796267
139.14651184985732, 58.875697016544024
