160
8.573417714924414, 168.98498290978387
50.0887829281053, 157.60147411001714
21.265687686671797, 176.40165846575923
21.711301508760698, 51.96208994598233
96.4416859457351, 146.72529271527324
51.30864261304493, 62.376488265819894
58.03236042625326, 89.38047526821332
53.2900987915261, 24.610482404760383
61.67915269502833, 42.21661184324768
55.13714081845147, 123.54022651787608
92.56871473302698, 173.5671660040967
11.32620341418974, 196.10527827856905
7.110216042851711, 70.2559203016214
2.603100174216133, 132.6249312926638
19.36299965266431, 102.89565180576042
59.044358397311704, 190.09360132257916
6.404438050939213, 91.53650097391446
23.06782097441663, 93.78887902248158
49.291959044114705, 116.36521219663938
63.90875294677789, 137.14738865156664
33.265927843844935, 181.1360331349268
35.140174012124845, 186.61390231182565
94.055734639398, 84.2067127506287
12.84947525369361, 15.609439615486576
55.34354674955806, 186.84738983645605
5.672354155669391, 126.80530224498324
50.42968294158891, 99.84024266320164
76.94820713935715, 53.186735572205876
49.08214502666988, 41.30724565015833
98.06450002241822, 87.69786803199169
64.82463730382145, 52.94351849525341
93.28915239984757, 104.79742834205564
67.46304392498413, 143.93109692867753
14.58429937685326, 133.82537249548906
44.874531474097665, 89.27700711603667
35.741901274292445, 165.50050469263618
92.88387032701485, 79.82060213690853
79.22105464309934, 64.48336881466435
87.97642931990659, 146.88612104204176
49.1970924918031, 90.02185471706458
69.72898194845857, 95.68471904371837
92.48338635100114, 3.786673972224408
82.94326089899612, 99.97778170518512
13.910679308307605, 121.32300034828087
50.44433646562369, 181.5225989229496
64.30875570078314, 167.3294045659463
97.33766989388559, 77.94266991778701
44.418446641185085, 80.86601796725306
15.984356397204813, 115.02970596629862
48.11136847796089, 108.0564657199452
50.94006996947697, 165.0314429658423
32.009127745130115, 173.9879666856258
84.9275303529607, 182.21194972812629
88.68533896463721, 39.55247929556751
28.19893787729818, 11.301988504471016
30.443924771803243, 111.86153566705181
95.71615354369855, 131.30363405182894
94.52365136096167, 20.024936164886388
80.74216600460623, 27.897031208307155
87.80219911385649, 76.41292684952042
0.08018786176430259, 137.06385688791863
60.81651889357875, 31.519154782521653
34.3976321151114, 17.805375990213392
68.66835195848215, 199.62082808556346
85.69907373367698, 75.81617119189514
64.36023898611617, 147.94354039725295
70.15001021901165, 175.41406574006743
51.986151733958785, 169.38616254136736
43.427929881876615, 102.85713113528918
8.93697336695557, 128.7150447890808
45.7360026248065, 142.8186378238747
50.74682605340078, 170.57799689594452
22.428641532702272, 108.04756511184499
75.68580307110494, 112.2940004059674
81.3837389736141, 122.01090352878683
8.830829744181267, 60.761928552301406
24.01009638699696, 65.48527810056099
73.95621928861465, 192.78267221524428
20.134063329451543, 118.66363998815673
44.046512284933584, 57.1437681242005
191.4265822850756, 168.98498290978387
149.9112170718947, 157.60147411001714
178.7343123133282, 176.40165846575923
108.81182744618314, 115.95529813668692
111.3870641070554, 97.93089997185484
148.69135738695508, 62.376488265819894
141.96763957374674, 89.38047526821332
146.7099012084739, 24.610482404760383
138.32084730497166, 42.21661184324768
144.86285918154852, 123.54022651787608
107.43128526697302, 173.5671660040967
188.67379658581027, 196.10527827856905
187.64312381872932, 86.18043373857194
197.39689982578386, 132.6249312926638
174.33443842466585, 117.16648621370034
140.9556416026883, 190.09360132257916
161.47352600413308, 33.37234798742244
176.93217902558337, 93.78887902248158
188.1277251382797, 167.49236015328887
199.52788226685144, 142.22383594870118
166.73407215615507, 181.1360331349268
164.85982598787515, 186.61390231182565
105.944265360602, 84.2067127506287
187.1505247463064, 15.609439615486576
144.65645325044193, 186.84738983645605
194.32764584433062, 126.80530224498324
149.5703170584111, 99.84024266320164
123.05179286064285, 53.186735572205876
150.91785497333012, 41.30724565015833
101.93549997758178, 87.69786803199169
135.17536269617855, 52.94351849525341
106.71084760015243, 104.79742834205564
132.53695607501587, 143.93109692867753
185.41570062314673, 133.82537249548906
155.12546852590233, 89.27700711603667
164.25809872570755, 165.50050469263618
155.2988976909239, 157.84584329088284
120.77894535690066, 64.48336881466435
112.02357068009341, 146.88612104204176
150.8029075081969, 90.02185471706458
130.27101805154143, 95.68471904371837
107.51661364899886, 3.786673972224408
168.6290598472633, 82.31882034002338
186.0893206916924, 121.32300034828087
149.55566353437632, 181.5225989229496
135.69124429921686, 167.3294045659463
102.66233010611441, 77.94266991778701
155.58155335881492, 80.86601796725306
184.0156436027952, 115.02970596629862
104.3909665295736, 151.16050428305036
167.16910351785728, 92.1598018208983
164.69606331278936, 127.044504030573
115.0724696470393, 182.21194972812629
111.31466103536279, 39.55247929556751
171.8010621227018, 11.301988504471016
169.55607522819676, 111.86153566705181
104.28384645630145, 131.30363405182894
105.47634863903833, 20.024936164886388
119.25783399539377, 27.897031208307155
112.19780088614351, 76.41292684952042
199.9198121382357, 137.06385688791863
139.18348110642125, 31.519154782521653
165.6023678848886, 17.805375990213392
131.33164804151784, 199.62082808556346
114.30092626632302, 75.81617119189514
192.40963148157365, 119.31918050815062
129.84998978098835, 175.41406574006743
148.0138482660412, 169.38616254136736
131.04152010285327, 119.14209688442558
191.06302663304444, 128.7150447890808
154.2639973751935, 142.8186378238747
149.25317394659922, 170.57799689594452
106.09147774893604, 101.04408317524496
124.31419692889506, 112.2940004059674
118.6162610263859, 122.01090352878683
191.16917025581873, 60.761928552301406
175.98990361300304, 65.48527810056099
126.04378071138535, 192.78267221524428
166.89435957685234, 175.19045270133947
155.95348771506642, 57.1437681242005
