160
32.76918085101581, 128.1432038150507
82.03541021670216, 138.2704254099662
24.435415616515687, 106.45660080190396
93.00431456438965, 24.46176847764039
23.970898002038197, 7.695025224999674
18.167957634236775, 32.575199616493514
1.8173696682428853, 78.81722184601429
95.97398956700629, 22.204877660503097
38.58805742466838, 26.66098751363044
2.2939411083217176, 157.03168125263812
16.552693169309418, 32.768540747790986
1.4440221674795417, 152.2102355710911
10.04074222636493, 195.7981515571986
80.78481919978286, 159.69015663912043
33.46352608393228, 3.557763210010423
9.372196309432423, 176.5091005557461
7.293876024949064, 116.57395235634888
17.51759040314035, 99.6881511636582
43.521283021357846, 126.93724237418344
89.77584657642375, 166.40563950195582
90.12049884293933, 115.36650237452044
31.745519529575784, 110.92214110340115
10.84097979487656, 91.7295004269798
44.69171646481421, 118.63934123773734
1.510890291411271, 81.44927383373621
85.46020051320913, 139.8288652003278
99.01720494496584, 157.09279388960024
65.1507115795151, 32.43158426767825
28.787344030901117, 53.22841047485354
79.70197004018256, 193.9208020862813
34.53244035070669, 137.14820998234373
52.47617305366521, 86.51208452842059
24.295780734053906, 0.2682921539312044
91.74047849922631, 166.1125191169164
93.31135988096356, 138.91515348526642
65.34757299838748, 141.5231295638466
73.49868183231047, 192.9266562603058
85.00328471700915, 188.2726271483633
10.446270698437853, 88.38375948990293
61.11204169842727, 120.50192069038583
52.82582347412259, 139.02232655093763
16.33630510068812, 178.75933731139492
98.03228007001249, 81.027651027139
35.58547280692469, 176.51015332055542
6.565443766489043, 2.400224418457375
41.70491726846114, 42.455420113563626
48.66770681681831, 12.423621640630778
53.56432133474846, 32.36480834716073
30.472831815852498, 154.3032510225613
97.43190570037609, 100.08579890214232
74.78538476628108, 60.511933621091195
90.46507269985916, 171.67420922383795
4.837965271282119, 48.38339337228559
71.9624167837041, 189.89150361799813
2.533675410966907, 93.5997526157613
76.06854463721653, 7.19764946305943
81.16776917574813, 5.449598121004939
51.472627767026516, 152.51988690829208
78.6557446389495, 196.16466140855607
44.53146636888419, 25.105775063182143
49.74741457693456, 67.59111381002924
49.901220335585286, 17.948859821730466
83.4495143587051, 74.35871059930643
82.7666405719177, 88.12650565250759
89.74728456223406, 42.921015142784256
58.88353341130254, 54.264339364492756
40.616750402332634, 175.7500187995922
70.55623401942812, 42.72253195470099
74.767097989936, 153.1406141867562
34.72872071537054, 155.38442144171043
79.82310796963405, 168.79661669924383
7.098283575960574, 128.48115862962615
17.809022943768426, 117.86944697569139
98.19983006748038, 163.41490616756872
32.2383472119017, 21.664332122941477
62.99312470380165, 112.32351263285192
6.584857170164016, 108.70339373682802
58.049032726164974, 159.83791563175916
64.7173446027369, 139.53398773185882
43.84647556108416, 102.2213563302032
167.23081914898418, 128.1432038150507
117.96458978329784, 138.2704254099662
175.56458438348432, 106.45660080190396
106.99568543561035, 24.46176847764039
176.0291019979618, 7.695025224999674
181.83204236576321, 32.575199616493514
198.1826303317571, 78.81722184601429
104.02601043299371, 22.204877660503097
161.41194257533164, 26.66098751363044
197.70605889167828, 157.03168125263812
183.4473068306906, 32.768540747790986
198.55597783252045, 152.2102355710911
189.95925777363507, 195.7981515571986
119.21518080021714, 159.69015663912043
166.53647391606773, 3.557763210010423
190.6278036905676, 176.5091005557461
192.70612397505093, 116.57395235634888
182.48240959685964, 99.6881511636582
156.47871697864215, 126.93724237418344
110.22415342357625, 166.40563950195582
109.87950115706067, 115.36650237452044
168.25448047042423, 110.92214110340115
189.15902020512345, 91.7295004269798
155.30828353518578, 118.63934123773734
198.48910970858873, 81.44927383373621
114.53979948679087, 139.8288652003278
100.98279505503416, 157.09279388960024
134.8492884204849, 32.43158426767825
171.21265596909888, 53.22841047485354
120.29802995981744, 193.9208020862813
165.46755964929332, 137.14820998234373
147.5238269463348, 86.51208452842059
175.7042192659461, 0.2682921539312044
108.25952150077369, 166.1125191169164
106.68864011903644, 138.91515348526642
134.65242700161252, 141.5231295638466
126.50131816768953, 192.9266562603058
114.99671528299085, 188.2726271483633
189.55372930156216, 88.38375948990293
138.88795830157272, 120.50192069038583
147.1741765258774, 139.02232655093763
183.66369489931188, 178.75933731139492
101.96771992998751, 81.027651027139
164.41452719307532, 176.51015332055542
193.43455623351096, 2.400224418457375
158.29508273153886, 42.455420113563626
151.3322931831817, 12.423621640630778
146.43567866525154, 32.36480834716073
169.5271681841475, 154.3032510225613
102.56809429962391, 100.08579890214232
125.21461523371892, 60.511933621091195
109.53492730014084, 171.67420922383795
195.16203472871788, 48.38339337228559
128.0375832162959, 189.89150361799813
197.4663245890331, 93.5997526157613
123.93145536278347, 7.19764946305943
118.83223082425187, 5.449598121004939
148.52737223297348, 152.51988690829208
121.3442553610505, 196.16466140855607
155.4685336311158, 25.105775063182143
150.25258542306545, 67.59111381002924
150.0987796644147, 17.948859821730466
116.5504856412949, 74.35871059930643
117.2333594280823, 88.12650565250759
110.25271543776594, 42.921015142784256
141.11646658869745, 54.264339364492756
159.38324959766737, 175.7500187995922
129.44376598057187, 42.72253195470099
125.232902010064, 153.1406141867562
165.27127928462946, 155.38442144171043
120.17689203036595, 168.79661669924383
192.90171642403942, 128.48115862962615
182.1909770562316, 117.86944697569139
101.80016993251962, 163.41490616756872
167.7616527880983, 21.664332122941477
137.00687529619836, 112.32351263285192
193.415142829836, 108.70339373682802
141.95096727383503, 159.83791563175916
135.2826553972631, 139.53398773185882
156.15352443891584, 102.2213563302032
