240
92.92405653263268, 16.228201848868
53.14958365209684, 72.26429026553069
45.87398339043975, 115.02017529390527
90.63871142403988, 35.74377814645182
48.86909780748941, 77.74866322997534
7.0826104264252265, 79.5822470381382
54.05434181911128, 78.81189142441704
4.535044331812067, 23.819788492343157
83.87217609957723, 118.40634545200274
22.339575302948234, 72.87335894915317
46.48870277438914, 38.466133167303134
22.843545928835393, 132.45128143563153
67.95917716664843, 163.22276554422868
28.137725234291807, 61.29321657124132
6.024128289119719, 187.48086763219396
68.5076938986553, 33.72250386409533
41.16589868450643, 74.60395388948314
1.343510065173593, 193.02636744016823
18.267617053155526, 67.76301932200215
61.63865753345175, 37.1407519940456
31.85544924891039, 107.88297596661178
5.0365070133132885, 123.24784391767497
74.84957585320865, 31.777416764593532
44.538736913772304, 79.86155507968178
89.87110288708739, 45.02266162344126
98.75085052113783, 130.07557015729998
2.5637243873222135, 156.41908638355915
32.77233015341085, 6.373200193625337
34.20338973995362, 186.47308166233606
47.15804006405031, 48.46027474045075
50.184683583663684, 49.75720656170472
99.16879751800346, 27.076191751135667
9.241279648982726, 42.425129247486026
91.55271267701653, 129.4049646775124
65.90777425013297, 13.93092249685101
22.825614825410497, 199.39296555713943
34.612737634394236, 76.3219082032251
34.14186910300998, 124.13877980527752
36.12964223247507, 48.15845612262227
43.565353680578724, 186.4276584297595
90.6920897106215, 158.42164120091218
16.731791764698777, 94.66558792128403
55.79918289021002, 64.53502555446008
90.0382490451588, 163.33982336193685
20.95053227509097, 122.6169917637861
70.15546896509878, 131.91715902999363
43.54261259861809, 97.79356602931276
37.39879188064578, 11.204997299892511
54.19615346876981, 112.39566500862098
74.63682126041488, 193.9180449063178
75.07226206333131, 94.37679211117256
56.001989608592744, 199.00099723071486
80.8616299575647, 109.84718181782883
41.76742409718031, 152.93616787496546
65.13796393044817, 89.42255135968782
18.671973147391682, 92.35155771612473
24.56344932177599, 56.47431838122697
85.62907372640898, 158.46122035422002
30.712349760016785, 158.03480679869978
45.635820526814726, 195.25748978588675
16.42535746307304, 65.8898567596694
82.51390404570817, 49.73905441343348
76.00168295542608, 74.67464642279336
59.100412914331, 39.722895816603014
83.04753653497701, 65.61003234355809
78.82940523661661, 155.02429940574615
38.23272795167847, 159.4901959342081
3.959377877532191, 147.91016888886352
43.62140219502646, 76.29341765644732
46.84348923531906, 76.7284791464991
25.36428980263014, 2.1607460777819796
50.62967293134677, 150.1540206366418
34.07123000427302, 179.17760708088622
4.4403691624135835, 172.43894162281413
34.34177436318027, 193.2391064501834
3.4711168338373497, 159.00982299402244
94.86972835142126, 145.89430757924683
49.19072409438937, 6.902495213227397
84.89005825276641, 57.828896347737256
7.706783805565792, 58.013739188918464
34.680895383610576, 49.825148187523574
45.985250051423286, 5.697421711213102
0.1175354220236291, 46.75199844074509
33.11710535875988, 101.72891735373808
64.02832877402062, 59.44240305530359
10.19664206257409, 164.75342709962092
60.629915869764204, 156.0175830489791
97.73937358689436, 28.19215129860595
41.955225340466114, 89.98994061217856
65.65408370268342, 68.53931297341612
90.58974083319224, 93.94022257203476
91.17875943596714, 140.3857389060308
44.34838119151673, 139.0208999038034
19.70598777983562, 127.0504183755387
4.444790361473972, 143.0958941815802
76.54647553737269, 80.00265396712632
96.59607681023716, 137.011516402452
94.05661900647742, 36.90981153340167
76.18691340738343, 91.60908888897113
70.36581779056462, 151.07455246318656
76.56405225302252, 86.32962546115499
67.1668878759815, 121.98203456852079
37.590909775912976, 199.76064608997333
34.59430943493265, 162.50728970082352
28.507165272552736, 32.6262919827901
36.682552573026506, 77.72423996205053
86.19244802220051, 142.8644458823503
26.705884487232755, 28.70240980908141
24.413295728235727, 45.037932947355365
67.98402072475733, 37.73103649464902
33.89281115702531, 22.755631761994
29.05494973263719, 144.27499717585857
46.421088973937195, 57.59638865716208
54.087969810386795, 94.73273218268083
89.82667926909814, 3.302589138815004
84.30179515069698, 145.58671653786627
99.2352579044955, 117.48393877575087
3.9236970261241733, 125.55487296670151
77.57701757908471, 176.68874608839585
32.37075820064804, 138.84021182921606
3.7806539574204767, 192.01009360484
9.823757599011529, 195.76250298391744
66.127684312348, 58.72256642735427
48.54972903742916, 8.578664048079299
93.09082038835999, 120.30559202416163
69.39799177989163, 16.36099587426154
10.708923568598316, 175.42146691202848
51.78482385467097, 118.00153196321487
26.624059883096194, 155.83366247118153
27.843118144231426, 9.533974525522847
35.13980691052201, 58.20363458467055
51.46371283052748, 37.89793360192426
24.93364070594285, 49.36022555508013
54.58978382133171, 67.29121046533
24.95508109111838, 6.801384543091027
13.415929307095952, 133.4712075198902
49.50014922093301, 159.6978779035889
15.605517047429684, 40.37103381619475
36.80247407944578, 68.01274620374474
99.81160864133832, 62.82700137550239
72.52166236231865, 67.83666716486725
67.23202335496856, 93.57618226272673
92.333758311553, 49.3940570151415
82.0576588596124, 43.76510483861096
46.56541548593551, 180.11963275722107
46.4052659327008, 111.32021734784077
21.645501718043015, 182.06480194288085
91.46482418229837, 7.31834512086742
11.271025607096075, 148.1613287914096
42.184958700904026, 100.78841782894206
30.40180755877836, 31.146824299598208
68.01455214424031, 51.846938274512496
61.581835861202926, 163.42545193154047
18.09931462548172, 44.478204361179685
85.06561985812641, 125.8765644445412
38.57745765374716, 108.83655251093269
59.98181680488438, 59.43740797669119
73.38310239017429, 154.1570481263377
76.58917405431824, 69.8956703599479
19.145497556498793, 36.32174938691839
119.92807516615383, 14.939389745773756
118.06013803152838, 38.86319626916559
116.46591132943267, 119.36446269505976
117.16092858877948, 111.16251758516857
151.71497019468205, 14.334004820037883
176.25439515146817, 4.415677629495374
149.54230059279556, 93.63933169841083
195.81872652196665, 54.25966705306495
152.11729215732106, 177.36982226407733
119.68394125111949, 116.52471153433783
107.89450198695101, 54.168543033463344
169.4122745673476, 193.86113510822497
156.30093371910962, 149.1176406328855
135.80587745049604, 80.63252215334053
196.5786282578632, 187.21124047101185
164.52870233301186, 21.471219304552292
167.4889011460246, 120.66696571428845
189.90238153642042, 134.70413649299013
169.87958765242843, 52.18687565424152
134.5119357493253, 110.51629411039627
147.69143277226138, 31.776396486952983
189.55577172872987, 92.42807504841659
120.69730873115395, 60.14270057933908
171.2956696699981, 116.4163470470382
133.22761827658024, 28.763763170675595
174.6990083236173, 88.89755665026078
196.543859916504, 158.91620062919193
184.94063500781354, 46.320825088442575
153.43525186056615, 185.84910075823083
151.38286895671428, 71.83444895473932
143.0978365130837, 20.157873968853224
176.40397451564795, 100.85977833810719
139.15527184428007, 111.53503157302116
161.9154521572013, 166.71777072200464
161.43362291957698, 61.34388595208995
131.5011569790749, 133.92181974529638
169.99871190421953, 9.660101595936577
143.66033676803238, 158.39789440421853
156.25101189130672, 17.179477805030462
168.60706911153767, 124.09866080825847
147.81954969990755, 159.29761990147938
193.24465858457526, 73.52462674053639
134.41148488942866, 106.25930721002699
145.1294147771078, 156.48823833476112
118.53337976088991, 192.19689049281823
173.53652196707714, 52.602531412860465
127.79435814155255, 41.454573288100825
196.46196286938084, 88.97679974661162
161.02784312769194, 123.42485091809937
139.9775941964491, 161.43290426341355
113.81271829097676, 173.66420797851498
102.72572337275025, 178.63680300934757
183.83424709632882, 116.54955205969424
129.56515842667116, 195.22861257653622
182.71924324886768, 90.23795704728641
187.84104671661598, 14.95113390442988
120.7179978207509, 57.29693856996665
102.97532330082726, 89.80410602951628
174.0276981351984, 163.26283306519997
198.2116321204258, 153.95020123814382
123.65525836918223, 99.52061363547347
109.65113247421398, 6.4953466730072185
156.63257223759032, 89.27922381387698
133.58763583100486, 118.08510736762696
127.45412681921414, 133.65356001030122
178.23017517752072, 96.31497137995382
110.60095579245093, 97.96922295410297
122.73201210543739, 172.76957687955795
102.19996905033615, 45.346575647852646
147.2535897311031, 122.52086610487467
102.44074482678789, 73.28437100422201
101.73882007847712, 156.2482350260525
146.28415041637422, 179.764998385548
184.09998071675503, 113.40456451993295
129.25443306430267, 153.74485847871665
168.60958982613624, 185.81414543426177
172.76527920311682, 193.16569931132835
127.54290393355741, 47.213827924760835
184.68955667632446, 71.32393895952767
165.11244327431962, 89.80931269453562
