112
42.770029884079385, 68.1995024083723
74.35907031324402, 16.53952097395923
46.71848595640714, 23.097551945343486
32.66174038235518, 13.11379365289933
8.33189343474987, 143.45288416541112
10.558142054162655, 54.82446976694333
42.35723798966147, 107.83599247778761
27.623426725291147, 33.298579239114275
97.50061026347193, 38.493293899429105
56.02897287138976, 120.30120672114724
15.31374115256824, 169.64599744169942
0.8687140941000204, 13.707292865913722
11.381794271988444, 87.34543276768987
5.046974266587501, 32.71317816171519
6.962774319716969, 137.8300212271651
71.11857289915868, 142.0794531976985
41.17421969879641, 33.42561118093981
11.812694588155615, 45.3417312651053
49.09190710357798, 0.87905629235836
28.454620566148215, 69.73816272870073
51.583485055974144, 175.11619207153336
75.00218594435627, 171.736850679497
77.13978043577376, 77.70926308398087
60.07045045293036, 45.081324171353046
2.252955031362869, 76.54002164065629
74.82313018530837, 44.23175978720675
79.77675722700458, 147.89522788152237
69.44924752932745, 171.58576403941606
18.003512050158122, 89.46582984591038
12.794642999893291, 102.03768857913163
5.257383677215721, 182.36985929883699
35.19663065581483, 157.1505528695697
118.32332912959632, 174.86569651224158
121.60979212643007, 178.04811720483548
157.22997011592062, 68.1995024083723
125.64092968675598, 16.53952097395923
105.02849133923439, 35.3179200723621
145.36659805250676, 188.33662071525922
153.28151404359286, 23.097551945343486
147.76714553749503, 187.98579582202356
167.33825961764484, 13.11379365289933
116.28214796105215, 103.91422767802784
159.61982775364822, 18.666158964821445
191.66810656525013, 143.45288416541112
189.44185794583734, 54.82446976694333
157.64276201033852, 107.83599247778761
172.37657327470885, 33.298579239114275
102.49938973652807, 38.493293899429105
143.97102712861025, 120.30120672114724
170.1837011848643, 178.17512102384455
119.71670706799705, 111.92051153637992
175.5976766535551, 177.52318565790438
184.68625884743176, 169.64599744169942
128.06196020580458, 138.83057090950538
196.6057365608959, 62.30619440306357
199.13128590589997, 13.707292865913722
188.61820572801156, 87.34543276768987
122.199695914273, 164.1942507602367
130.38714088056216, 95.47696839834985
170.4150614617154, 130.8955772872205
194.16098350181207, 6.430128960922343
175.81157434018493, 98.28574839973774
194.9530257334125, 32.71317816171519
162.41360697626612, 187.61342312813466
178.4309864894544, 4.689142857760098
193.03722568028303, 137.8300212271651
121.46342503953618, 15.94908708214322
128.88142710084134, 142.0794531976985
195.7307040782507, 108.81390411099285
114.71435999634893, 117.98711290364959
145.58430607272905, 171.12027691047635
122.72138159346294, 157.39349147690135
197.3441220097823, 18.959067924995555
141.67927458273346, 68.30701148942346
153.01259969342783, 153.59925614110185
178.21775232358794, 95.98886525206085
186.5725286248061, 19.794675593622447
102.41630566092454, 105.78084302227512
106.71461554936724, 124.86874920339224
158.8257803012036, 33.42561118093981
188.1873054118444, 45.3417312651053
166.92373225248176, 36.84938315966513
147.63073208852924, 89.77330778556892
150.90809289642203, 0.87905629235836
120.70419307298751, 130.73275565076622
140.39356161046783, 38.72812340028653
171.5453794338518, 69.73816272870073
148.41651494402586, 175.11619207153336
124.99781405564373, 171.736850679497
122.86021956422624, 77.70926308398087
184.2566404746319, 48.97234947768625
139.92954954706966, 45.081324171353046
115.84053082664751, 66.65767941056544
185.13449302222668, 90.20153495426221
197.74704496863714, 76.54002164065629
130.17501659708358, 7.947703709220422
139.4138483077113, 74.28517326550161
125.17686981469163, 44.23175978720675
138.9303643469728, 157.45412928357788
120.22324277299542, 147.89522788152237
130.55075247067253, 171.58576403941606
181.35392928403033, 78.33083205099946
132.33986891822366, 48.050816404232876
102.00756948711674, 179.1707604984797
181.99648794984188, 89.46582984591038
107.86782119789983, 106.07428549225943
110.1184723510464, 6.243729445296431
171.117333054269, 36.00558766763089
187.20535700010672, 102.03768857913163
194.74261632278427, 182.36985929883699
169.25780472866327, 141.21106481244996
164.80336934418517, 157.1505528695697
