208
56.952281612703345, 128.35780201076358
64.42027943993428, 41.639524654821194
59.32909900963309, 190.66801612207422
86.37869665801202, 137.2215395372939
19.707686588808528, 13.835540670650627
31.706717565004936, 181.81856265281613
23.891917245527495, 75.68336271161897
2.3356338500297613, 118.51823289801465
8.535278734468008, 139.52883545776388
90.51374036550972, 147.5924486607709
26.51460927695811, 102.50575233479235
1.2215440556947565, 160.62577447232553
49.31009756960559, 116.78618547865028
16.851808576683013, 25.197611515959174
57.507892388894334, 98.13225883976179
0.5585306661793688, 123.99530218542907
5.196352293830775, 83.56697397584689
52.58699350685016, 2.58759727137447
82.98649339425442, 123.6701130903268
18.434159808355044, 7.871985662444692
69.02944641028347, 142.49328608030032
15.4658198645791, 165.36478368043325
82.78044505913505, 171.58619714371923
36.466902220554566, 129.20026497057245
5.883119390003211, 91.73552914864405
38.10923958436491, 12.555094350971663
86.89566474019551, 6.8385448134529945
70.5853090593243, 107.14951268423691
63.5964690165535, 117.31546504683912
81.10522803439594, 38.793997217262685
56.78503077318845, 56.18983546314213
67.10362369818192, 35.191659969062194
83.38620836163632, 38.76246117947421
80.09197124770247, 3.5611769964126028
10.550753905304973, 36.06816836667022
95.79595704220245, 152.07581975656578
20.543214504764062, 130.52542408760243
53.76495841226121, 78.10965049662977
57.40183733173528, 154.26263228119012
74.69191701661727, 65.68849360255291
98.12595631967241, 125.21698551743829
57.093682782593326, 135.16982777858672
24.85315476345822, 192.26596584036506
94.39030377845609, 186.28087281214906
88.90927011774404, 2.656182270399743
60.50712975406067, 160.44491864135182
28.36879098562708, 27.210979242713652
20.749082973348244, 197.45558025999236
50.89420176952933, 153.9381571196169
64.41846484064011, 145.8817906192836
29.5065822377576, 23.45830958664076
84.75096481345871, 25.21750911284264
23.181974005531746, 7.981627385455923
98.58065456097727, 107.84118271122371
11.096901258456718, 116.82608394955444
78.03474849343623, 50.51448785733281
76.2784968264471, 31.852239515920704
98.60161604031798, 68.94463848646117
19.90141464730433, 66.8616890656173
10.708535895441306, 173.444913415971
42.987103394606294, 71.79583002055412
25.471294487134045, 138.18152578716968
16.16345947018442, 122.51289693671974
30.13018951040799, 85.80573307926171
7.662368295548372, 191.81879809087553
5.205871578219117, 12.651375088352303
52.11803896993605, 115.14557689347185
66.75532904520756, 132.80382575919876
59.614583140391716, 92.89168316196063
20.405205561523545, 188.21397555317668
72.99386937065618, 37.73734554262836
45.115064574039714, 128.98739245567947
44.60710947247076, 142.899797565303
22.572169244867048, 158.3074620464025
46.51242524903524, 171.08056048792108
38.11163522095528, 43.77223146488738
31.44434581302123, 38.784243107096835
46.36829502196128, 188.84685802767473
86.21600237955272, 133.40833301616078
76.16685079809554, 19.3873193056876
63.92082308132688, 9.515668701704062
18.97551592530855, 58.17982138588611
13.511627524079039, 124.00708528955798
82.04706698761703, 161.76575819506027
70.36806327743717, 32.9640312363241
92.88615413521968, 38.89326060330465
87.94586615479085, 75.50936822874696
9.983317092875287, 59.96603784283061
47.09363743465068, 132.57157030629247
29.63682762481481, 149.5180192970639
55.804147918835966, 198.69346608145082
70.77212555909962, 131.6821799895198
4.251981259379301, 93.1473895228122
20.203716154844777, 194.83264070917363
67.35872342933249, 3.0774851346589305
73.51861899804942, 21.484431487499457
77.1908050444727, 188.7794738852438
14.623253524919965, 51.413188607907735
96.42347779561852, 124.07371720327976
50.686209867308406, 92.8753993584346
41.69239470562241, 57.000511563251585
35.557400623008874, 115.24280018263688
29.921330196266183, 43.87191757073976
43.3005723373819, 102.94925695492599
31.453222933377354, 185.73240874180848
26.059943244958404, 31.54823079918494
4.2743531823887455, 168.02821946804883
71.55513250711275, 125.23545637833497
52.050394190225326, 82.6809969718588
9.933164302688413, 109.70603248026256
27.508288850831796, 115.94759500419079
49.625410308900776, 147.43830502433931
32.572688964340855, 97.1191621799101
37.249604985786824, 191.1826514150774
12.153831552914829, 126.99655796944617
70.8549928897928, 70.65299953463284
21.65312325040055, 111.3622469444302
81.1017566840374, 48.653908287899526
62.988474785310174, 27.542097658657937
11.648957306046203, 40.918712908452505
33.52850093052445, 123.7598948357308
95.14407669854184, 47.882145237835495
47.18997438576707, 3.819204982415325
2.4067877051109243, 199.53438768886897
95.25247442810418, 33.27645584282879
64.88569757961487, 141.5052939606195
97.53903323259718, 73.10248757761345
9.32867638660123, 149.80649328318935
181.02185345259977, 169.77852224784144
135.5797205600657, 41.639524654821194
140.6709009903669, 190.66801612207422
101.60931223808443, 140.5493776074295
180.29231341119146, 13.835540670650627
168.29328243499506, 181.81856265281613
105.88061982369868, 69.37855597491618
197.66436614997025, 118.51823289801465
117.90715742507551, 177.4257713181843
125.78833110866357, 190.23466237107368
116.60311295783576, 176.13644319690147
198.77845594430525, 160.62577447232553
195.14486363266192, 44.042034642291526
105.52873834985614, 7.6715802658693155
173.290442894544, 151.776989502357
199.44146933382063, 123.99530218542907
194.80364770616922, 83.56697397584689
113.98137371002196, 59.39933608400578
123.56895689856303, 91.81861928551982
181.56584019164495, 7.871985662444692
194.0965041285181, 69.70275761537322
184.5341801354209, 165.36478368043325
126.61430725703414, 126.16192368101113
199.9914853260504, 87.77064371817704
194.1168806099968, 91.73552914864405
161.8907604156351, 12.555094350971663
161.8781448910407, 25.587572168379037
156.6393262410318, 93.74542279806342
119.7217146741857, 85.10958038161947
177.59224433005863, 87.93978742467334
143.21496922681155, 56.18983546314213
132.89637630181807, 35.191659969062194
131.06363218063495, 22.81798204990526
175.8370427069047, 0.7735940341009995
117.5526409684234, 22.661961965264823
104.20404295779755, 152.07581975656578
179.45678549523595, 130.52542408760243
157.63783014815712, 46.857613088882985
184.9356898006665, 167.9503710707276
125.30808298338273, 65.68849360255291
133.62885454862908, 168.6083788613834
142.90631721740667, 135.16982777858672
123.05899985074963, 135.1227378235649
161.54016632458863, 191.6144998476459
111.09072988225596, 2.656182270399743
110.73694306122262, 154.966231686878
171.63120901437293, 27.210979242713652
178.85585980788377, 118.40968476256826
149.10579823047067, 153.9381571196169
113.29988833767784, 196.12827342385057
142.77134640463214, 17.353977133710096
115.24903518654129, 25.21750911284264
196.84220964742926, 34.23709378109167
101.41934543902273, 107.84118271122371
131.3761775139391, 73.53806493023451
172.3718267343199, 6.578678153220707
128.62359871011705, 31.006166893874298
101.39838395968202, 68.94463848646117
180.09858535269566, 66.8616890656173
189.29146410455868, 173.444913415971
157.0128966053937, 71.79583002055412
115.15316517892666, 123.72430319587846
112.6189025294793, 104.41963615047052
169.324528488119, 153.35962391441498
179.8193934654773, 161.73219135845966
154.03304216607404, 16.78466027809349
104.36209703402136, 103.92692350118583
133.24467095479244, 132.80382575919876
127.21352093990032, 97.9804690224531
118.02146571810941, 181.47810306755377
110.77681805085791, 21.679321582544063
159.09151609645946, 155.33397330288787
155.39289052752923, 142.899797565303
156.21256730972087, 194.3838301583111
153.48757475096477, 171.08056048792108
132.30993730283203, 52.57759451792927
195.04056965244777, 49.06056889165718
153.63170497803873, 188.84685802767473
118.59632315599336, 111.15871132901995
123.83314920190446, 19.3873193056876
