192
95.20171000398754, 165.2066916437034
97.82797568995254, 44.08691182936848
16.661747064251287, 199.94087783673643
68.7965653651602, 88.45167194465684
6.817834424553615, 106.05984905198105
95.13680046930646, 180.74027466416908
70.92704984567158, 18.99054813683161
50.478616438222545, 89.98929435982978
99.56045670175376, 86.01366961415306
31.521494975171482, 198.0035848980122
92.7789215124588, 119.15775589717758
68.30078052734906, 22.523083460470914
30.49680170710459, 121.2531307234914
96.87956873708463, 160.2079300947737
40.48856136724114, 22.8529973646298
93.18543568913823, 135.31505194473917
70.98230851643078, 37.73929736597839
53.50414330216843, 111.77939339227261
86.45872257421087, 116.92905812962218
10.094568754259281, 134.67342723741785
74.26859192776206, 63.529372958739195
72.61699869261311, 19.78698855602794
14.306240848889972, 152.45558625198663
70.93178710343945, 165.3494818140163
9.412427307684112, 103.80615005690686
20.91719994782388, 76.62185428718442
32.70197977157463, 192.72673235967898
99.70363483836834, 47.01681901746548
82.31428341727809, 160.31178249189838
1.3602133550792095, 67.52925902435352
60.99350380243634, 115.78934852233785
22.630574794193414, 143.95111820855726
33.494372062992994, 92.28880428757013
40.555198351958744, 199.91718089062516
70.59221254735606, 93.41909056351466
68.81021555336059, 135.87164231478445
5.925558699155953, 36.4399023169969
45.238436105909855, 153.31637530342746
45.62893508860883, 18.482659817208535
24.488359502300604, 7.055964606344123
88.56333879618509, 93.75721184083596
75.25316909908194, 172.97755269335084
96.16549318031541, 197.82920491126944
62.86953550858594, 100.54445402537051
83.80928632052537, 190.58516600581203
56.72385959802144, 13.274014367325758
55.58250173842701, 160.12510331001272
7.512669222353097, 176.880483560913
63.20061054183339, 53.87277286782655
81.98219574678038, 123.83913912896271
80.5990612950223, 109.17497924349968
27.29843651126612, 18.99232813060745
20.210543791948176, 12.023633850291148
13.37165129161324, 65.97638370493586
14.57403876931902, 67.3879044119266
27.446229068277905, 196.58193714787592
5.174753650196029, 103.94570983223659
98.87476854883313, 20.219961662140264
87.22837990004012, 83.36058320813149
56.6294183795564, 177.34691693375336
83.0316931101231, 120.2625254853366
39.73079414581356, 81.32276453229039
47.13835148643736, 144.29410529348033
34.1983319710218, 193.859724176534
32.58881571561676, 10.519596128128406
72.6043360079415, 176.5682239269418
80.3033648139563, 172.08869442297487
52.983941121211394, 25.8658484611489
62.8059311764437, 111.74557239114708
32.55743159144835, 90.41324927375828
15.290192205010456, 24.232427471352636
55.39337816098961, 99.54753685632353
98.95535631115135, 23.406742399199153
64.1068559179617, 87.68254355725185
35.60483415458749, 0.6954922439671218
10.467382145434168, 3.444740699775939
14.818737710418993, 7.183093739788005
90.26660108344586, 54.55671062268301
30.274574137550925, 14.739323324171982
34.08163900630586, 117.79486649468012
17.636418756114058, 139.62847747337588
98.01881525986325, 183.94464570136932
77.29791731352714, 91.5795577420314
23.39891008287218, 23.143492406522668
26.92777110818614, 65.2668059309625
90.30090079417604, 36.124202610322676
47.00281850179715, 112.5562119776593
25.684374751269434, 5.745297409419559
50.07435397212936, 147.91493957837145
66.51452660370552, 88.0547391458667
82.30433873204154, 191.25357786448916
76.87998739304373, 66.73429772569544
75.76851101849385, 160.16117777171692
79.0159970955386, 76.38932988990854
60.85266244138893, 159.03575012260305
2.0028894280500142, 6.231546421675094
77.92686801937818, 47.89011184180427
37.53292682496232, 46.469713740428965
57.33076553302696, 66.84374324093079
72.62557378921424, 132.55846368370186
56.36739929316303, 61.22058683861387
82.02724244716325, 92.37291486207455
75.1857278810888, 197.4634349010522
11.034379492709034, 11.021773123506073
69.47549497730702, 149.62275627412268
31.65098350970116, 44.437762620434526
98.53425495607391, 121.69980491554739
50.513409889585425, 143.50170297836408
19.692823594670127, 186.76935514270477
69.58628566923396, 124.36923557577163
67.50439500430988, 38.45212245375187
10.694036526512518, 152.9143169282235
104.79828999601246, 165.2066916437034
102.17202431004746, 44.08691182936848
183.3382529357487, 199.94087783673643
131.2034346348398, 88.45167194465684
193.1821655754464, 106.05984905198105
104.86319953069354, 180.74027466416908
129.07295015432842, 18.99054813683161
149.52138356177744, 89.98929435982978
100.43954329824624, 86.01366961415306
168.4785050248285, 198.0035848980122
107.2210784875412, 119.15775589717758
131.69921947265095, 22.523083460470914
169.5031982928954, 121.2531307234914
103.12043126291537, 160.2079300947737
159.51143863275885, 22.8529973646298
106.81456431086177, 135.31505194473917
129.01769148356922, 37.73929736597839
146.49585669783158, 111.77939339227261
113.54127742578913, 116.92905812962218
189.90543124574071, 134.67342723741785
125.73140807223794, 63.529372958739195
127.38300130738689, 19.78698855602794
185.69375915111002, 152.45558625198663
129.06821289656057, 165.3494818140163
190.5875726923159, 103.80615005690686
179.0828000521761, 76.62185428718442
167.29802022842537, 192.72673235967898
100.29636516163166, 47.01681901746548
117.68571658272191, 160.31178249189838
198.6397866449208, 67.52925902435352
139.00649619756365, 115.78934852233785
177.36942520580658, 143.95111820855726
166.505627937007, 92.28880428757013
159.44480164804125, 199.91718089062516
129.40778745264396, 93.41909056351466
131.1897844466394, 135.87164231478445
194.07444130084406, 36.4399023169969
154.76156389409016, 153.31637530342746
154.37106491139116, 18.482659817208535
175.5116404976994, 7.055964606344123
111.43666120381491, 93.75721184083596
124.74683090091806, 172.97755269335084
103.83450681968459, 197.82920491126944
137.13046449141405, 100.54445402537051
116.19071367947463, 190.58516600581203
143.27614040197855, 13.274014367325758
144.41749826157297, 160.12510331001272
192.4873307776469, 176.880483560913
136.79938945816662, 53.87277286782655
118.01780425321962, 123.83913912896271
119.4009387049777, 109.17497924349968
172.70156348873388, 18.99232813060745
179.78945620805183, 12.023633850291148
186.62834870838677, 65.97638370493586
185.42596123068097, 67.3879044119266
172.55377093172208, 196.58193714787592
194.82524634980396, 103.94570983223659
101.12523145116687, 20.219961662140264
112.77162009995988, 83.36058320813149
143.3705816204436, 177.34691693375336
116.9683068898769, 120.2625254853366
160.26920585418645, 81.32276453229039
152.86164851356264, 144.29410529348033
165.8016680289782, 193.859724176534
167.41118428438324, 10.519596128128406
127.3956639920585, 176.5682239269418
119.6966351860437, 172.08869442297487
147.0160588787886, 25.8658484611489
137.1940688235563, 111.74557239114708
167.44256840855167, 90.41324927375828
184.70980779498956, 24.232427471352636
144.6066218390104, 99.54753685632353
101.04464368884865, 23.406742399199153
135.8931440820383, 87.68254355725185
164.39516584541252, 0.6954922439671218
189.53261785456584, 3.444740699775939
185.181262289581, 7.183093739788005
109.73339891655414, 54.55671062268301
169.72542586244907, 14.739323324171982
165.91836099369414, 117.79486649468012
