160
84.28446534666139, 139.14242768479238
83.03918853758043, 97.41411562625697
45.59945936830376, 75.1910929916626
74.37209106405814, 101.22049834862669
13.184563051761511, 56.41114974469965
63.594635054147076, 175.5007421022304
76.93535203269694, 150.98936519243406
54.809097429106856, 13.75090594146624
39.11141991356902, 24.119598882962578
5.03246365837583, 122.7665127954328
22.56292516254349, 115.84019012983366
20.863094418894303, 82.24604549086632
82.9932614982767, 13.38831719832374
75.41602008089473, 133.30406794278386
25.014384354757812, 49.537545711111974
87.72703095292924, 197.13226590395502
80.26314698739385, 164.56940292292992
83.42802639718462, 189.90942497021365
56.54994163507813, 15.964096335822852
91.48692759398753, 89.72491096306663
82.21550983993747, 161.44192256848956
69.26990553538077, 5.661048028596971
87.53078123218734, 10.98600794456317
56.27573420394172, 37.94982283233361
62.37848612256508, 29.457217804101397
45.176566436141385, 170.0285472590328
93.23157265640651, 164.93011694555346
73.64127420258255, 188.0313895457429
90.87050636641901, 17.102098097098818
52.12410560997204, 96.90453276473363
92.29410893154663, 142.56427837861904
70.87865480670233, 113.29955443912785
51.121914016529935, 177.89388993003294
85.71814862849507, 197.26500502760572
99.90349760195978, 79.27970189307543
48.09903085908357, 120.53968005741112
92.2387615907556, 9.814986851859775
22.601583396202642, 124.40907657366809
80.50100056965206, 50.7202813379537
88.15245309653955, 26.973752111021064
78.22183516382802, 74.20642183382384
31.27758369211667, 91.45110051431953
56.59273060833908, 45.02523477513633
58.70703756593044, 173.50208996354584
60.54451059133963, 54.59595622490656
68.5467764580442, 150.0464187825302
95.86284142141895, 124.45924504714023
54.167923863416355, 171.0345906384043
55.463441798880574, 138.14516226199197
97.76778085392196, 170.55602311354502
46.49895877192155, 73.49144617594885
38.68168288128643, 155.7902124250145
24.72197261471133, 120.85963487101752
79.75819711030667, 78.54244521812363
54.800079387088964, 55.35106841131743
80.03481867364835, 158.30146899861708
5.125672174813623, 104.30182999671187
43.64115647646789, 96.11719592130663
32.79123022346005, 153.22801298109974
94.34504750830587, 167.35412739843684
76.40466109642435, 188.05362792596523
48.80710793023145, 152.4201449125638
50.24296599507881, 131.91011514345809
52.80745786344314, 44.73642261505637
81.23656884529987, 8.304069670947412
56.141110256316104, 49.98431572945279
78.15432208147695, 120.58069412453891
88.78509313134623, 53.367063109108855
10.751132431618071, 85.15085713806397
59.786375267112334, 95.52004674633277
59.099587829288545, 132.97956006266557
40.626876616850794, 91.63337758280686
88.85272486460055, 90.1447073332256
20.25257997112049, 132.06162823675308
60.13803763335748, 31.65309736948656
87.30011717127111, 40.202930082403434
66.39977373447294, 180.87568191717
34.67020558251859, 27.029520402900296
91.17536396797739, 24.91395750059211
84.33500516168229, 173.5078337942672
115.71553465333861, 139.14242768479238
116.96081146241957, 97.41411562625697
154.40054063169623, 75.1910929916626
125.62790893594186, 101.22049834862669
186.8154369482385, 56.41114974469965
136.4053649458529, 175.5007421022304
123.06464796730306, 150.98936519243406
145.19090257089314, 13.75090594146624
160.88858008643098, 24.119598882962578
194.96753634162417, 122.7665127954328
177.43707483745652, 115.84019012983366
179.1369055811057, 82.24604549086632
117.0067385017233, 13.38831719832374
124.58397991910527, 133.30406794278386
174.98561564524218, 49.537545711111974
112.27296904707076, 197.13226590395502
119.73685301260615, 164.56940292292992
116.57197360281538, 189.90942497021365
143.45005836492186, 15.964096335822852
108.51307240601247, 89.72491096306663
117.78449016006253, 161.44192256848956
130.73009446461924, 5.661048028596971
112.46921876781266, 10.98600794456317
143.7242657960583, 37.94982283233361
137.62151387743492, 29.457217804101397
154.8234335638586, 170.0285472590328
106.76842734359349, 164.93011694555346
126.35872579741745, 188.0313895457429
109.12949363358099, 17.102098097098818
147.87589439002795, 96.90453276473363
107.70589106845337, 142.56427837861904
129.12134519329766, 113.29955443912785
148.87808598347007, 177.89388993003294
114.28185137150493, 197.26500502760572
100.09650239804022, 79.27970189307543
151.90096914091643, 120.53968005741112
107.7612384092444, 9.814986851859775
177.39841660379736, 124.40907657366809
119.49899943034794, 50.7202813379537
111.84754690346045, 26.973752111021064
121.77816483617198, 74.20642183382384
168.72241630788332, 91.45110051431953
143.40726939166092, 45.02523477513633
141.29296243406955, 173.50208996354584
139.45548940866036, 54.59595622490656
131.4532235419558, 150.0464187825302
104.13715857858105, 124.45924504714023
145.83207613658365, 171.0345906384043
144.53655820111942, 138.14516226199197
102.23221914607804, 170.55602311354502
153.50104122807846, 73.49144617594885
161.31831711871357, 155.7902124250145
175.27802738528868, 120.85963487101752
120.24180288969333, 78.54244521812363
145.19992061291103, 55.35106841131743
119.96518132635165, 158.30146899861708
194.87432782518638, 104.30182999671187
156.3588435235321, 96.11719592130663
167.20876977653995, 153.22801298109974
105.65495249169413, 167.35412739843684
123.59533890357565, 188.05362792596523
151.19289206976856, 152.4201449125638
149.7570340049212, 131.91011514345809
147.19254213655685, 44.73642261505637
118.76343115470013, 8.304069670947412
143.8588897436839, 49.98431572945279
121.84567791852305, 120.58069412453891
111.21490686865377, 53.367063109108855
189.24886756838194, 85.15085713806397
140.21362473288767, 95.52004674633277
140.90041217071146, 132.97956006266557
159.37312338314922, 91.63337758280686
111.14727513539945, 90.1447073332256
179.7474200288795, 132.06162823675308
139.86196236664253, 31.65309736948656
112.69988282872889, 40.202930082403434
133.60022626552706, 180.87568191717
165.32979441748142, 27.029520402900296
108.82463603202261, 24.91395750059211
115.66499483831771, 173.5078337942672
