192
94.26316217494929, 177.33432553082972
76.62031540755078, 176.94545620836288
55.34737937472052, 13.563453234766932
65.29351529639183, 120.85940904441416
90.66281982676068, 86.56503409306752
76.83430568155963, 141.9761166273034
91.22751889243982, 141.23502009622212
72.02089710114363, 103.51782137201741
82.73343346904807, 44.1958159303667
70.47358674131688, 180.07469069672607
56.91208616498965, 54.25994710823103
79.31491690737433, 68.3997612457127
18.56032710390204, 88.78889859735352
27.51341252159426, 43.64708901675252
73.50112233016833, 187.59508156848312
63.37655122301765, 111.1069354533272
97.37376852551705, 121.96176511263958
74.12648543131614, 5.862078007982219
57.23637332247213, 70.81929104655612
29.083032465987447, 135.00512470180698
83.43792527421981, 41.185923677115596
95.14108315371881, 85.70282881505902
24.18147172218793, 52.41381298182015
51.04537690255303, 43.327459289521556
8.399264797887717, 135.52971318367545
28.717260024826217, 57.291187413375155
50.020872769638956, 129.4961308721044
86.2222802886482, 16.81758958266275
30.65093543911689, 118.45634207234316
34.79089020983317, 133.8265622910437
34.604003675610116, 91.97784418838155
26.529160489481463, 112.27209774976863
3.443455525227923, 99.01315142938216
5.767561357943219, 71.56549709046587
66.34985071970142, 12.32825958538768
56.25864514222497, 66.22840369955938
31.059123247741827, 83.04867594396468
35.59818871623675, 78.35026788764212
63.99343217645337, 180.3181027239653
88.69773449275155, 170.2571441216414
21.389565621239704, 127.54548543499575
65.33857837457391, 82.45162580276926
57.060995937080094, 34.605131881235216
58.73665200513176, 90.27824271109448
37.511568969294096, 136.46945839454415
78.58948160016783, 171.75966571876958
44.888056177806426, 92.91213200683934
62.42522677661826, 95.29850180784085
25.091789088899464, 153.14753343010634
63.51480510134441, 185.52993663111351
64.70553553027258, 107.55700735925997
42.47035285553578, 52.18431106817818
52.855876968268056, 78.15024062708208
48.537750596901255, 91.55845117464621
73.93575869203036, 115.18323167927515
36.98840024449477, 148.7278637930949
32.9026737158133, 65.47721333720786
72.0184617710113, 193.69004901486406
54.05965044750346, 95.47477674755685
29.717514694534742, 79.61664160317703
69.92098962514042, 43.086811855679464
80.35512675334635, 194.27361484178795
74.6446786185239, 24.103741432470805
98.80401294442846, 181.82306273064472
87.77316688902471, 174.34465284986373
49.32547089285057, 14.936681304875222
57.348660327634605, 39.8170736315798
70.4693504227387, 101.45759405018342
9.577889061102962, 63.816608523582616
15.19747824216211, 143.49533983321965
9.80869559144707, 102.99824832046151
16.30618204288955, 104.310085381062
36.74808704080624, 88.06561982783221
38.401500265596376, 48.84261920788615
94.8946586250797, 12.427094592022492
14.436307045710251, 64.18603117144129
41.98701237900379, 47.25751947050079
11.530128417378894, 61.56147601886808
72.2443185470831, 23.117727970683653
94.87406334369301, 55.4870059919778
89.48186403017844, 106.29785635105706
91.30526925837098, 48.228640509997604
14.172140267091294, 100.96524235051767
59.509142918584246, 68.27261102839708
66.60080031327612, 89.7998886389604
17.814421917011035, 161.34836268683884
18.557191916859328, 181.44266221310681
71.64991805047516, 96.69290847704872
18.981724372711405, 141.9084992306995
24.700275535288153, 116.04528390501984
46.40139936780494, 115.95987013373828
89.41386864884488, 143.6300094020898
24.38605824073179, 125.79628426261462
43.64165987924006, 156.68644472309268
72.87927479054497, 33.16906547085892
21.611116457004997, 76.19194218341994
79.99599258024345, 37.15026946954747
45.31177510783837, 35.003209186271114
93.77185577586751, 25.0519764194558
47.011952566238456, 94.82520278632265
34.82272192917817, 106.13238595427109
39.98287738782703, 138.78089631414753
46.51677495715073, 184.93040794913114
71.87626934697808, 165.19224228729013
98.3880419660773, 155.02623354382715
99.38267005622252, 44.60034320062927
41.24207431909481, 69.25964790867667
99.02950658728899, 56.977930442795554
20.071113916187077, 92.83037986985559
3.136971322600768, 124.49747567898113
73.16918343396053, 29.747845179913845
37.33234322579385, 112.3927009710661
105.73683782505071, 177.33432553082972
123.37968459244922, 176.94545620836288
144.6526206252795, 13.563453234766932
134.70648470360817, 120.85940904441416
109.33718017323932, 86.56503409306752
123.16569431844037, 141.9761166273034
108.77248110756018, 141.23502009622212
127.97910289885637, 103.51782137201741
117.26656653095193, 44.1958159303667
129.52641325868314, 180.07469069672607
143.08791383501034, 54.25994710823103
120.68508309262567, 68.3997612457127
181.43967289609796, 88.78889859735352
172.48658747840574, 43.64708901675252
126.49887766983167, 187.59508156848312
136.62344877698234, 111.1069354533272
102.62623147448295, 121.96176511263958
125.87351456868386, 5.862078007982219
142.76362667752787, 70.81929104655612
170.91696753401254, 135.00512470180698
116.56207472578019, 41.185923677115596
104.85891684628119, 85.70282881505902
175.81852827781208, 52.41381298182015
148.95462309744698, 43.327459289521556
191.60073520211228, 135.52971318367545
171.2827399751738, 57.291187413375155
149.97912723036103, 129.4961308721044
113.7777197113518, 16.81758958266275
169.3490645608831, 118.45634207234316
165.20910979016682, 133.8265622910437
165.3959963243899, 91.97784418838155
173.47083951051854, 112.27209774976863
196.55654447477207, 99.01315142938216
194.2324386420568, 71.56549709046587
133.6501492802986, 12.32825958538768
143.74135485777504, 66.22840369955938
168.94087675225816, 83.04867594396468
164.40181128376327, 78.35026788764212
136.00656782354662, 180.3181027239653
111.30226550724845, 170.2571441216414
178.6104343787603, 127.54548543499575
134.6614216254261, 82.45162580276926
142.9390040629199, 34.605131881235216
141.26334799486824, 90.27824271109448
162.4884310307059, 136.46945839454415
121.41051839983217, 171.75966571876958
155.11194382219358, 92.91213200683934
137.57477322338173, 95.29850180784085
174.90821091110053, 153.14753343010634
136.4851948986556, 185.52993663111351
135.29446446972742, 107.55700735925997
157.5296471444642, 52.18431106817818
147.14412303173194, 78.15024062708208
151.46224940309875, 91.55845117464621
126.06424130796964, 115.18323167927515
163.01159975550524, 148.7278637930949
167.0973262841867, 65.47721333720786
127.9815382289887, 193.69004901486406
145.94034955249654, 95.47477674755685
170.28248530546526, 79.61664160317703
130.0790103748596, 43.086811855679464
119.64487324665365, 194.27361484178795
125.3553213814761, 24.103741432470805
101.19598705557154, 181.82306273064472
112.22683311097529, 174.34465284986373
150.67452910714943, 14.936681304875222
142.6513396723654, 39.8170736315798
129.5306495772613, 101.45759405018342
190.42211093889705, 63.816608523582616
184.8025217578379, 143.49533983321965
190.19130440855292, 102.99824832046151
183.69381795711044, 104.310085381062
163.25191295919376, 88.06561982783221
161.59849973440362, 48.84261920788615
105.1053413749203, 12.427094592022492
185.56369295428976, 64.18603117144129
158.01298762099623, 47.25751947050079
188.4698715826211, 61.56147601886808
127.7556814529169, 23.117727970683653
105.12593665630699, 55.4870059919778
