208
30.759505174717393, 45.29243157392195
57.88937986070602, 69.66943274299524
61.86321897341686, 176.4075166196778
30.860407428046233, 39.5871562100806
89.7146431104919, 31.77584607570756
59.335070878385196, 73.19608466725194
22.795399078118827, 137.6792827824379
34.8272829096092, 24.949418465953844
24.25155173788598, 67.89132126206468
66.68856264683761, 162.77003377324544
21.89807277371617, 118.55036619784174
30.497584841255076, 96.29772867637672
76.6830285814307, 55.24409935806005
98.35295652381141, 95.46196300389343
40.489093866184234, 49.989043017740876
38.45479554834503, 99.79586942600298
30.366665585042764, 37.22484416602969
76.87287590963832, 68.66458683001248
44.133399070344815, 70.33982561325178
58.65232850363973, 155.38490711424438
13.517576358664673, 98.81281075002424
80.45665655752285, 157.76860889549346
41.8641625645077, 31.698971265933086
64.51914806435852, 143.06538726526225
47.584741204499046, 133.91396550589
95.46060359546205, 100.80862617538513
46.04129416646574, 49.534504452759485
42.85897886554204, 71.94492998463271
96.06285777052979, 58.425532388806964
70.41759641816905, 76.43285435693836
44.53068008423606, 28.53812095933015
28.72180948348202, 81.51156236034677
36.74619385418809, 72.2966047637867
89.26655470686427, 74.8696828781919
93.33516530698567, 106.56748440662611
58.271123186501065, 116.66246639578873
93.08676583690014, 57.2628163731391
60.38013450760308, 81.82382607670162
30.580240563216808, 147.0779290423947
13.63634714369688, 49.94730764212001
65.06795458599484, 96.39798953726076
72.76341130805335, 104.76269790426815
25.69201732826358, 126.6420448557086
68.68829321519715, 87.22254909206868
15.289242302501037, 123.65512905205844
12.53601558566867, 69.27250493081458
61.26786341495492, 116.60616218530787
27.016028911760735, 154.74516278662827
93.74966509052858, 159.40267010444524
29.17174500033556, 129.22587291572677
57.198301075148194, 62.11193556228416
60.730156180577275, 173.15980288953475
13.85373826966525, 87.96518267895092
88.22346754126137, 41.76105445211202
56.83580490507478, 19.96988295508597
8.649046648355508, 80.6793646794789
45.59386098798929, 26.044128600197226
61.013804972730526, 166.06772704626306
84.95284391210699, 17.955814603115194
21.376727272809916, 146.51086513880017
83.66338836761194, 172.73752672755919
45.645252900584246, 83.01022162312293
70.74758066969386, 9.570622830895537
47.409705162618955, 101.72956925761521
67.1971654941192, 172.99782733787464
39.00745674690103, 153.9958827159297
40.68718738368461, 96.2683230529549
53.60033574631756, 145.599568722746
84.82543210208358, 1.894065141889989
25.339650142403926, 123.674461607492
41.49103835396352, 51.50060763217652
67.66445077260266, 34.01623760026684
37.57894888530314, 158.90083687467245
46.75899258090334, 79.85210299073155
28.37464215420592, 159.38719761548904
37.35219985182617, 164.54256649265037
65.32653361668852, 190.17967729561448
2.2863875065510797, 91.15499149383449
69.23413275693892, 89.26391953673958
98.80207791241124, 70.29283116394227
17.012617454020617, 82.07953269702001
43.33069302783669, 54.069206165659246
29.4056902412844, 156.7815055540275
11.95700284122988, 10.762021127585996
99.42133886920791, 174.49325233850576
22.144962001120096, 15.164132137110098
0.38253887787058627, 164.02281940908173
3.5856103126588823, 100.04774902906448
67.55067957853139, 16.07869895975087
3.51381575641323, 42.49628300241006
15.14751639038191, 119.58126600248313
35.105804014416094, 70.31061880006003
5.251747061981693, 113.97131791557406
5.737584590800859, 182.82645727168904
49.02560394105143, 80.4722914242233
54.38392846681903, 188.10236352241046
23.06264890597226, 64.32746865901535
43.14770583659647, 41.084442396239936
18.84252227760482, 193.20346061828224
94.19539137703856, 123.1725151077519
65.87653408652415, 114.59814781093426
11.806094799527479, 81.82463513184861
86.60803226330623, 191.59765376809577
37.22759572074838, 2.179704848258157
36.98609659008824, 173.39999771432161
4.104205478247625, 127.02406214575981
75.02373472964217, 102.13272781012361
39.33552069605524, 60.54001046464308
36.3250707663644, 175.68997665314313
92.57394918847403, 18.469274224842792
38.62585979981703, 66.3062158394883
48.08358412017705, 120.4656796362221
19.510564015563602, 91.24757003706247
45.5684347214914, 151.13795549099186
90.02666602169056, 45.357064208345356
28.317102856724507, 87.68656827466839
12.460535374836123, 27.939389506935285
46.60308192941416, 128.28005698610963
41.21705952611092, 90.52229890500453
5.752520028119134, 118.44454030029152
50.57439368772668, 60.59277357573356
81.3071892695668, 39.16565530121612
93.86659478068721, 165.71205504577702
99.05644516003437, 185.76433271003256
33.08698849889324, 184.77850402129855
55.78291620728655, 153.14791367727
3.9960779129994184, 80.3795084575634
41.34091893718496, 170.97578149803053
169.2404948252826, 45.29243157392195
142.11062013929399, 69.66943274299524
138.13678102658315, 176.4075166196778
169.13959257195376, 39.5871562100806
110.2853568895081, 31.77584607570756
140.66492912161482, 73.19608466725194
177.20460092188117, 137.6792827824379
165.1727170903908, 24.949418465953844
175.748448262114, 67.89132126206468
133.31143735316238, 162.77003377324544
178.10192722628383, 118.55036619784174
169.50241515874492, 96.29772867637672
123.3169714185693, 55.24409935806005
101.64704347618859, 95.46196300389343
159.51090613381575, 49.989043017740876
161.54520445165497, 99.79586942600298
169.63333441495723, 37.22484416602969
123.12712409036168, 68.66458683001248
155.8666009296552, 70.33982561325178
141.34767149636028, 155.38490711424438
186.48242364133532, 98.81281075002424
119.54334344247715, 157.76860889549346
158.1358374354923, 31.698971265933086
135.48085193564148, 143.06538726526225
152.41525879550096, 133.91396550589
104.53939640453795, 100.80862617538513
153.95870583353425, 49.534504452759485
157.14102113445796, 71.94492998463271
103.93714222947021, 58.425532388806964
129.58240358183093, 76.43285435693836
155.46931991576395, 28.53812095933015
171.27819051651798, 81.51156236034677
163.2538061458119, 72.2966047637867
110.73344529313573, 74.8696828781919
106.66483469301433, 106.56748440662611
141.72887681349894, 116.66246639578873
106.91323416309986, 57.2628163731391
139.6198654923969, 81.82382607670162
169.41975943678318, 147.0779290423947
186.36365285630313, 49.94730764212001
134.93204541400516, 96.39798953726076
127.23658869194665, 104.76269790426815
174.30798267173643, 126.6420448557086
131.31170678480285, 87.22254909206868
184.71075769749896, 123.65512905205844
187.46398441433132, 69.27250493081458
138.73213658504508, 116.60616218530787
172.98397108823926, 154.74516278662827
106.25033490947142, 159.40267010444524
170.82825499966444, 129.22587291572677
142.8016989248518, 62.11193556228416
139.26984381942273, 173.15980288953475
186.14626173033474, 87.96518267895092
111.77653245873863, 41.76105445211202
143.16419509492522, 19.96988295508597
191.35095335164448, 80.6793646794789
154.40613901201073, 26.044128600197226
138.98619502726947, 166.06772704626306
115.04715608789301, 17.955814603115194
178.62327272719008, 146.51086513880017
116.33661163238806, 172.73752672755919
154.35474709941576, 83.01022162312293
129.25241933030614, 9.570622830895537
152.59029483738104, 101.72956925761521
132.8028345058808, 172.99782733787464
160.99254325309897, 153.9958827159297
159.3128126163154, 96.2683230529549
146.39966425368243, 145.599568722746
115.17456789791642, 1.894065141889989
174.6603498575961, 123.674461607492
158.50896164603648, 51.50060763217652
132.33554922739734, 34.01623760026684
162.42105111469687, 158.90083687467245
153.24100741909666, 79.85210299073155
171.62535784579407, 159.38719761548904
162.64780014817381, 164.54256649265037
134.67346638331148, 190.17967729561448
197.71361249344892, 91.15499149383449
130.76586724306108, 89.26391953673958
101.19792208758876, 70.29283116394227
