208
31.99647593704992, 141.79402797815638
80.65302185658726, 190.80384024752286
16.10492594792111, 135.8998019741194
76.552641675636, 88.40128333436546
98.16972112474284, 34.17589644044108
75.64409722207958, 62.65012950717508
80.42880323178665, 24.298168492496973
98.52784348441831, 187.22077352590082
99.55913150902204, 17.348348246463917
49.36879714493704, 49.193895927950294
66.1621327107662, 58.75118479188943
99.83460846297689, 110.83060238548998
10.963946948474723, 128.42915329134155
27.832556022101805, 62.66566918728043
52.58403456474768, 184.98354770137632
93.83150445691942, 15.603721516854696
3.9395596310497383, 78.54093000188193
80.71747645232054, 174.91715012163692
53.89014837176299, 177.4108047511189
90.54131456519224, 12.010852704278241
79.98033515604199, 94.65952994902085
33.34235061475436, 101.76408268442363
47.12126594647745, 159.51267734693664
72.25823938090005, 48.85600315747305
35.71164265380576, 56.184997518896495
81.44338257234772, 192.51876346408045
40.233142314264555, 86.82091386340636
58.13150549311287, 141.8988113058905
36.07983658175337, 28.094825017996072
90.11211668255427, 106.3818994005971
31.529898587099147, 56.501192934227795
45.26781597121745, 130.95577624378234
39.769098731404696, 91.75697689487556
72.47587676820842, 148.92895067265772
15.846203033751916, 60.4792937860213
98.24942871537556, 170.0393457536697
32.46862441013124, 35.15517358437803
89.14069309173144, 190.15611878576385
84.71992972733568, 102.53818512669974
46.58396404011762, 25.334145588704303
39.85760849369405, 124.76214837180812
39.092126214732424, 155.67303190002468
87.45559850399167, 171.94277856788088
34.8804280490048, 76.01169949731054
94.41260364732058, 180.90148922999333
64.46028094649019, 160.59011689841708
35.67935162053346, 158.0416512714765
46.590002347389046, 165.46078664818234
10.513731478884058, 117.54771756420183
39.48930018512753, 115.90846984798173
52.89654706819768, 131.34558320205304
71.33425070676178, 167.92345726019624
75.7966210823103, 169.1357483095566
99.07885305673408, 132.44749460546302
99.95806704569665, 103.69710803091039
89.68263675084441, 56.492413316661995
79.84418519384579, 65.86640483622817
94.44558500092405, 25.60028432043191
73.84760036532145, 53.26208493295832
48.57305307686409, 40.36724174097044
73.24150418248976, 161.70764526239105
60.933139641970534, 24.00415346017457
78.302551236824, 70.27632423400057
82.45324425646263, 178.98003015092047
81.66807922537123, 103.23791194100573
92.66404058945741, 17.701907066237354
88.72183708579732, 102.94297189984147
87.47648380179346, 99.94612895512824
20.06765986675374, 74.99358460318182
42.20085370009813, 162.848844446531
67.45246635383137, 84.7207320448337
99.5419811611359, 99.20234658397379
66.54429957024593, 33.50048519517652
56.29171334657562, 86.39114419147069
75.65656212219399, 21.57561611861616
93.32157321341822, 178.7353323753267
21.42467785963368, 110.57818855050539
73.84629506322987, 31.08674070947517
29.131159108938455, 46.83378281358039
86.35188867036663, 147.05571866090548
56.14900803287458, 127.98153044431895
17.407795743440325, 129.18456309503378
31.848766115376527, 196.84429496061009
19.020628193008594, 122.98171932551571
20.17577557611473, 67.55522103253273
5.051243023964114, 46.130546035695176
74.2014149904868, 109.22413844848538
86.1203454839364, 36.58097861960488
98.21192952189371, 103.3431844324564
50.642522226551364, 34.69814936015207
83.87635960127572, 109.54214606057849
11.530608915626829, 109.67523861121815
98.64104649803406, 46.370061248481484
51.90495939487408, 97.1175460482885
4.7259220739562675, 185.28409024544666
57.76775338397086, 101.6416176134745
97.3799813921744, 22.52835072816182
33.3317958291487, 172.44824200931623
76.31697307313318, 37.90328814962154
87.1927128074556, 68.79167872285312
24.640510057665487, 100.97107772187255
23.817591436183704, 48.28117676790447
13.61574573591129, 163.40754925406108
22.452288918635656, 160.24697254751788
82.24785673791698, 118.18530990935447
56.74712016415218, 147.80855545213862
15.499420948748089, 151.5794124984432
42.11062070555133, 65.22953343783885
14.401077929793814, 159.17994735617717
20.81869948873808, 69.35371958564691
19.449670470994572, 179.40811693967527
92.99840246936213, 9.943603264607592
70.54947567614511, 34.80636832047719
63.503222153966455, 101.63270713194852
60.56892684025589, 133.78032107396857
94.66541935454603, 32.05656259822198
20.50883303567175, 89.76122335055803
73.17239184750112, 95.67689260654963
62.54175290080581, 23.045623858514386
34.32471114755272, 176.12355871477533
22.074827562092292, 174.53721185053058
26.699051974038422, 173.82194862792986
65.33536640124316, 87.84327773255028
98.08413052121784, 110.82877241659908
1.9902442420820732, 24.18664158306163
96.83719691016884, 36.27410758327254
62.82766149487112, 36.88596839727407
75.72248854773666, 159.9794144894356
168.00352406295008, 141.79402797815638
119.34697814341274, 190.80384024752286
183.89507405207888, 135.8998019741194
123.447358324364, 88.40128333436546
101.83027887525716, 34.17589644044108
124.35590277792042, 62.65012950717508
119.57119676821335, 24.298168492496973
101.47215651558169, 187.22077352590082
100.44086849097796, 17.348348246463917
150.63120285506295, 49.193895927950294
133.8378672892338, 58.75118479188943
100.16539153702311, 110.83060238548998
189.03605305152527, 128.42915329134155
172.1674439778982, 62.66566918728043
147.4159654352523, 184.98354770137632
106.16849554308058, 15.603721516854696
196.06044036895025, 78.54093000188193
119.28252354767946, 174.91715012163692
146.109851628237, 177.4108047511189
109.45868543480776, 12.010852704278241
120.01966484395801, 94.65952994902085
166.65764938524563, 101.76408268442363
152.87873405352255, 159.51267734693664
127.74176061909995, 48.85600315747305
164.28835734619423, 56.184997518896495
118.55661742765228, 192.51876346408045
159.76685768573543, 86.82091386340636
141.86849450688715, 141.8988113058905
163.92016341824663, 28.094825017996072
109.88788331744573, 106.3818994005971
168.47010141290085, 56.501192934227795
154.73218402878254, 130.95577624378234
160.2309012685953, 91.75697689487556
127.52412323179158, 148.92895067265772
184.15379696624808, 60.4792937860213
101.75057128462444, 170.0393457536697
167.53137558986876, 35.15517358437803
110.85930690826856, 190.15611878576385
115.28007027266432, 102.53818512669974
153.41603595988238, 25.334145588704303
160.14239150630596, 124.76214837180812
160.90787378526758, 155.67303190002468
112.54440149600833, 171.94277856788088
165.1195719509952, 76.01169949731054
105.58739635267942, 180.90148922999333
135.53971905350983, 160.59011689841708
164.32064837946655, 158.0416512714765
153.40999765261097, 165.46078664818234
189.48626852111593, 117.54771756420183
160.51069981487245, 115.90846984798173
147.10345293180234, 131.34558320205304
128.6657492932382, 167.92345726019624
124.2033789176897, 169.1357483095566
100.92114694326592, 132.44749460546302
100.04193295430335, 103.69710803091039
110.31736324915559, 56.492413316661995
120.15581480615421, 65.86640483622817
105.55441499907595, 25.60028432043191
126.15239963467855, 53.26208493295832
151.42694692313592, 40.36724174097044
126.75849581751024, 161.70764526239105
139.06686035802946, 24.00415346017457
121.697448763176, 70.27632423400057
117.54675574353737, 178.98003015092047
118.33192077462877, 103.23791194100573
107.33595941054259, 17.701907066237354
111.27816291420268, 102.94297189984147
112.52351619820654, 99.94612895512824
179.93234013324627, 74.99358460318182
157.79914629990188, 162.848844446531
132.54753364616863, 84.7207320448337
100.4580188388641, 99.20234658397379
133.45570042975407, 33.50048519517652
143.70828665342438, 86.39114419147069
124.34343787780601, 21.57561611861616
106.67842678658178, 178.7353323753267
178.57532214036632, 110.57818855050539
126.15370493677013, 31.08674070947517
170.86884089106155, 46.83378281358039
113.64811132963337, 147.05571866090548
