208
59.64139469618716, 174.20221785135374
98.08199292147668, 151.79228689042108
47.92139807865875, 42.771651071576834
59.20827632157174, 127.59923145045859
59.07269069650649, 85.18884006695684
71.17456463860303, 163.4944041775794
42.615239134992045, 38.050552274657676
83.14464874518414, 11.915147929476056
83.70188384007426, 26.46026803653443
19.207647696515075, 117.17376068573411
86.5970938847847, 65.25392333767826
21.343017516876806, 54.76198050185042
14.881394516027624, 131.35304671238643
52.547806307489545, 131.9240225724368
17.331397999218858, 51.72752227075061
91.94726837882472, 99.80149491467233
69.38882849643821, 70.83633277981826
57.43045093587338, 53.06101600642532
51.430864781387385, 121.36956089818514
12.40421113919561, 140.67934089769824
70.7865402897268, 66.5167565223167
93.69960368694704, 168.66596624979599
59.902941366185935, 171.16129055609818
30.986567725015092, 167.92927718387833
93.58458856796312, 128.1216623427564
48.27597670916045, 48.55674251783295
48.1969675514639, 60.09621615925062
58.32861649384134, 164.96727617385
8.247300327442842, 101.33754717492907
66.49502515294681, 131.210702893215
69.10768067333663, 192.58647902140055
99.20507216075188, 8.949798977773238
23.940187444129624, 86.80959423450487
91.32092324021896, 18.264615507711145
33.840865692993226, 169.94485173352032
79.67445548814497, 131.60772864597885
99.34716338231243, 62.31717277972963
24.461441902128954, 139.6923984310319
38.36039752356347, 51.327693281388534
34.03405792781117, 107.99012849911378
41.23311750279305, 34.10293253040073
96.49715904115274, 178.48604951583408
53.426424332415, 50.20191655049564
70.03093122361969, 31.695158743618812
90.02553017531379, 196.23890315046148
72.83159645878769, 168.15186310696538
53.659641887782314, 25.127322752496273
46.08463968302834, 84.93211075535625
54.814292056913, 42.26311934481386
42.6232187491023, 149.9612208934336
46.309179431440704, 20.09609949478577
73.3356895354556, 22.71151821459847
61.230267007570184, 16.411262535509085
18.22669001010978, 157.38771102636468
85.47746596530753, 170.48594651883042
11.411113841368847, 121.79972382976747
44.49441933977387, 84.00756275785348
11.51244346948108, 129.21547285273064
77.85716374172141, 174.09754449675594
54.2749124298751, 151.07198545159625
94.74136553694365, 108.52000887562178
51.037326206803776, 32.334145981105245
94.98744299969799, 104.75694433626413
2.1412813113610207, 107.95167340804174
33.38557179226787, 50.27460992018342
69.6786932548734, 179.77779859835204
64.42416524264353, 11.117010728854048
24.116964224923, 100.4633286577451
20.512958858921536, 146.76425579938532
56.82512427751183, 155.8370496218999
68.7992655854901, 136.99477732542312
75.4802367548422, 136.50012853383936
97.04869368592875, 86.67733525685533
35.59886120787198, 81.81840513503337
52.634611218538005, 98.94149723845473
48.497234534236654, 15.391842361208784
44.64000413706209, 121.05244035491705
57.80437134702214, 96.66674812434013
28.607260553079396, 138.14897588171422
97.58202630692205, 80.13448956951912
94.94437588859627, 179.45949029662867
86.63847561616514, 115.43220822608053
10.847170576716724, 28.860214378001082
16.278786385683517, 3.258616393847613
1.4427660643570706, 72.61553702954204
27.597296116320745, 45.62300171588911
2.9495581043451735, 91.09055338007926
26.3200425274973, 75.07390971790858
70.12598403824475, 120.39270340191884
13.669030852847698, 158.6895038235757
97.6644617255143, 168.4628566689383
2.814241472750423, 158.51357297759935
53.71238821546438, 172.39974549444668
77.01407119101327, 51.482477724525985
4.233973956290149, 116.5301000470106
99.24250036803893, 133.29406773750952
34.549750255809556, 34.60658466876085
96.36358544097814, 95.30347702765283
31.50069703038032, 194.13836372504915
62.96809680342, 145.24512315655662
64.28670274602713, 104.68321966739825
80.95522557676051, 99.99607309930718
97.39312086210387, 4.256817644823463
60.62786145104001, 0.10530712669896136
42.32934229082075, 144.7292577588822
86.71206615881718, 161.99115562659762
33.63502214440332, 119.05005472782297
36.64278953668219, 108.77753828395764
59.60623360041818, 66.7562416851435
70.63008484804075, 122.64779659095805
8.224297226474464, 187.3956162786744
50.69372322930018, 5.433306438226215
64.81624992698316, 17.453343917618014
34.05250533231072, 198.88693636260223
69.20602451402812, 184.78857182742826
55.376931698138556, 46.81095985287038
93.88355432427306, 107.16801526314251
62.47709781862524, 46.961121130363196
16.730870650094086, 106.17926027362641
52.22236620839826, 127.66623769159118
39.04325136727337, 40.3684962543325
22.287892038929503, 46.5751229309475
52.08406866911718, 149.13799467777514
22.29299943211852, 184.33648069998966
70.95033601924543, 112.83330006249147
52.14352097945428, 115.87563398703405
36.32638083077059, 79.96265177775726
72.53977130727634, 11.362091583533008
140.35860530381285, 174.20221785135374
101.91800707852332, 151.79228689042108
152.07860192134126, 42.771651071576834
140.79172367842827, 127.59923145045859
140.9273093034935, 85.18884006695684
128.82543536139696, 163.4944041775794
157.38476086500796, 38.050552274657676
116.85535125481586, 11.915147929476056
116.29811615992574, 26.46026803653443
180.79235230348493, 117.17376068573411
113.4029061152153, 65.25392333767826
178.6569824831232, 54.76198050185042
185.11860548397237, 131.35304671238643
147.45219369251046, 131.9240225724368
182.66860200078114, 51.72752227075061
108.05273162117528, 99.80149491467233
130.6111715035618, 70.83633277981826
142.56954906412662, 53.06101600642532
148.56913521861262, 121.36956089818514
187.5957888608044, 140.67934089769824
129.21345971027318, 66.5167565223167
106.30039631305296, 168.66596624979599
140.09705863381407, 171.16129055609818
169.0134322749849, 167.92927718387833
106.41541143203688, 128.1216623427564
151.72402329083954, 48.55674251783295
151.8030324485361, 60.09621615925062
141.67138350615866, 164.96727617385
191.75269967255716, 101.33754717492907
133.50497484705318, 131.210702893215
130.89231932666337, 192.58647902140055
100.79492783924812, 8.949798977773238
176.05981255587037, 86.80959423450487
108.67907675978104, 18.264615507711145
166.15913430700678, 169.94485173352032
120.32554451185503, 131.60772864597885
100.65283661768757, 62.31717277972963
175.53855809787103, 139.6923984310319
161.63960247643652, 51.327693281388534
165.96594207218882, 107.99012849911378
158.76688249720695, 34.10293253040073
103.50284095884726, 178.48604951583408
146.573575667585, 50.20191655049564
129.9690687763803, 31.695158743618812
109.97446982468621, 196.23890315046148
127.16840354121231, 168.15186310696538
146.3403581122177, 25.127322752496273
153.91536031697166, 84.93211075535625
145.185707943087, 42.26311934481386
157.3767812508977, 149.9612208934336
153.6908205685593, 20.09609949478577
126.6643104645444, 22.71151821459847
138.76973299242982, 16.411262535509085
181.7733099898902, 157.38771102636468
114.52253403469247, 170.48594651883042
188.58888615863114, 121.79972382976747
155.50558066022614, 84.00756275785348
188.48755653051893, 129.21547285273064
122.14283625827859, 174.09754449675594
145.7250875701249, 151.07198545159625
105.25863446305635, 108.52000887562178
148.96267379319622, 32.334145981105245
105.01255700030201, 104.75694433626413
197.858718688639, 107.95167340804174
166.61442820773215, 50.27460992018342
130.3213067451266, 179.77779859835204
135.57583475735646, 11.117010728854048
175.883035775077, 100.4633286577451
179.48704114107846, 146.76425579938532
143.17487572248817, 155.8370496218999
131.2007344145099, 136.99477732542312
124.5197632451578, 136.50012853383936
102.95130631407125, 86.67733525685533
164.40113879212802, 81.81840513503337
147.365388781462, 98.94149723845473
151.50276546576333, 15.391842361208784
155.35999586293792, 121.05244035491705
142.19562865297786, 96.66674812434013
171.39273944692061, 138.14897588171422
102.41797369307795, 80.13448956951912
