240
28.839900855801368, 30.616507777751536
44.76138027823272, 120.8657471870354
67.54085813419984, 11.694082394518787
29.24571757772489, 3.236833633368036
74.99570311216183, 26.58174957442249
37.86121142021015, 142.78382605664405
42.745149669167354, 93.0114438353917
55.08759384417494, 57.506489394954315
87.46042357348949, 95.00763781845981
34.368021663913, 8.961576254146856
10.987686864778048, 132.79645692686455
34.71750823007592, 7.1732349213588975
33.823293658010655, 85.76632988835615
18.32943519295165, 104.99887647235538
52.812157962140745, 131.95693072932374
82.67662219150642, 113.52738500716922
12.647355600662664, 14.084354633172936
85.13452567357673, 188.25481145669102
50.041644273848824, 63.84132214571544
6.894415558803274, 24.911659283282518
0.277007729826785, 102.47430456612057
10.872871528253647, 106.74319085294412
77.17694316358097, 124.26742981911902
49.220176654464154, 50.591552098938415
37.13321010976502, 174.02692154859392
77.15641611105832, 33.197452841703765
4.871190973594228, 75.24992566627333
44.03139166226573, 89.50632181959121
2.6884472615143267, 33.19234890665642
34.77837891968589, 52.011441170255814
95.70496249261971, 67.07919389255113
82.76243142670262, 39.682384356431456
17.491869104558425, 167.8473662162425
56.47246661795259, 112.19075894980514
53.842490756668795, 80.28660539979043
94.19801925931515, 130.73798375492345
38.29427349113236, 77.2375490254548
69.88987046771419, 94.13180806039111
89.19815294005645, 79.63327397097383
33.543832158736, 134.33801775362753
17.394003961227114, 90.02993143344082
41.261591135083144, 99.42209736264931
93.2670982320256, 47.788323300483604
76.7814170016365, 130.42687169239468
22.50266546418849, 18.669729027780196
66.59782103155467, 105.3939695315424
69.0926753717765, 184.95420396467568
67.04497239017783, 65.3548591984815
31.86517091924486, 32.74012740276428
71.75517234016405, 68.95454727100673
47.54745852063397, 192.87139368350807
21.712523849829743, 3.5541374189300967
2.358646402386654, 132.79677497649868
16.448682519712335, 144.6773832629272
14.339701516287285, 64.81986996195407
35.217038458817306, 118.46174752481511
50.288577367106, 113.91742836843449
38.8990063823708, 88.57381393217597
67.59785770037654, 107.81985254599547
51.06685319983365, 124.7239641883292
37.8561909943012, 117.77345021140373
75.64378834977191, 169.46670642090385
84.96870212675488, 88.87921674174417
18.06059853614724, 140.7976639607627
90.46910786709063, 43.04786610025896
23.846995884922094, 121.39031442877325
26.330288629845157, 129.8589544574968
12.484970230151745, 144.3650881284306
8.046378936043318, 108.48176401099425
59.80076352639871, 90.72964474259368
61.37950085003045, 87.4249904589857
30.591577021875544, 80.89379762858803
11.9987151615303, 60.65579566257997
87.77637863738344, 113.07004116286578
97.85800822562035, 192.5541938871401
86.38168968761137, 143.15060406979322
80.09235276412936, 136.33578914745294
65.08953673469813, 121.06668311755695
50.48691914749351, 173.19921933785008
51.99562523221478, 155.88870527359333
13.04608723920323, 116.63733348616164
79.38861800747405, 14.579547142618598
18.563442345695403, 97.39887599313126
73.18887630994138, 85.52475357496067
18.315000317981045, 34.11215905428626
38.00304881019581, 17.693143580433212
4.002519767141166, 28.70353983890066
55.11674493265346, 31.285099544390626
52.582963351093156, 178.50550802672768
53.63126188541555, 157.8605920594403
95.00649382134705, 110.43266760057666
22.246966259248012, 84.3063434811814
98.46216722380822, 109.39781839931261
62.014429108241586, 110.09094857809015
6.123160763288582, 87.24576638216031
74.09992062491499, 17.237399154945997
67.76209998639338, 168.23827388813348
15.424667816259507, 193.731137350022
60.954900681907, 72.09999663836841
17.99512831139529, 43.16560644285159
1.008001700253136, 109.45464615893601
30.93796584030919, 109.04186871719217
68.8556903271865, 176.91599464534625
52.87050022658527, 164.6513282892539
84.91224569369878, 74.86920553307222
52.528958152576564, 128.71711201562294
48.68330352729126, 78.48894367150001
78.70488616630314, 31.77099034427089
45.25406238613593, 48.77964452418977
44.470668423678404, 160.5645900575213
27.92777506855957, 58.51219357877111
80.47219078841047, 92.82135288504246
90.35104825337858, 150.68671933107422
5.241955157017353, 149.9392978960982
80.66222270615701, 107.63124719596044
19.81382667528111, 179.0074468622359
63.33995218745999, 160.37399827406597
74.47799253048144, 166.16949444245154
6.835852786301944, 59.236952654269295
82.63580901297554, 33.92913504453106
9.270846826946888, 79.53308894174135
34.452160395428876, 170.66225683283108
42.34834590017817, 186.1093340060722
23.048236180867, 171.74342073220274
42.21305527846725, 146.46593285349218
37.77490268017777, 20.480710093130682
12.531906594747898, 62.66463506387148
35.58439743450974, 114.89066494851605
61.25682910287962, 17.6897002497306
27.51420189272388, 91.20453165003184
85.14633913548083, 18.161576225144096
69.78198628934594, 188.56115447933962
9.308976254810785, 177.95402383008937
57.19705333384517, 170.13095128689665
86.53832072729676, 56.221738023781434
46.51418816359614, 171.93957287613276
75.5013023542016, 15.415673744626691
13.969632408110188, 58.43893656340609
87.7492654330775, 199.31249314292168
72.21945498974458, 114.8426209448638
93.8304124003461, 103.83270168057679
40.56920287034279, 121.68586365793111
15.047347292814383, 45.432832901445394
33.820817348911106, 83.90727143360029
68.08996828156172, 189.89714031998258
63.75793679207366, 157.72797234517185
50.07254811169837, 170.06669148855735
52.64403171229336, 134.8641755630014
55.59671525839525, 53.67521354540945
81.30006356932465, 178.18868055843515
95.07445236833891, 192.85146492646265
14.49870350689566, 160.03199884700115
98.48022896583922, 157.97331932446127
67.14728610640208, 51.79940189907817
50.84371099825551, 117.71283603673382
13.068362733763617, 140.1384258131089
5.549521871423435, 1.85353954210834
75.95951545625125, 155.72184279852738
53.39458493011622, 180.89192766002958
83.80976752765122, 167.19406091700012
161.62061461911563, 52.79895563991768
179.29634662830125, 48.32698292042463
194.3002544492101, 87.56569182404871
157.0238855094375, 60.26470991073742
184.5951792749271, 54.329758039161916
145.06784027425167, 119.69984709173673
141.48604128861277, 146.0177149080094
181.76910699679937, 58.11930792416362
153.43021501620007, 98.33789094685947
156.7878726647651, 70.49991110806518
139.8576212369582, 163.05765018467707
190.80110849750938, 81.45858634181471
148.565222089259, 46.55943047515567
153.4678560914836, 87.03160165710264
195.44682270158492, 116.76853507102838
130.41912838783261, 180.89279645613638
127.76718883945348, 18.44473146142387
159.30194092616156, 108.46867075167152
111.29541143512533, 30.520001352933956
178.0771855588536, 100.76057118618553
170.56998876761946, 142.23075767621128
144.78839187134903, 69.09445033686097
125.00759149179268, 65.74157255263593
164.40765709926245, 35.3373310972571
127.41050147418768, 186.6917017227509
181.83039841254416, 101.16736197430207
175.9723412440921, 62.09597742422586
198.36178394623138, 108.54497200531468
135.249385901955, 16.625782160718373
126.6931820745883, 56.779794643567705
159.54092188073162, 47.07866302358179
169.7207868365284, 106.4873998094247
138.8513663791107, 178.2351572446097
104.70526992177822, 168.69658596623617
169.26061577631265, 131.58913816723316
136.81625100398844, 167.87791747143507
184.9752271360283, 99.09919892812307
101.86618716506564, 138.1418489594941
118.14472399066747, 65.8584802115674
153.15593317863352, 55.267647064467255
104.4144400165875, 165.2724897598554
177.08105585326473, 88.64944878744325
129.4534415519783, 8.739643353399407
138.0699932208864, 76.35133214294858
117.2035038080652, 28.18320258208482
165.1215184582118, 163.9630928387343
109.18687770578545, 113.73657635482841
143.5313922950119, 16.07518032397197
129.51427806177136, 42.044481092846375
152.69905287132227, 96.48475544540514
152.55489133030244, 165.2657685317119
120.3107193781851, 8.7333489840981
124.79042866071592, 168.8844154550899
112.4841040557432, 124.23773513276815
141.62886259886255, 22.43736910722005
121.57706699135763, 168.0236855851379
115.90337490590859, 109.09328033283678
162.80635125919994, 57.6768023427142
119.91911969809838, 49.94023265042926
114.295413155713, 161.9494591232072
135.29496984402132, 101.76044063515417
125.41581599713672, 185.1290941837858
171.91118290723, 115.65796554950738
141.58246340960164, 128.6558704514974
114.95658733868657, 14.72115949620807
137.10545362652437, 63.85573967270748
102.27253869534557, 62.697602453976444
133.64054505069072, 65.14068070736492
153.77150773910355, 35.80110681377639
121.56720495675619, 71.9234210746474
155.84661320715117, 44.585322478127054
123.80062418941738, 35.13657045131926
115.26048711655483, 45.765223872588344
139.5547744375361, 190.224731950362
108.715408953024, 188.17089858799406
103.0743014092774, 66.80650785371355
125.14751108202965, 110.68306401397649
183.3819651699298, 145.29007213184158
180.10110304497036, 100.46593780011948
173.72836574166806, 86.11566027247525
