160
46.76203498066827, 87.99157141127459
31.90197836185871, 170.9393859350837
24.025838842839157, 80.66784086482977
64.4993020632952, 170.77453636479453
2.156883719636717, 36.06325596458049
48.331461686157716, 170.59787264574325
44.36033069045821, 26.8624189295244
38.41891019215268, 82.50592583521131
25.30428374688745, 30.839547912333025
57.16025046059327, 174.61916437271282
30.303835847645765, 114.3471609408279
54.130243526195514, 30.01935494815335
22.530570876605132, 154.45007396196058
24.118295502235117, 89.0065214446036
93.60140086433368, 75.18505194030797
7.701956015838093, 7.271387847085595
86.1547141317277, 3.4832173577623777
57.36416702181967, 57.11577963899454
55.1042749498918, 196.96385848079672
67.385462408165, 31.10479656804103
84.65914369480839, 95.25733052063583
8.07023433051663, 106.00780575103644
90.73715547788804, 143.62850296336617
99.74222896595734, 135.7337883844519
59.80963678153661, 174.7350153178586
25.773559721614873, 180.27172406288014
88.41680613999226, 65.2629912776704
67.68395999639691, 123.90586229553882
40.958792923295974, 110.27678577535815
89.06691228334093, 184.38636409206606
95.40142389664226, 94.66870599111239
17.721245394413657, 196.4096592050577
83.9730372706301, 182.37443757601352
27.50445473297947, 43.4989848985809
1.8472946699671553, 119.43747600032525
57.12500504260743, 129.41222219493318
41.17089093565774, 53.53142526604769
14.669786560414977, 133.02073521368757
41.764043060397356, 153.45666565932257
63.46390682660493, 31.891161019420068
70.64917658379142, 105.16334964982613
61.009052479733334, 74.52370189811889
57.51276110419272, 6.849777695111072
8.961610663577243, 72.22712317911605
72.20567085260058, 15.79586508866208
29.897769991063072, 100.2432127081652
82.85955159323045, 168.30151859807862
5.820588491338327, 145.36244340177353
46.31088637128158, 23.998302123191436
58.623488986293324, 191.00225862859503
78.98427649558424, 173.432781333948
16.080039677582384, 77.65044583681576
66.62423362611095, 40.63872688490052
53.54532525851578, 118.90676845520866
47.15984036248958, 162.42636572636206
61.504475596528955, 186.95695804554185
21.99728344191891, 181.99723501397708
65.08185855386552, 119.1562502020168
38.50880968973479, 168.4955006207509
5.462437149807556, 101.24556935375057
57.92487523165062, 68.97742905458949
54.05976262208969, 151.51246098898253
47.0784783485028, 67.40697175434686
87.96289035289786, 90.03737527163318
38.64913590964672, 19.590954972536203
82.24706292226418, 187.62058402555851
34.278176072637265, 3.196874425926545
9.812302185090267, 151.7249428735256
82.941477551628, 148.833560949543
13.972054703143257, 27.39615147809198
13.41120942893727, 82.71761287251937
26.64723996652353, 173.53861719593544
59.091705380405045, 179.0896528944774
89.96471622167643, 83.13407886545953
56.378238859081996, 141.12288488591616
66.19070470565813, 43.20407555838058
0.7074651723706822, 180.94028759570872
90.72270580931003, 153.8458567012654
36.78742570751919, 79.79834036580465
59.77794655485056, 30.334626997352178
135.40765387837456, 26.727412859566147
189.98025166393978, 137.238576137917
136.2939346532309, 53.45107941565595
150.68433746304805, 134.58072560478195
134.99026230261148, 99.36526680018774
104.07169483038723, 91.65987311508457
100.80392009235656, 29.005008225530094
176.19077423077584, 71.33445958652334
126.65756470664384, 28.924098348738305
152.1639514100784, 103.82107424341996
151.98675855515657, 181.23257066738424
147.38993947253567, 62.61327746584983
194.84875847266994, 97.25626094084102
194.5588924720935, 131.05816522505486
169.83102767196897, 38.17304915731996
116.10981625180968, 26.41340753468233
144.98680857643944, 45.531380645469575
155.24800558095188, 98.15901903421174
176.16320343313728, 121.97031755839298
175.11196849320146, 83.27316389618215
101.58949801643932, 144.06932303482796
175.64713602107685, 103.47981312516762
102.91036447709122, 137.4714369549326
130.48075355019637, 97.45184158079066
125.62946613875621, 132.38248639505733
114.91773932163039, 163.01349000940098
110.07204419422007, 40.466650616551945
160.42701165473898, 88.92720758607511
101.54063389136084, 169.753738958338
107.0039950202403, 129.95766126554352
137.40063986562194, 73.53380146780104
158.2843809180847, 131.25568692679354
104.49892986433603, 144.74362364529253
172.4191136053937, 114.69921594704194
156.12349715297822, 126.46581377711841
107.04515473530302, 181.43601127183564
187.46454005630665, 92.77811436914354
111.63963012800188, 187.4772278646877
160.71857078539077, 129.67015798100132
182.6680907395242, 60.41570250175066
154.55035190873252, 180.05141244295913
182.27351088787682, 123.05411277931732
105.56157454050837, 20.376989856551674
190.4008832545964, 67.27270166725634
157.933242976673, 19.48055193879048
160.72054587735377, 48.15196405248252
121.2317707590443, 187.63617879866845
116.04050074249945, 82.43275943266116
119.65289493271142, 54.49903527933782
138.48821521913587, 174.64315741527483
122.99078880673494, 153.84622932945567
149.26916647059812, 80.11432518672525
119.6906570156564, 57.463917204108924
137.0582388711481, 162.6434566028765
172.22994079811895, 101.14473937195736
150.87693981964955, 121.36548847682205
106.22271394416546, 188.58416077345345
195.60936243170687, 106.44843719619355
104.6934669419601, 135.91579580026587
129.2919306257638, 25.94679385682128
107.09670688972668, 15.251072246771935
159.36001604961405, 72.16055569175033
140.6743131688727, 54.41571681091473
177.20354758132734, 107.97396417838266
136.43189099185506, 51.39611732017406
104.13506268261466, 152.98715581932402
109.23244199947717, 1.0092767783904222
142.86443964190047, 71.99915575978713
100.36778756849685, 167.86551582998405
125.47528496997019, 46.72770774083794
115.21786377661155, 106.32675037462549
105.45670333413456, 113.42282992040332
178.52139698196788, 150.5127660094884
174.64956721723374, 156.66422110449474
115.51467933293496, 85.34540640996728
132.67019986183323, 105.37084243401414
151.0927359996315, 128.432272408382
131.06642404639334, 152.3984019240207
142.97071950600724, 147.99079241255083
139.92459390798206, 22.443875787859003
