208
50.569645304924485, 58.542765430771524
25.00951121611853, 143.8686319247776
76.54016384556682, 138.45492659553352
77.9448706974178, 139.64206181327467
69.72594460457594, 153.06673433429424
79.42691516543243, 166.66174930952067
20.661957462513836, 43.28581923538193
56.445544932751226, 151.39214759989116
51.582139892736166, 179.47690006038744
34.565304602329896, 173.9922910933076
99.50080441789217, 47.01192712494689
41.575124317911325, 71.59066696186429
5.843925305390574, 121.176328655382
70.60177057199607, 89.01880327274687
58.590502337812865, 137.67891405094963
99.08180499387898, 24.45306294200642
60.60437755796247, 110.32310070859033
57.617864359531666, 184.11702534144158
32.33901877373, 92.79162061014625
21.97776925614522, 46.17151236633836
97.9194838688843, 94.49110781903765
99.02007679134908, 84.59843071409901
94.47634469220512, 58.26996335803252
56.21602985994556, 143.49082253071026
98.17495232266006, 143.71753989205902
90.5497764993042, 135.54362565800614
59.619897380908014, 138.97710465445337
36.485191661448745, 146.21696848020628
65.34074469952093, 86.02166395051016
95.05394566656963, 94.98583005179879
69.24111223476733, 102.11202282572162
55.52777831895871, 99.89753088694697
79.75279557203483, 151.40744676783157
85.29300132544736, 138.24874393009753
61.60969562011811, 168.01927998543334
60.37756808381424, 87.68473137961136
66.52345258949325, 149.0942169581186
76.31993134282938, 140.8139015756956
73.1411011549195, 87.28231318715238
35.25867429429452, 104.45453115735697
30.080406276276616, 151.9443066915959
67.95777686952084, 149.932534593795
91.42981880843453, 108.29948170971461
88.02295231874503, 45.31003960442743
32.065122229440256, 73.89691048952294
17.0192109243132, 120.11849674542351
83.77376437239681, 7.103264432623413
80.24575308558609, 6.000154467564944
38.09047798281344, 40.47656679746958
94.43207789127746, 152.35398940914476
5.59543060367197, 79.29223013115228
22.583291464596723, 105.83642557548126
38.01886790348249, 117.4866709207395
61.2838700499682, 152.9802175411994
76.85468924684758, 126.01259887120766
96.66835883102746, 91.38377787527443
91.66348848162484, 52.59710971909924
80.56659814959411, 60.02011484814722
19.259347331000054, 80.91711836807944
11.131236050925686, 75.43018623474877
10.735968388694516, 122.50731813295343
67.2960039430025, 34.076323449679016
25.102222978509058, 69.41272494828779
64.64838987232783, 141.86487434564916
55.10038606217995, 85.45222163410253
89.9797395124069, 187.08176717772292
7.551946578007529, 132.90502966134216
73.4335203997822, 56.95855485197927
45.05419920964899, 155.50823421362793
33.00749037581765, 171.11070401547093
42.417996571277584, 168.08117686931777
87.66410909412193, 187.52827018219043
62.61041460495318, 30.777361758678556
24.59890830361261, 116.51016011393108
40.77506470606763, 174.5117599643862
92.28281182352777, 113.14942646779569
40.5133088302337, 65.19730817368463
62.56451622951982, 113.06696726057979
95.77370106026419, 114.57809603152289
81.88713606012794, 98.33695011441365
12.443037439105197, 161.66577824661616
38.0122555152847, 31.615633862323577
45.407175896861474, 51.54044149670105
87.57027993221776, 196.7555682913263
27.801801897333036, 191.12995500911063
39.06707514909519, 77.49186568256835
54.026185527135304, 58.727266155694814
46.902104647157635, 109.56227208075917
79.23407499415998, 181.57110089946494
23.25055351474462, 86.57581270590936
91.37599464039754, 178.84947203326652
50.595783084914004, 128.68158034138705
1.3692562449583723, 10.916805455312328
63.33957345551359, 44.93853344853456
92.02886978961921, 146.67590969575585
33.1680851583096, 195.2458330932968
2.089055341163648, 123.5090619101193
66.21442779899455, 104.27806910767332
12.997543496841956, 189.74933834916726
62.56251725421193, 38.9867058998495
58.30265202938184, 18.66095137402377
14.497304438882175, 38.180764639136996
37.77954076033391, 84.34776810714814
3.6865836306647415, 1.410478696791695
51.65432516034202, 139.65252160444663
93.62930780011402, 143.02016007872902
13.053704081343975, 112.9065787628323
93.94522977961677, 17.954895702449612
8.054052553816271, 74.62606629263789
52.875666793491895, 116.65653845238863
93.09861394642087, 154.66461271539083
40.43522006030312, 23.823088146847795
17.383493999213083, 138.83350569658265
20.372135923778924, 151.0524187167269
40.280206325347024, 46.91324166148818
51.55292038826964, 181.24929745171826
38.58315834637168, 43.4343074329681
23.93086483886545, 127.26903143376123
68.89793030947307, 83.16232255766253
24.636694285851412, 81.75829790925566
97.35335633540274, 194.90175709571028
3.8411814267275246, 36.7788816394492
81.28245022929136, 178.31614039516214
94.16512899824426, 187.6006581762818
70.03009317817191, 122.48662827227909
1.4851494440125346, 70.72117992290008
32.88389505391124, 139.67412197673565
39.99796448342068, 123.56844180512199
149.43035469507552, 58.542765430771524
174.99048878388146, 143.8686319247776
123.45983615443318, 138.45492659553352
122.0551293025822, 139.64206181327467
130.27405539542406, 153.06673433429424
120.57308483456757, 166.66174930952067
179.33804253748616, 43.28581923538193
143.55445506724877, 151.39214759989116
148.41786010726383, 179.47690006038744
165.4346953976701, 173.9922910933076
100.49919558210783, 47.01192712494689
158.42487568208867, 71.59066696186429
194.15607469460943, 121.176328655382
129.39822942800393, 89.01880327274687
141.40949766218714, 137.67891405094963
100.91819500612102, 24.45306294200642
139.39562244203753, 110.32310070859033
142.38213564046833, 184.11702534144158
167.66098122627, 92.79162061014625
178.02223074385478, 46.17151236633836
102.0805161311157, 94.49110781903765
100.97992320865092, 84.59843071409901
105.52365530779488, 58.26996335803252
143.78397014005444, 143.49082253071026
101.82504767733994, 143.71753989205902
109.4502235006958, 135.54362565800614
140.38010261909199, 138.97710465445337
163.51480833855126, 146.21696848020628
134.65925530047906, 86.02166395051016
104.94605433343037, 94.98583005179879
130.75888776523266, 102.11202282572162
144.47222168104128, 99.89753088694697
120.24720442796517, 151.40744676783157
114.70699867455264, 138.24874393009753
138.39030437988188, 168.01927998543334
139.62243191618575, 87.68473137961136
133.47654741050675, 149.0942169581186
123.68006865717062, 140.8139015756956
126.8588988450805, 87.28231318715238
164.7413257057055, 104.45453115735697
169.91959372372338, 151.9443066915959
132.04222313047916, 149.932534593795
108.57018119156547, 108.29948170971461
111.97704768125497, 45.31003960442743
167.93487777055975, 73.89691048952294
182.9807890756868, 120.11849674542351
116.22623562760319, 7.103264432623413
119.75424691441391, 6.000154467564944
161.90952201718656, 40.47656679746958
105.56792210872254, 152.35398940914476
194.40456939632804, 79.29223013115228
177.41670853540327, 105.83642557548126
161.9811320965175, 117.4866709207395
138.7161299500318, 152.9802175411994
123.14531075315242, 126.01259887120766
103.33164116897254, 91.38377787527443
108.33651151837516, 52.59710971909924
119.43340185040589, 60.02011484814722
180.74065266899996, 80.91711836807944
188.86876394907432, 75.43018623474877
189.26403161130548, 122.50731813295343
132.70399605699748, 34.076323449679016
174.89777702149095, 69.41272494828779
135.3516101276722, 141.86487434564916
144.89961393782005, 85.45222163410253
110.0202604875931, 187.08176717772292
192.44805342199248, 132.90502966134216
126.5664796002178, 56.95855485197927
154.945800790351, 155.50823421362793
166.99250962418233, 171.11070401547093
157.58200342872243, 168.08117686931777
112.33589090587807, 187.52827018219043
137.38958539504682, 30.777361758678556
175.4010916963874, 116.51016011393108
159.22493529393236, 174.5117599643862
107.71718817647223, 113.14942646779569
159.4866911697663, 65.19730817368463
137.43548377048018, 113.06696726057979
104.22629893973581, 114.57809603152289
118.11286393987206, 98.33695011441365
