240
61.279257313115345, 8.655910239879038
82.66321375490574, 176.73021661398323
85.40945411823046, 10.942699794510435
90.62967425179093, 18.946301704091283
81.20739092921039, 51.882827173224676
57.16470530463131, 68.1992954170493
97.85100065065218, 101.6769817969441
34.648199853393045, 111.13462966491427
88.29000342936347, 114.74213562324398
92.71688047326457, 40.57479787410878
83.44471478559193, 151.3539635788171
73.74759746533567, 113.2323610030362
84.92837191286377, 112.1540993414371
41.77760572638658, 54.20860910105139
65.90849138968167, 8.741275130295412
57.093846667083035, 137.75727311886038
65.01343758201816, 144.00805717323547
77.90224582889019, 75.0972753515515
53.98930088124164, 12.990746223487214
94.08872330811715, 21.493172514160964
21.21713106370442, 42.33834584218841
51.241687651681424, 106.03093296120281
12.951673348107063, 137.41184618346466
23.716098817040077, 159.64860590477144
74.12960037289935, 34.858487394636484
29.969791960734817, 137.48308518364186
10.567531254427177, 132.86623196709675
64.37765424095646, 70.10893815079169
99.73721117914556, 25.119830728499572
93.4288652790316, 56.67101513829649
79.7011669643737, 11.671426769113747
96.63621339243113, 150.97222070302163
98.07258648662037, 30.045709152693824
49.30160284287928, 21.16291789535476
82.16419401050646, 43.86999614233407
42.42032115338959, 138.95926359439986
15.40175096181865, 139.31875720680165
70.45873407575073, 188.71980034650613
81.67216651651047, 167.05438671313635
85.70557865869766, 19.905572151967487
63.15611938649046, 15.211799697227724
56.10132972322642, 132.84817740857753
51.669880507739016, 29.70593559269661
60.00518003180068, 111.03795521513543
79.94611786745244, 194.3323580988466
81.99050373311559, 22.368902530288803
83.15679757446904, 100.50245941315956
13.251292790834324, 113.92446598890615
94.25711751068889, 181.63885918718597
99.1099690940391, 48.941237540356575
63.86152497379539, 20.008763141045183
85.94073758469878, 125.8505100009479
95.92589108548609, 15.345146935621944
81.54475693962485, 108.08214798253313
79.33448354872392, 53.84384328911964
73.23538953278515, 192.84918089523535
63.07761752200859, 189.01693019538763
64.95312889637871, 88.97528146830005
13.687599537568873, 79.92321074410462
94.46079915497234, 61.18754069258942
84.97582710098837, 24.725291199072007
77.72550187472335, 138.89971530545958
30.596725553447122, 105.37883130770271
50.39563767853501, 132.8686618117667
41.04326550957589, 64.54418396951986
63.55719090233367, 38.293996625860174
81.94699419970564, 90.51027322860664
5.528332417997128, 91.43392511914709
67.17084420439618, 92.13573295584827
97.79223916476886, 32.34345822431281
24.930174411048522, 155.51736945266217
41.10289867559781, 56.6151341587475
99.65327373466205, 138.95502804662613
76.68849674322573, 63.54253617540353
49.78498849344195, 141.8197994668724
95.32256239664889, 90.99310495195168
55.25588899269631, 52.924612276692606
48.777883735316315, 126.79277406202922
12.858249243959108, 131.32751288946082
53.780715166224866, 68.59158520380436
80.04025309460403, 93.73417376171467
4.408800075808495, 61.416050017445926
76.22850201113852, 155.0415697983207
34.287569526999306, 97.4779606291128
18.28050529092876, 81.13009730434997
92.12815657751463, 15.500965951812962
56.15621609229902, 179.31389001630856
11.337445157725167, 126.6131899609952
90.05280418759543, 133.7905045998078
98.72035672751835, 16.045220915946846
68.9726112740919, 33.91909352152518
25.898263861809955, 11.507625987647163
88.58415628796739, 80.28913863043945
83.49779980105176, 93.31487667235348
12.915092370881077, 160.80453310720617
67.73721898282096, 136.64491065058178
72.08972199533899, 101.93050945874533
6.995834109999333, 174.94453649348216
43.698924652272275, 8.677611913065109
77.2430295126353, 41.80732174003234
69.45295136004034, 186.538295289711
39.231700439596715, 108.83590668690731
35.78155917559916, 10.426882611950038
55.90845682022826, 148.11197997573743
49.08123941246372, 7.289214714769687
20.57274145624627, 34.68254089829288
54.88174739002027, 28.88070278719703
36.999645725332975, 27.369157191364614
22.070684233827155, 120.58733096715586
1.411055661472116, 22.47269670448877
63.31423666672503, 29.237100932574144
39.48310371097378, 123.7844215794378
98.61589222417012, 192.84965694271793
15.517628712530417, 64.16134888673513
75.74324276075643, 195.30092551769576
61.20287459022394, 70.84310001789436
19.44002535928452, 19.973266429708115
92.35457078987666, 46.39509330730651
14.87973501230675, 175.2236077596764
99.8912057368957, 29.991682387600036
13.38720393141417, 88.23293944385797
58.02456710686572, 194.86887850833506
62.14888044654965, 158.3129381259936
35.325730944311196, 75.18599140681246
3.350951028412097, 157.18520410288477
98.95590434403397, 60.73657628480718
36.2899047146704, 179.99231474235225
64.13481282319488, 63.51650834122955
9.05147956819279, 42.24842688361172
83.19158366808736, 18.522240969681757
61.81442953940075, 67.53857976215127
29.97327522983726, 35.199212832896244
92.37428731253823, 148.87459780274096
67.74537468776465, 192.52167369195692
47.88155432070703, 180.61219478465395
18.554467249072626, 36.2614366087933
64.82158464870493, 34.64050116283255
68.18462803755281, 121.9223181780839
31.001043701131103, 142.64640489718292
84.52001189941929, 60.738375662096146
31.06592026656505, 19.40510162647824
16.515937740843235, 188.2428382403939
98.31919766877931, 131.3699269577
1.9626467703982131, 12.54091942489235
27.67574839380704, 153.83972542443053
66.6681274577012, 74.86530174980564
54.50665271974749, 195.06884506708218
52.2976238234375, 103.82201263005089
4.326993173196625, 94.20795398067246
74.11421279967901, 93.54733584425492
83.57272763742495, 55.844985977953684
59.40117099698297, 84.857142862841
15.861241509335933, 107.87839760610622
77.29715053532642, 5.208669162605739
10.34304399079301, 100.90508088279609
93.5045103675503, 166.36250712445948
72.22716716536014, 47.97151492661156
51.905516567614406, 122.37269017386107
6.5840637258839045, 135.69841548671536
70.45040525902296, 153.13895107648344
138.72074268688465, 8.655910239879038
117.33678624509426, 176.73021661398323
114.59054588176954, 10.942699794510435
109.37032574820907, 18.946301704091283
118.79260907078961, 51.882827173224676
142.8352946953687, 68.1992954170493
102.14899934934782, 101.6769817969441
165.35180014660696, 111.13462966491427
111.70999657063653, 114.74213562324398
107.28311952673543, 40.57479787410878
116.55528521440807, 151.3539635788171
126.25240253466433, 113.2323610030362
115.07162808713623, 112.1540993414371
158.22239427361342, 54.20860910105139
134.09150861031833, 8.741275130295412
142.90615333291697, 137.75727311886038
134.98656241798184, 144.00805717323547
122.09775417110981, 75.0972753515515
146.01069911875837, 12.990746223487214
105.91127669188285, 21.493172514160964
178.78286893629559, 42.33834584218841
148.75831234831858, 106.03093296120281
187.04832665189295, 137.41184618346466
176.28390118295994, 159.64860590477144
125.87039962710065, 34.858487394636484
170.03020803926518, 137.48308518364186
189.43246874557283, 132.86623196709675
135.62234575904353, 70.10893815079169
100.26278882085444, 25.119830728499572
106.5711347209684, 56.67101513829649
120.2988330356263, 11.671426769113747
103.36378660756887, 150.97222070302163
101.92741351337963, 30.045709152693824
150.69839715712072, 21.16291789535476
117.83580598949354, 43.86999614233407
157.57967884661042, 138.95926359439986
184.59824903818134, 139.31875720680165
129.54126592424927, 188.71980034650613
118.32783348348953, 167.05438671313635
114.29442134130234, 19.905572151967487
136.84388061350955, 15.211799697227724
143.89867027677357, 132.84817740857753
148.330119492261, 29.70593559269661
139.99481996819932, 111.03795521513543
120.05388213254756, 194.3323580988466
118.00949626688441, 22.368902530288803
116.84320242553096, 100.50245941315956
186.74870720916567, 113.92446598890615
105.74288248931111, 181.63885918718597
100.8900309059609, 48.941237540356575
136.13847502620462, 20.008763141045183
114.05926241530122, 125.8505100009479
104.07410891451391, 15.345146935621944
118.45524306037515, 108.08214798253313
120.66551645127608, 53.84384328911964
126.76461046721485, 192.84918089523535
136.92238247799142, 189.01693019538763
135.0468711036213, 88.97528146830005
186.31240046243113, 79.92321074410462
105.53920084502766, 61.18754069258942
115.02417289901163, 24.725291199072007
122.27449812527665, 138.89971530545958
169.40327444655287, 105.37883130770271
149.60436232146498, 132.8686618117667
158.9567344904241, 64.54418396951986
136.44280909766633, 38.293996625860174
118.05300580029436, 90.51027322860664
194.47166758200288, 91.43392511914709
132.8291557956038, 92.13573295584827
102.20776083523114, 32.34345822431281
175.0698255889515, 155.51736945266217
158.8971013244022, 56.6151341587475
100.34672626533795, 138.95502804662613
123.31150325677427, 63.54253617540353
150.21501150655806, 141.8197994668724
104.67743760335111, 90.99310495195168
144.74411100730367, 52.924612276692606
151.22211626468368, 126.79277406202922
187.1417507560409, 131.32751288946082
146.21928483377513, 68.59158520380436
