160
61.30683768003471, 62.878334833633495
78.39743043917163, 7.6528040300824385
83.66852222345507, 36.30844215698812
58.00653536902306, 121.82895929003605
5.036400590439339, 123.56446696130922
74.66308907654584, 31.07632123063311
30.51201733357959, 74.34306656896604
70.37052234990483, 143.7546023274607
82.29164431908144, 121.39929412583487
74.14045877664067, 66.7599956450948
84.87940159910792, 74.50059090141232
95.3102859851413, 44.53297184236731
32.87373476449002, 76.75866122201396
29.975387987629, 81.11037663397644
78.47081559973148, 23.589954687730152
60.536890399543545, 94.89179695485792
98.50690257683074, 15.045440043948123
90.62655147897291, 61.84619392854045
33.44624491518607, 69.12523156299942
39.614723007768895, 52.61905761131993
51.3626382175258, 30.2605418627242
30.694462700932046, 155.84277226601512
58.9832702037499, 177.3740801718256
41.882279479876296, 175.43730230540265
48.31542326373641, 82.98572176971089
27.281377053449084, 77.33312019398042
33.76409598668452, 128.95459687029305
59.38528689538289, 55.14652824109203
31.56656652464087, 54.02086419758714
28.37526113842572, 70.31879948931659
25.815595456613615, 119.05766434404907
75.4491671132276, 59.69027439900114
92.91250681682278, 151.97297038303466
71.56380519561677, 120.6609603951702
76.17959213093363, 147.92597267221834
29.063014099429186, 125.93152209342648
73.3765719127731, 136.17202034363672
38.36497779192912, 91.07638573645029
9.98578901434728, 92.73149327403631
38.00812161146767, 82.58777535339847
89.24893366379172, 190.58761418975826
16.56909596527736, 139.90314996983508
96.77546183454984, 154.52954089093515
24.199843098244443, 130.0715357716163
82.04909207163968, 10.019764768355909
90.80288078174733, 164.48722867699024
86.54236557354463, 140.57968530416605
10.6956737113576, 128.64451883193067
17.795927098803865, 77.3877904304912
5.989277348063071, 125.30836565988727
91.62010509835683, 90.88639638296578
52.059168444042626, 126.74460010136548
44.249546684993746, 29.50251919485085
59.200620750824065, 66.14065198908207
94.17586635553347, 73.70919914780951
56.8719342101849, 147.2673436374769
45.412430558654016, 75.10790739608588
95.57330299667464, 175.75726558139885
97.8486623829266, 174.6202889567349
95.94182135274076, 128.9321036891562
50.962145588365985, 61.45398703118337
53.63130486174431, 88.19488302899441
92.98279747475077, 95.44879191172318
20.08470109465118, 121.1652139997887
97.07898354738967, 7.516653984703026
78.89494496399139, 74.10460807558488
44.90764448699179, 82.67076508258664
71.24070931957803, 100.25710813598008
75.35730398922443, 63.19828207728744
4.671124565536033, 116.51880106383265
95.54207077999455, 65.18735209363986
20.720554685218286, 81.10779827777365
45.37052931417552, 54.79612291968108
97.69931917621116, 11.39661038124049
91.21492691113978, 103.03609505532567
66.3367418873737, 109.02112793713499
36.52405336328693, 141.0264386994924
33.456874049259774, 34.72433102338353
13.953351436489125, 118.69762676173414
12.451858908305935, 137.422047744998
138.6931623199653, 62.878334833633495
121.60256956082837, 7.6528040300824385
116.33147777654493, 36.30844215698812
141.99346463097694, 121.82895929003605
194.96359940956066, 123.56446696130922
125.33691092345416, 31.07632123063311
169.4879826664204, 74.34306656896604
129.62947765009517, 143.7546023274607
117.70835568091856, 121.39929412583487
125.85954122335933, 66.7599956450948
115.12059840089208, 74.50059090141232
104.6897140148587, 44.53297184236731
167.12626523550998, 76.75866122201396
170.024612012371, 81.11037663397644
121.52918440026852, 23.589954687730152
139.46310960045645, 94.89179695485792
101.49309742316926, 15.045440043948123
109.37344852102709, 61.84619392854045
166.55375508481393, 69.12523156299942
160.3852769922311, 52.61905761131993
148.63736178247422, 30.2605418627242
169.30553729906796, 155.84277226601512
141.0167297962501, 177.3740801718256
158.1177205201237, 175.43730230540265
151.68457673626358, 82.98572176971089
172.7186229465509, 77.33312019398042
166.2359040133155, 128.95459687029305
140.61471310461712, 55.14652824109203
168.43343347535912, 54.02086419758714
171.6247388615743, 70.31879948931659
174.1844045433864, 119.05766434404907
124.5508328867724, 59.69027439900114
107.08749318317722, 151.97297038303466
128.43619480438323, 120.6609603951702
123.82040786906637, 147.92597267221834
170.93698590057082, 125.93152209342648
126.6234280872269, 136.17202034363672
161.6350222080709, 91.07638573645029
190.0142109856527, 92.73149327403631
161.9918783885323, 82.58777535339847
110.75106633620828, 190.58761418975826
183.43090403472263, 139.90314996983508
103.22453816545016, 154.52954089093515
175.80015690175554, 130.0715357716163
117.95090792836032, 10.019764768355909
109.19711921825267, 164.48722867699024
113.45763442645537, 140.57968530416605
189.30432628864241, 128.64451883193067
182.20407290119613, 77.3877904304912
194.01072265193693, 125.30836565988727
108.37989490164317, 90.88639638296578
147.94083155595737, 126.74460010136548
155.75045331500627, 29.50251919485085
140.79937924917593, 66.14065198908207
105.82413364446653, 73.70919914780951
143.1280657898151, 147.2673436374769
154.58756944134598, 75.10790739608588
104.42669700332536, 175.75726558139885
102.1513376170734, 174.6202889567349
104.05817864725924, 128.9321036891562
149.03785441163402, 61.45398703118337
146.3686951382557, 88.19488302899441
107.01720252524923, 95.44879191172318
179.91529890534883, 121.1652139997887
102.92101645261033, 7.516653984703026
121.10505503600861, 74.10460807558488
155.09235551300821, 82.67076508258664
128.75929068042197, 100.25710813598008
124.64269601077557, 63.19828207728744
195.32887543446395, 116.51880106383265
104.45792922000545, 65.18735209363986
179.27944531478173, 81.10779827777365
154.6294706858245, 54.79612291968108
102.30068082378884, 11.39661038124049
108.78507308886022, 103.03609505532567
133.6632581126263, 109.02112793713499
163.47594663671308, 141.0264386994924
166.54312595074023, 34.72433102338353
186.04664856351087, 118.69762676173414
187.54814109169408, 137.422047744998
