224
52.583598258521754, 104.23947947101735
54.86355869736451, 60.13880215630222
17.02827838785859, 78.97922042546774
52.63184545964742, 128.55129116783246
24.33692598863115, 120.97488617721916
38.37478855823609, 48.83105107766045
5.446031175957689, 74.27048745133204
61.482166417049726, 78.10538927594305
15.733768400751032, 73.99024645482385
22.551558037494864, 122.63241178018227
50.67251942594005, 95.94518829422678
67.03719807610777, 72.17508204184348
79.90835449046244, 86.41481446244477
34.455281218030045, 64.2299443342025
64.34456354811826, 29.61164558328182
71.33104218693306, 30.608044742533835
22.271795448330515, 124.43387340162144
87.48278571277812, 60.00338263802042
74.85522878543667, 143.51254933427577
92.72644107934886, 115.8015703399243
88.12741405132394, 168.28393516491872
39.83195696749247, 61.08261885388875
70.0949942073726, 167.0079512427427
16.90552732539124, 23.32521483215833
46.43109849060369, 154.03948318856104
15.526154425016657, 171.15497564674013
24.152676675814348, 53.35526372162837
1.3911234781839568, 5.402851048722503
32.96182379136509, 94.16710755366931
32.08873252877758, 175.94012774249256
92.60954299654968, 158.70032181715985
9.13058085906519, 156.46516042100995
15.885799787773479, 97.07362031036291
14.21847194986556, 113.44847687890696
42.70095971200571, 95.13604463019186
65.64957111055764, 189.54703525702178
74.29623042671466, 74.5084028338031
12.107186341803526, 107.67537510276664
24.839109160934044, 137.46321095366682
60.70863392032925, 189.01055673460627
99.13209360945889, 184.36764949074222
39.26584039533125, 57.76377869785104
12.61592525650925, 97.39113756948372
73.97890540045127, 165.00486893803134
54.588230056149634, 152.72222455714675
27.968694637851797, 95.83826316795549
42.38390022768786, 83.41139079319608
49.89313403736223, 88.96782283051505
32.25507792964323, 123.97753228303182
60.551358000756586, 15.423368160980221
31.140901811581898, 37.18939291967716
37.81198156103471, 120.53564047209781
45.461911484637206, 116.15310594449168
89.97197596734718, 199.2368639100356
3.922334282927082, 75.27925545666713
90.48994342459876, 132.27614062061195
71.54500789739816, 28.122438571874998
4.49144652277522, 65.03530842867775
72.08351716622674, 132.51291103323456
86.19534690506838, 15.763548544228499
73.42301502746906, 120.48251982058741
28.61368239190078, 135.10062826592974
56.167381810709465, 56.3473169410128
26.079004517175427, 66.44890243770459
28.544804608398998, 115.13337109931065
35.1352249771144, 77.07246594542752
44.09033503197858, 99.50554789040712
80.23605761182644, 66.0971427649208
3.224186296124884, 54.284819982190186
57.69576226917358, 138.43113529182568
94.3307521895608, 134.5854012723164
27.56882807612893, 125.04115446134765
86.36536187634532, 58.56257512681712
58.31223152573605, 124.37540894279635
15.177991121642552, 71.24896083388596
23.655866613934112, 87.55783562340883
48.64475807270007, 148.6920033399304
27.79852197183603, 94.15370194789922
38.58952959514718, 10.432902334963366
91.27087218545299, 56.67524770052022
39.27433184398752, 126.23797440043147
48.08197015674843, 123.35851555660756
70.721198097614, 177.65437554942395
22.070090107744246, 6.64120601120004
58.611086570672185, 14.038145710930516
34.7401521247627, 79.2531180380767
10.093923681086824, 149.77234990735485
9.239077616644863, 196.76728561839448
69.32923455689843, 107.62916457664988
89.11325594778839, 102.28170397773957
70.80693997277461, 40.271606316948905
55.37174699179798, 96.94822103867051
81.80184566929405, 32.88446590551259
98.26756123395566, 125.47221398549372
7.757467538975604, 100.0747707159628
34.252313891078224, 70.01349884001296
18.119505388078583, 146.87736051707387
43.90383395338584, 72.73063960227036
42.497048090993296, 101.62295602767473
87.94648110836744, 99.38775825900754
62.21399337242634, 5.864311520578691
20.45085199397517, 156.54019172770458
23.363651764659565, 180.81645561659352
34.60299775208856, 160.65910021378977
75.43484023580767, 125.62590958728134
37.04276878933342, 42.63107602797127
49.72104041801637, 135.39313133301243
9.19561509475697, 183.87351555366413
4.94357569420324, 101.79597154848305
89.53953635746898, 164.80638338918766
20.093088486375933, 110.90279554853424
99.30305889200469, 64.9773004678093
61.635963598538154, 144.32261185726932
53.75984240549616, 165.2018163445981
81.96488502479652, 136.06181123656438
65.62168733849172, 70.72073692031282
3.4022637029213487, 50.46405847809734
14.794101361979717, 56.24171793248405
15.337366910743944, 126.40469057379038
57.883908096539194, 89.25793261325394
15.882334945431476, 186.8737998614191
42.87441536873846, 47.41335989197246
62.34486256337408, 87.50539294032127
64.32859290518321, 144.04931251476916
9.0928808850272, 142.88540587370747
13.730473855247672, 168.5205398922118
41.027893016033005, 193.7958523450712
37.182762698841245, 148.02657653485522
55.83112921162944, 93.19917346443225
35.74695552288215, 7.942846291463956
53.89722775476679, 118.69443320513366
75.78614281128024, 63.726994357940356
16.11859786374459, 100.25551074872871
87.58685862875906, 68.78881362879143
43.74442545154887, 78.63017595711766
50.55359459043864, 178.4822483469567
60.99756568960949, 49.32631310731528
47.22207628310701, 12.388622435913454
3.3870041379532423, 13.062492150179983
80.6853286477973, 177.7718370921257
7.233464297007375, 109.20864237877352
1.26685280920118, 96.22603670751309
3.7199008076201356, 190.69134037990582
43.14041517666816, 29.651060186925537
146.39046431654432, 51.197972336522525
151.39107170776154, 15.67363830492614
124.61043112891011, 43.69029014796648
147.36815454035258, 128.55129116783246
175.66307401136885, 120.97488617721916
126.19436014177482, 54.59231541541021
194.5539688240423, 74.27048745133204
120.29650251273654, 154.95511250583257
117.17852076072863, 7.9843826031478216
141.37620780624326, 141.10939027328422
149.32748057405996, 95.94518829422678
179.69150986678986, 64.76258501003322
168.84694748663756, 112.90806584900743
165.54471878196995, 64.2299443342025
135.65543645188174, 29.61164558328182
122.07679969054566, 93.66653313110677
145.41792511047313, 73.0921092324487
164.01294829348438, 99.07214385982779
155.63488048389002, 166.4245007669296
103.03824769113953, 182.1610347747295
111.87258594867606, 168.28393516491872
165.62026488525152, 86.1840269023117
142.10122799857209, 102.46403878322934
144.3419236995248, 19.81341380702144
110.44943502744327, 104.71658301256437
177.5510951624724, 98.4336687051138
127.16163183831195, 4.15702142987342
121.12066006865483, 62.09362169911363
175.65557725662714, 141.18986239194268
174.04358382447901, 100.27141491555969
141.720711847544, 132.6435992712129
154.51135321045015, 149.62664994116605
177.5221771653703, 66.14191948408634
121.83933057682154, 98.76077146523939
107.51263520802658, 174.7999102847406
117.39833234356848, 194.57800780216405
104.83779977590008, 6.336383816713442
154.4928988797671, 162.39012318735897
123.52125821138942, 74.45912220001641
149.72895726250982, 178.53766266272476
104.51649044548604, 125.79275147344234
113.9929036351279, 21.29853296067783
145.51110479149088, 79.43783999745789
178.82421066613315, 92.41478807346188
125.82976385601299, 149.65974017517456
137.56190207428048, 21.172754036772545
139.36629185629133, 37.36248858803803
173.34806340887832, 118.1488771274247
159.09838528056824, 58.19022169907044
139.44864199924342, 15.423368160980221
149.0835900183468, 106.4210121451667
169.14446660291742, 66.46427170112597
154.5380885153628, 116.15310594449168
110.02802403265282, 199.2368639100356
120.76334921328792, 31.804932392566542
118.03644429945554, 119.94656576914163
128.45499210260184, 28.122438571874998
118.46577076173811, 129.2336600557089
127.91648283377326, 132.51291103323456
146.00641862252454, 86.14328058316356
155.52289547769104, 145.32334642762044
116.19394919098708, 85.58376202353533
106.47692509763033, 3.6927135509392084
131.3747195810622, 135.90565762010547
143.0687977531436, 97.80020575036615
182.50831572078422, 153.7088460317369
182.91690477508925, 53.50430440673355
119.76394238817356, 66.0971427649208
131.60389863221963, 77.73297491782647
140.3510822313776, 112.27766265569075
134.32698425424707, 59.38849033390148
176.0218185184383, 144.46307751031267
100.80687285312278, 86.18474424869018
198.24120205178883, 100.54403624128656
184.82200887835745, 71.24896083388596
178.63847137948613, 88.01733778201908
171.26669963537248, 73.08759875841213
172.20147802816396, 94.15370194789922
170.6759191049977, 37.81394446778603
108.72912781454701, 56.67524770052022
