160
97.42334466485808, 33.3903244229778
73.50754422477192, 113.23751540168851
29.518962918355385, 143.32552679272877
28.297198057607602, 198.19956720139942
69.66512601981279, 94.8520612432963
17.767076127571357, 74.69618615976069
12.677761034089883, 134.01404256105144
73.41955104469545, 45.53610689631594
17.09208857807161, 59.7492950338101
11.15022113449583, 105.40512624541282
41.000596291664, 133.96945294667245
62.26911204770613, 116.12090232949208
64.58792417156911, 123.930933646224
25.418014863217834, 159.54163966275502
77.11665071814171, 94.24817922361373
94.82672324232087, 83.9670014111143
56.71887773222571, 113.68952230831302
51.73141665662253, 168.02506721103677
28.57493154309762, 45.75415571529899
12.005297974935768, 96.83011101961179
53.72567735154262, 105.02605291192671
37.889375312314655, 31.331075807683376
47.021558711240175, 142.14071732012178
97.41670758638972, 36.10185961560778
16.086998654424846, 125.94851152697045
0.9465472103243542, 152.9650024979796
2.3364865654852025, 77.7013454510771
72.03225554769358, 194.8078671268798
87.7685841249602, 90.74983369872551
42.306310113709685, 80.27101176267826
55.69468638007166, 81.02898821102266
67.57105381366536, 194.99579107917546
60.165187315681536, 29.186236132874853
66.71950857850138, 165.9270419252495
75.09596793713229, 182.21629904832426
26.893500761919277, 107.6562604367258
90.88273568301149, 88.99750375430202
51.9977693236289, 107.15861696822196
97.45549208451548, 115.2313367964247
53.74375188061637, 25.347757434010454
10.903608793762857, 140.039152269129
30.19253744482495, 105.39477439357725
64.48433381091935, 51.65591732890432
38.32310509515258, 182.72547774203593
26.811496334825165, 129.58385359761138
68.15543647835202, 163.98722095538795
20.816037864282457, 160.53731810498942
26.760582931692284, 127.61027858805203
58.161323490497516, 56.63696746014211
30.745898768720437, 113.65415496950882
8.05475599217037, 97.82088777134257
29.511087180439603, 158.64301463682438
29.904671404668207, 43.33819032218592
69.06412086739408, 165.62853213291862
42.510410351709396, 181.6380956905973
61.78738962622883, 101.26652479588381
94.86830971935505, 174.3022743758818
45.48930594419069, 136.742789082883
38.35953916695942, 14.674589299730627
16.660423432663936, 135.81570442419485
74.02857417381898, 33.102110021640044
15.457691556659043, 83.87787450306358
42.882169430148224, 130.87132356775498
50.888139949414814, 74.60281660272788
39.80385499856252, 67.72277007675953
86.36784247847505, 20.91640509767062
34.4810756517129, 195.97288086822113
31.396720933664028, 119.04423950264712
52.493467947510794, 16.677186619244907
99.25494793821147, 29.714037751369943
14.492162013840172, 136.96331981742853
56.829305866426466, 162.86776234775346
29.19638850305568, 172.79601131869816
82.48036365904423, 129.26553722655513
23.201896200872604, 165.17617235979174
83.54155901901873, 54.62942887217077
73.16452030404804, 86.77095557767578
75.04247200672162, 126.66295417829842
22.767196416786973, 178.454357749946
63.81121274985304, 59.361515782490336
100.33376809578812, 98.85194159265305
165.14290509108054, 116.26117489460171
114.8802391974148, 194.13776154933805
162.93287895561272, 151.03980391185118
110.20202632625335, 54.39965429106428
109.4637510194093, 113.58684417013608
135.27572496438518, 189.7068944663014
141.7121802389202, 12.691264717089767
112.84903075419813, 56.28105954594007
136.49406410876588, 27.0213937340817
170.14003843749714, 103.01182948166255
100.66586173736763, 185.70129381802917
107.67223502827378, 77.32421951502585
115.93317485416438, 171.0584493952993
125.53425374582265, 22.496637119967254
145.21733575109232, 135.56683870337412
125.05904109914455, 189.3229797067044
123.52113724987146, 90.16652488614645
124.80028793836571, 53.2387702657884
190.28766101055368, 76.3330222270527
112.52460112674623, 40.04103750957493
181.64063681676916, 48.233159680315765
131.08148405785573, 169.69645432150588
156.2880037008938, 109.31080848779007
118.42935525144317, 179.37709157293028
130.9718717221972, 115.46076680947775
128.73005438634067, 13.718879601338596
126.05586907221891, 142.25705897794532
140.635450215546, 65.54739170919024
181.16685703677888, 60.79304073927678
178.77318214794937, 123.89416659185166
161.21031754575426, 136.8863133652034
165.33984433658526, 80.41613578420225
123.20234694825852, 182.23752900025124
158.95280642087855, 169.29771420159815
122.52717288854083, 43.40636717827664
165.24020602424662, 89.70309424656031
107.30391949448081, 32.14873927576076
127.73942960765577, 119.0008822470327
173.28367451800952, 43.583855819831285
112.40382642663141, 169.82208010379395
139.37054103024548, 152.90821472443307
138.01866403533185, 70.73625529072096
161.81104331982007, 163.1278377574284
136.48359622974328, 173.746407344136
157.13684014986836, 94.56569603247864
175.83376782953223, 128.33691548318734
106.257507427407, 104.89264632300883
183.29154314489978, 55.38787440843236
160.25308230442693, 52.704515426800704
114.49616407994186, 109.70242214819356
111.84701323127918, 134.73035876754707
185.35880839729083, 96.76195259751019
161.4061896355667, 146.31965891359135
130.56616638339608, 162.37286399300544
105.47936248016958, 33.23690641696424
102.53617441565808, 196.04969147215914
107.18729896942568, 155.40520387083674
112.56399363375287, 3.1199012874786547
178.75208788650409, 94.34284334454277
148.01343804257544, 25.84807407587981
111.91299498374845, 156.8870734822722
190.7947831047266, 105.58488087963231
147.50635932285925, 85.0580014985991
196.12982523666375, 120.39795228399252
135.45524341839092, 19.92606160952286
186.2046307793877, 121.29946903702509
105.77111849888477, 167.57206890267238
121.06614653180398, 19.871143126153058
136.2761365966838, 53.876703591677085
129.42148056137995, 86.92413759248919
128.85189004038375, 132.33718833889412
123.89920000917495, 107.12193551668167
166.6019340536299, 51.11040185893019
190.2968920294152, 132.97171343922642
131.3785801478389, 109.8577845166779
142.47662141264829, 123.80037892398678
173.5774366229502, 114.54497519995712
105.82201788270591, 120.87771477762843
127.02726228596065, 37.52141745787008
