160
69.62703579070603, 92.93102517656462
65.68597142450882, 54.08488620934877
67.37681442094726, 71.41917466547211
92.8551636527068, 15.347369881410145
10.735483569840943, 109.87487694652324
48.71180766091513, 30.763768331733576
27.264184929382505, 82.2800261543603
35.0314764891677, 29.005196387584764
90.9581660171504, 82.51735538779903
69.9174986784399, 174.2415732071665
92.6499365062286, 166.50763261069667
53.043801564024584, 24.535175472236293
21.060251742765445, 156.9912450918716
14.79333361821964, 106.22608042574761
89.6704039989905, 143.51969352310735
48.45299096558162, 92.6242991840632
62.846578653685626, 14.526163708174744
76.50249078662334, 5.228297926413461
66.40745498404415, 96.8393262056152
89.64615928400258, 84.88287591204819
88.60791605030118, 125.65348563669502
87.20709707929656, 91.31923279150165
29.593555513040705, 66.67711156435789
73.9180243821011, 96.77198372119089
69.06410500287943, 78.55993994669166
25.0452250615676, 68.43055212546022
71.29366428455255, 95.89888844818246
98.33603843021162, 176.11254120151884
17.394847255715252, 86.62083575237072
46.27782456932531, 49.623689480454104
82.61723849497304, 122.69009480245956
72.40934883934386, 165.34347671978088
32.71974906679597, 64.59268705394676
83.24368619096589, 190.24611667760217
25.023409273618103, 84.74106898699215
12.37879312295206, 116.08283888347314
84.87572109446965, 89.44402406474437
90.2603821236581, 46.384406604270964
26.52179305986345, 65.14444153243576
88.08555696944873, 29.84117861946085
36.13682384109133, 67.11633272304118
87.16605053176434, 160.89933205972673
29.119923776403045, 122.88757471004577
47.52867009555529, 25.14562453145437
75.238237358523, 143.52732342870738
77.70507634087701, 185.26790305166142
27.8161362027569, 57.20006101364277
46.97974312094211, 157.97991715730677
81.87354757066126, 33.96016039693408
30.50721164258511, 108.63733428931606
36.01430794822107, 169.01486725423692
87.08543673666911, 187.67110961237123
72.1917654432497, 154.28149264624332
80.72546098525686, 43.774928089994816
54.25775382019439, 46.935276484957924
76.47517655746742, 24.096381087251608
19.269467857635348, 45.26429908257343
59.088450798921514, 68.49409821404649
88.39237844022941, 63.41660628897516
54.68188213397397, 101.27233599066531
59.69142429075468, 141.8538577223941
60.201420561612295, 32.522805130806745
67.5177914208408, 59.350982944455644
91.4892663691249, 57.3005461311396
99.5910154509489, 148.83555830170653
3.608665823003432, 125.75849681671885
16.778544977263245, 137.45774789849884
67.6851359489497, 81.29610635637172
66.0397234429233, 78.37964911696815
98.24953910030334, 173.36857216185427
93.21286208614032, 20.297192889695516
97.43617974293753, 89.80893926597516
78.52866702825334, 149.9733732457705
11.674879522529281, 54.46814753078766
64.67497165273934, 107.90702979525328
96.88079990110504, 163.01355493785823
78.56895681329347, 141.339632779432
31.10997569251015, 42.868791282457664
80.03798394828881, 76.47637357641489
21.593141054593048, 90.77701916461112
130.37296420929397, 92.93102517656462
134.3140285754912, 54.08488620934877
132.62318557905274, 71.41917466547211
107.1448363472932, 15.347369881410145
189.26451643015906, 109.87487694652324
151.28819233908487, 30.763768331733576
172.7358150706175, 82.2800261543603
164.9685235108323, 29.005196387584764
109.0418339828496, 82.51735538779903
130.0825013215601, 174.2415732071665
107.3500634937714, 166.50763261069667
146.9561984359754, 24.535175472236293
178.93974825723456, 156.9912450918716
185.20666638178037, 106.22608042574761
110.3295960010095, 143.51969352310735
151.54700903441838, 92.6242991840632
137.15342134631436, 14.526163708174744
123.49750921337666, 5.228297926413461
133.59254501595586, 96.8393262056152
110.35384071599742, 84.88287591204819
111.39208394969882, 125.65348563669502
112.79290292070344, 91.31923279150165
170.4064444869593, 66.67711156435789
126.0819756178989, 96.77198372119089
130.93589499712056, 78.55993994669166
174.9547749384324, 68.43055212546022
128.70633571544744, 95.89888844818246
101.66396156978838, 176.11254120151884
182.60515274428474, 86.62083575237072
153.7221754306747, 49.623689480454104
117.38276150502696, 122.69009480245956
127.59065116065614, 165.34347671978088
167.28025093320403, 64.59268705394676
116.75631380903411, 190.24611667760217
174.9765907263819, 84.74106898699215
187.62120687704794, 116.08283888347314
115.12427890553035, 89.44402406474437
109.7396178763419, 46.384406604270964
173.47820694013654, 65.14444153243576
111.91444303055127, 29.84117861946085
163.8631761589087, 67.11633272304118
112.83394946823566, 160.89933205972673
170.88007622359694, 122.88757471004577
152.4713299044447, 25.14562453145437
124.761762641477, 143.52732342870738
122.29492365912299, 185.26790305166142
172.1838637972431, 57.20006101364277
153.02025687905788, 157.97991715730677
118.12645242933874, 33.96016039693408
169.4927883574149, 108.63733428931606
163.98569205177893, 169.01486725423692
112.91456326333089, 187.67110961237123
127.8082345567503, 154.28149264624332
119.27453901474314, 43.774928089994816
145.74224617980562, 46.935276484957924
123.52482344253258, 24.096381087251608
180.73053214236467, 45.26429908257343
140.9115492010785, 68.49409821404649
111.60762155977059, 63.41660628897516
145.31811786602603, 101.27233599066531
140.3085757092453, 141.8538577223941
139.79857943838772, 32.522805130806745
132.4822085791592, 59.350982944455644
108.5107336308751, 57.3005461311396
100.4089845490511, 148.83555830170653
196.39133417699657, 125.75849681671885
183.22145502273676, 137.45774789849884
132.31486405105028, 81.29610635637172
133.9602765570767, 78.37964911696815
101.75046089969666, 173.36857216185427
106.78713791385968, 20.297192889695516
102.56382025706247, 89.80893926597516
121.47133297174666, 149.9733732457705
188.3251204774707, 54.46814753078766
135.32502834726066, 107.90702979525328
103.11920009889496, 163.01355493785823
121.43104318670653, 141.339632779432
168.89002430748985, 42.868791282457664
119.96201605171119, 76.47637357641489
178.40685894540695, 90.77701916461112
