240
72.3897957549215, 132.0499285901173
88.2100245122382, 132.24826754394596
84.08007302833182, 89.16301955447115
36.2276948769566, 119.43721391495603
69.68591185082536, 140.71685194277956
62.03957573321128, 73.38030008627597
35.03018122733461, 116.41040560924061
60.304482775087564, 140.0874630752391
93.83689421551716, 199.86750954503532
44.830726573366626, 82.867624514527
80.83505099883364, 23.805704886582205
28.830161155078898, 129.83772934484097
84.80758644588545, 148.43013142776886
66.01594624968143, 170.94279667453895
73.78151912714256, 156.55259023063982
86.62372806098257, 170.20257294979933
13.78559415550771, 52.85934553560559
91.09102115472473, 98.77786740288693
74.78658561369578, 122.16381352575414
29.85756726793845, 61.54835394119628
4.895430907390171, 77.466961572361
72.2794445167323, 110.68272146020607
80.40709013376329, 86.4063829612769
63.754697646922466, 149.64807589616413
27.146741366239993, 158.08860600355197
53.45390377994221, 101.37133912815219
5.356392961593361, 51.946670570988005
99.94643384101337, 146.13569984550287
42.74104497486402, 92.10130120500776
44.95163328896548, 133.23872043564478
0.790686715231331, 82.226345254206
24.362704594757723, 163.8433569634785
20.477763664393123, 171.45132800178655
32.73512761289544, 141.93799875639795
26.062625219076466, 146.7487940987238
20.966842522014893, 112.83059520043338
74.04658683995885, 133.4491179281206
36.479895904543554, 156.5469995714784
47.437152844461, 131.20970516610953
90.07662205898909, 61.81094342207454
12.021051847110481, 197.90315392657052
59.50826203179636, 70.02447814700365
60.745902751394006, 108.22224607930573
81.92589366226254, 88.3877191467728
90.59666385423496, 111.48117491621369
15.393652971386246, 187.7829832926573
83.66939367705567, 113.5060030863503
94.53884637668375, 117.18285102647816
41.72515928916678, 47.69305189273932
36.06163926607932, 69.8910423258827
1.5350733667449532, 186.57557256884502
82.2831010326957, 176.25947368252972
1.8076747486868427, 88.81222743484003
91.81040878594665, 48.80403668223056
1.6549329254626173, 130.98613427817534
16.226729349624975, 175.1348267096489
76.7650317043246, 120.53649791857723
53.743392941443155, 51.10033946530189
67.48073552231745, 98.5571297691408
0.5357189346600819, 126.58744939332567
90.7660540931819, 25.21146451790213
14.599332607212375, 156.27390597571045
4.538877295114659, 162.59005078122698
44.698400446402616, 86.11811961374099
21.302732077452774, 186.20691797846968
57.26132134371778, 127.1321831189747
43.22104225345632, 6.1943112182541356
92.7395974948187, 152.89537590298568
54.28183788152713, 59.55789074707299
67.03939006182551, 115.97535534078145
96.26610597888232, 192.045461518564
84.38741986799965, 87.11331760275048
81.87722771733641, 110.35993715154393
30.95218129008964, 37.834687642548104
10.94381251951944, 145.87575541940623
46.86253852872906, 82.75447006410319
63.68470722339191, 145.54129444974348
26.147359172946253, 100.69357679332914
47.608923756653724, 41.302912770988854
83.68857359674806, 131.87464441362678
80.43701828359478, 9.330374190421065
41.631863857160546, 54.94381634544205
29.38256158384248, 17.439218937031974
39.15405200651486, 182.61668512726635
69.44315899831123, 186.33883922980687
23.990192982803293, 95.23219017050664
25.55889497968473, 55.682536301506836
98.20248457764298, 26.36803874135547
18.923973539829355, 63.01389952974172
93.85502740137731, 49.49251047179166
31.83455602675236, 5.070464739768732
67.01268320615316, 2.0667643356536924
68.61575852359675, 85.33942847002795
34.58964089836679, 123.18853373167431
92.86339752559198, 108.63747160004623
78.97686286044943, 17.642517735358364
60.84354597820526, 75.46445938877042
72.99513994518314, 154.7091801343046
52.41040148005176, 2.6172959542736463
37.51161915839126, 57.07742159674716
46.125102739320766, 140.1547557154553
40.073825024912516, 192.7912502318643
31.468638863294153, 71.70986746794325
44.03833312551085, 153.33223044502938
20.026291203555935, 145.86386599069147
6.776021089229866, 141.64644242821848
69.39749904742047, 64.97914031059125
76.84916440692963, 154.19667326173112
66.0281336546485, 63.4940488533315
82.67449092363661, 104.15468226244171
91.99636563746765, 51.96782888418308
72.87280686665419, 172.75243435280657
43.027314697934294, 35.45608496235335
19.54361629266441, 86.04367670390995
86.34452464069103, 17.553359174518256
83.09278055244731, 50.16868975489746
51.319882209639914, 111.684783744502
1.7518802618000207, 120.46287276652549
22.361665400338595, 68.77769304603206
99.40432619272751, 76.27429768609333
57.62527639088684, 124.399700115068
79.64900666080604, 56.281728382136386
76.91889503124658, 142.3462393640672
10.75765984987288, 20.074895977641184
2.046844240065171, 147.00065018352632
7.520353457916363, 115.64343106155064
27.205048328138815, 128.66360297191127
14.908001121458303, 92.92312911176683
6.3398630299887575, 173.56698667906153
57.71961268832748, 81.00564889466992
24.8765822692386, 7.947340757683263
79.17124160207463, 27.350935668270672
11.301999319507983, 141.73247361543685
30.618627067932604, 14.895622944822584
13.557195581307212, 159.07340886409557
64.51948243210623, 53.834914624127286
7.302094975393381, 67.79261690316827
63.74074769980768, 68.16401290799696
28.30459731054109, 33.37856799079684
23.720962012954384, 74.91697358163549
51.00205969383512, 3.47636221955685
34.56312491827401, 10.281430354019761
61.90490995361236, 144.26360694683927
58.98931840157166, 171.89400789730473
78.37531344209087, 146.15461521401193
97.36514694925982, 75.61558219049094
67.05523576825088, 7.207336823370447
45.035259943755236, 53.58397829523292
40.892754190554385, 88.63374831524389
33.686787973732955, 184.30362458102638
31.25684422348828, 41.18356178390994
35.650062092477754, 34.07705579008169
22.78405315705071, 17.831756494358263
69.88455015116, 38.05801455527635
19.46961311070381, 71.68944017716544
61.04677130671193, 25.973579342503882
82.66004857738302, 164.29810446015168
66.66805418298142, 53.72141240331501
67.0287241485937, 49.765842131823824
10.453878805127303, 125.11721162777951
124.8408273784705, 159.54580705712317
186.2761512936961, 144.65816240510273
161.10104931678748, 90.37951215898362
180.63643926555028, 121.70079688396322
154.11131308598664, 140.8819890110528
181.6502429388492, 149.19571034648084
104.78390345718279, 139.55427273363676
106.97922525463076, 135.91466449769115
162.9288881265803, 134.58245248947898
194.2961576080765, 131.43588547206375
115.37252422222453, 21.688044488114855
173.0577718199375, 143.41806702201768
128.33707534763872, 193.3371632579755
149.20257062874526, 173.86856234992928
108.3577688680484, 142.52343981063268
162.45253123780162, 164.36589168619537
181.93654915079856, 79.47844428180571
135.7916873479725, 24.391528872454305
108.37952730074227, 44.921232835114175
107.81672306899245, 58.22456962039486
142.30990951268447, 21.51962502431466
131.02870777538786, 86.70880473567237
194.67288013310846, 113.53883276464938
183.42596960369644, 114.63854311543942
145.88470401942203, 186.776190991904
129.11284058715523, 108.32504735645105
191.80725546290606, 75.13787954862127
108.38108732255299, 148.33408909398048
135.28643266734468, 155.71022562053182
124.15268932228042, 136.57835480964516
150.0795523172297, 20.137387828748764
136.55133126179854, 164.66915068888645
131.66461071045157, 93.99795422137566
128.44610005255242, 164.92158038013858
106.56536566506013, 84.59552934964891
194.88960701954653, 122.55804642898802
111.59116256936846, 185.09517860720263
118.45331835831183, 122.12061511788946
163.21203044213806, 92.92463741411723
157.72090868821408, 60.703745035801624
168.14429411349258, 148.23742831248512
165.76854486611757, 30.705734305198117
141.89484388012605, 31.678467820194676
178.8164282983767, 146.19836094438332
121.53879605465339, 94.32108214092843
169.2180587249884, 158.00541583879846
168.90930793386417, 48.928665861838525
165.36001061620698, 41.923548532507525
118.97863748815668, 101.13501971915187
132.56707610983545, 109.36688629540629
155.45362342034895, 161.70628553303393
140.13122508197657, 189.25372896069783
159.4764947079792, 55.48115174555408
102.4343323674644, 26.468448831045222
125.82929051063937, 148.49457965877463
106.30396756132353, 195.69413910904268
176.61288357079312, 76.4818944394416
123.6958871906508, 38.74182072633696
174.96993832888202, 36.67528792979393
124.17641092194572, 173.07071213197426
125.54199068627538, 42.215648407008956
170.29023831319324, 142.2680785586831
121.4359837674547, 185.77214620554366
121.04609258648016, 7.422327902887194
108.29133434343908, 183.78195154811624
170.62939363673522, 156.23235993398825
134.25969347898626, 49.99518250611632
130.99670862289258, 89.93126383183407
167.81670706080695, 109.85288656422955
139.20611199447237, 140.89044915483407
114.13507061930758, 196.81822570197113
138.0143377596587, 70.87352089852332
127.00665751794494, 134.53106315918518
120.02700662283911, 26.423790980952376
151.58501631128223, 182.11848212805077
176.1508059683456, 91.01100952264483
154.06147759548134, 100.2492353631092
154.03391278163843, 21.120364981497563
115.96357373689818, 56.15918890207574
101.04687440200706, 146.43838228895433
