160
73.0625004212968, 24.02814880240587
75.58323532727822, 163.30052265465523
67.19049283709961, 75.6365500108856
63.71629989865812, 187.26869160110616
23.671022407385298, 153.0587603799728
47.253090483907, 121.19591214018546
38.97271774419159, 185.63931928987836
25.916744123136993, 111.14780939932815
39.74469193537173, 148.73319909649246
57.23119514604251, 61.3831581721049
29.584171364940836, 160.75722147383053
20.991291760250885, 95.51008060623379
35.893542855640156, 155.4342740094944
59.374444618581755, 41.2437629952368
96.40646364839577, 75.14593830118478
7.360581856381074, 40.266283048437586
61.11202009752893, 6.551630372381652
48.29203565181959, 24.302292004337044
10.696141227292983, 18.398228149170144
56.02995685377863, 132.2907674797624
15.1861471676347, 143.69775922535007
27.265616361535557, 184.8212001380279
70.95554734876443, 117.23474415860586
5.796691304894212, 83.05734827614145
74.73443341380559, 92.33793921031207
46.210806982652144, 171.0716048680335
31.326674313198378, 41.07491131191732
15.16648515350974, 179.4014934243992
3.087401280345908, 198.39894843016066
53.092367700295235, 76.93835074604294
17.71607589007771, 151.34373882722468
64.42992075925892, 120.05213288488994
66.15006613219103, 64.37645738964392
82.3951304093359, 187.33999183918124
21.217158906894483, 166.6916070447347
3.8819990388629986, 95.44547112885317
74.86659511653093, 137.9115792490782
96.76170260515283, 14.85641386541721
75.32677408078247, 65.31582763087223
67.60486175809442, 43.76873221748408
60.32837536340967, 38.92662469571107
75.57567024407079, 33.44769320985033
31.237620578266977, 101.51080713439704
17.945991199453346, 24.021557324145427
55.459410789455205, 128.6402090935277
51.63697016562246, 70.12869167607217
32.505506323580136, 7.692903241960266
79.13350758298166, 89.37276057954571
99.46925101702521, 145.68726082555517
88.27783669676332, 180.07180173956738
48.57902433937703, 59.2314901406565
14.89899328272812, 93.6290546913531
82.41691374294156, 176.44334860729575
75.6552220694889, 107.75973570464541
34.70665268416442, 174.2696224971379
81.84287690880036, 78.46933035706809
58.09920568100628, 14.598393574945012
8.705045607884273, 85.13706021637003
52.46124080683089, 97.75313755313385
24.92179501779684, 86.2827211594644
14.434156160550089, 44.41356842652028
73.55640974940408, 111.28750047570233
77.24641629546876, 46.65667892576868
55.1929931527831, 163.97027215775577
49.66835376868012, 57.6061342564655
78.08952818067296, 134.4777527123785
23.617360167334972, 147.88125654381378
97.94986332409358, 175.6645243148898
35.07526546098746, 177.7244268534293
55.22896317067819, 30.65281830783057
56.7499527998943, 135.51670022792914
58.79123373411692, 90.27227908709747
19.503705571041174, 60.36997238231658
42.78768155403214, 156.46412702483082
11.549902650530154, 97.88128498309577
91.25828695285186, 128.23211676653023
61.758042631788776, 105.14331643742507
53.27741592935162, 131.71316137177575
46.29259977763284, 39.49956851211161
51.88149613122868, 142.86433636393414
126.9374995787032, 24.02814880240587
103.96020457719854, 175.3336963694462
172.37656477730815, 67.5059034861411
136.28370010134188, 187.26869160110616
175.8578857327068, 150.3266457230601
152.746909516093, 121.19591214018546
128.2739115284505, 153.8271780184887
174.083255876863, 111.14780939932815
126.47406753631894, 139.6699620073662
107.76556443846415, 14.743363335514825
170.41582863505917, 160.75722147383053
179.00870823974913, 95.51008060623379
138.88014473324904, 172.02011712824103
140.62555538141825, 41.2437629952368
103.59353635160423, 75.14593830118478
139.2195910191266, 15.02057356328541
109.23964176961137, 19.6320744738818
151.7079643481804, 24.302292004337044
124.41020859254654, 35.5429555486976
103.13891436486698, 197.6445130795648
184.81385283236528, 143.69775922535007
153.7041937226926, 163.09593131135648
129.0444526512356, 117.23474415860586
185.36075963515768, 60.594489623062174
142.550764362868, 122.5732803211482
103.31410677627449, 168.54745048994474
184.41239580848466, 92.0898961369637
127.3030569758041, 133.50269747671132
159.574859854272, 173.69034897683628
187.13736546103033, 127.58952341894569
182.28392410992228, 151.34373882722468
157.05371682941689, 123.64619332424154
139.0833841943723, 80.89022855090604
117.6048695906641, 187.33999183918124
133.96490814137724, 184.06162120238986
184.2038628714598, 153.63752114349705
125.13340488346907, 137.9115792490782
164.9859333067673, 32.86356732644249
105.31125691467801, 116.35412610084907
137.5735516814194, 61.07393259553009
163.88836417442735, 45.29692277272419
124.42432975592921, 33.44769320985033
168.76237942173302, 101.51080713439704
173.04205187187986, 44.40710820585612
163.7312630617456, 66.65972535729885
135.25338687024714, 48.7615128156081
175.58662492367014, 84.46675786118232
190.07097341159454, 128.61326811286364
130.77956104056943, 101.05396515316414
111.72216330323668, 180.07180173956738
143.80773041735665, 42.52968657360021
155.04314663278225, 155.4580731763246
117.58308625705844, 176.44334860729575
120.00706703369333, 53.92025141964576
165.29334731583558, 174.2696224971379
173.2936180603469, 138.5586466627159
141.90079431899372, 14.598393574945012
150.94933694505733, 48.419029409154014
156.4406854600215, 89.52559596114097
134.7185186358601, 16.66187831821624
130.28274738616835, 31.715023156473343
151.72220044381947, 45.8656757487004
122.75358370453124, 46.65667892576868
181.9369889513643, 118.6090581886993
150.3316462313199, 57.6061342564655
121.91047181932704, 134.4777527123785
127.76552361301698, 177.48152385379305
102.05013667590642, 175.6645243148898
136.90642220281214, 183.6439454379622
150.39662964634573, 37.3804417429274
143.2500472001057, 135.51670022792914
141.20876626588307, 90.27227908709747
180.49629442895883, 60.36997238231658
151.8402882800675, 124.12933466326021
188.45009734946984, 97.88128498309577
108.74171304714814, 128.23211676653023
138.24195736821122, 105.14331643742507
132.1415286956009, 89.38195986011304
153.70740022236717, 39.49956851211161
148.1185038687713, 142.86433636393414
