160
29.218079351094694, 139.64259937774727
43.65427152925291, 166.65011007716146
58.87392744811826, 107.45242666027146
62.769511203380354, 24.899270003562822
84.25155267388627, 122.50665284741696
17.778065984897307, 118.34967891735344
42.09042059284215, 122.99694645663601
84.48726310516736, 144.39049850485156
76.03616435259123, 120.12909679940984
25.50319352054864, 150.93994096659563
85.11729779258607, 58.48843318107384
68.55967883537973, 111.23251746619887
29.2965688606883, 115.07223701918628
26.518729648399074, 84.3251441585677
83.90312072098801, 99.74369946705283
59.65248666681031, 144.84888970095585
36.14507136190234, 77.90135920567214
99.61507049670614, 135.68528198559673
74.51471198347129, 167.87923048850635
57.97104340877277, 18.306472761001345
53.19324148702046, 156.51722339122193
90.93489062657757, 53.77163367997999
97.86454219053061, 101.36033177657234
67.019243997287, 64.93110148619783
4.026720465306832, 100.77007957935488
10.727391885018179, 102.3947076725101
71.22842201464033, 149.75974856572367
67.66986784628715, 179.4525454066602
75.14156552279168, 158.5360701094295
62.47046425196542, 162.352773739797
67.80053014963698, 133.26940458815892
80.18172483980494, 148.2591078002036
2.56601387437565, 114.35275318397402
90.36472438837279, 140.67178869981342
97.20410543386538, 134.51427743727814
77.80371173033097, 157.6569373527658
85.84450305368671, 178.34276591829584
58.27424981686279, 111.14903916812264
71.03137719071415, 24.916557137355568
85.18667865259832, 186.4642062777944
72.71220098519004, 13.15687222237858
27.410508383067356, 148.15008252989574
17.084060483185993, 74.74059058946905
80.04938037388143, 77.49432182320109
81.07735450018215, 134.17122796424007
99.90920278490712, 105.42608214600824
70.49465106118339, 17.59583003257623
28.618069299615946, 51.8574750907163
89.65645069457648, 117.14274392237208
56.345878563539856, 101.48459159427708
46.576971198324934, 23.046508945412715
31.44611456742116, 51.43931432412023
12.900937771266241, 129.82051467040557
75.71691931166787, 165.2650602487547
70.57562216901567, 27.716086327915
51.4437191770133, 174.57690114057664
96.8216888903923, 159.54019446677088
37.081995981734764, 94.72374404214831
88.29653589278243, 186.09048542113086
90.6247523725032, 9.29657615119135
19.353549019566973, 136.81819118180152
54.166039716069356, 119.50425257238355
22.67273715622502, 102.71156458118796
67.67954249791839, 46.218511981841374
49.52253900104394, 147.63023630727096
14.306245126633499, 116.8964211572254
11.957164224126771, 58.43544587008136
83.4132428318962, 185.09998827872502
61.63221681698244, 36.0812049636033
81.7063812879128, 45.3387424841035
1.7636655425363745, 94.8453910429693
2.3741770861497646, 120.73336478274281
56.914473889139785, 83.72284678026047
34.09863779387988, 123.13900508574889
9.90562303367991, 118.13675596264463
8.132307583883625, 117.82470625707188
79.12631158576475, 6.748433125542941
90.94841001671041, 89.05946276421209
70.4579054931332, 145.16406747641693
20.788186147780173, 95.33792113071212
170.7819206489053, 139.64259937774727
156.34572847074708, 166.65011007716146
141.12607255188175, 107.45242666027146
137.23048879661965, 24.899270003562822
115.74844732611373, 122.50665284741696
182.2219340151027, 118.34967891735344
157.90957940715785, 122.99694645663601
115.51273689483264, 144.39049850485156
123.96383564740877, 120.12909679940984
174.49680647945135, 150.93994096659563
114.88270220741393, 58.48843318107384
131.4403211646203, 111.23251746619887
170.7034311393117, 115.07223701918628
173.48127035160093, 84.3251441585677
116.09687927901199, 99.74369946705283
140.34751333318968, 144.84888970095585
163.85492863809765, 77.90135920567214
100.38492950329386, 135.68528198559673
125.48528801652871, 167.87923048850635
142.02895659122723, 18.306472761001345
146.80675851297954, 156.51722339122193
109.06510937342243, 53.77163367997999
102.13545780946939, 101.36033177657234
132.980756002713, 64.93110148619783
195.97327953469318, 100.77007957935488
189.27260811498184, 102.3947076725101
128.77157798535967, 149.75974856572367
132.33013215371284, 179.4525454066602
124.85843447720832, 158.5360701094295
137.5295357480346, 162.352773739797
132.19946985036302, 133.26940458815892
119.81827516019506, 148.2591078002036
197.43398612562436, 114.35275318397402
109.63527561162721, 140.67178869981342
102.79589456613462, 134.51427743727814
122.19628826966903, 157.6569373527658
114.15549694631329, 178.34276591829584
141.72575018313722, 111.14903916812264
128.96862280928585, 24.916557137355568
114.81332134740168, 186.4642062777944
127.28779901480996, 13.15687222237858
172.58949161693263, 148.15008252989574
182.915939516814, 74.74059058946905
119.95061962611857, 77.49432182320109
118.92264549981785, 134.17122796424007
100.09079721509288, 105.42608214600824
129.5053489388166, 17.59583003257623
171.38193070038406, 51.8574750907163
110.34354930542352, 117.14274392237208
143.65412143646014, 101.48459159427708
153.42302880167506, 23.046508945412715
168.55388543257885, 51.43931432412023
187.09906222873377, 129.82051467040557
124.28308068833213, 165.2650602487547
129.42437783098433, 27.716086327915
148.5562808229867, 174.57690114057664
103.1783111096077, 159.54019446677088
162.91800401826524, 94.72374404214831
111.70346410721757, 186.09048542113086
109.3752476274968, 9.29657615119135
180.64645098043303, 136.81819118180152
145.83396028393065, 119.50425257238355
177.32726284377497, 102.71156458118796
132.3204575020816, 46.218511981841374
150.47746099895608, 147.63023630727096
185.69375487336652, 116.8964211572254
188.04283577587324, 58.43544587008136
116.5867571681038, 185.09998827872502
138.36778318301756, 36.0812049636033
118.2936187120872, 45.3387424841035
198.2363344574636, 94.8453910429693
197.62582291385024, 120.73336478274281
143.0855261108602, 83.72284678026047
165.90136220612013, 123.13900508574889
190.09437696632008, 118.13675596264463
191.86769241611637, 117.82470625707188
120.87368841423525, 6.748433125542941
109.05158998328959, 89.05946276421209
129.54209450686682, 145.16406747641693
179.21181385221982, 95.33792113071212
