96
83.24697634805152, 149.85294160686945
82.03896731759842, 89.03934902816593
42.2480969726019, 79.42403774302684
72.94288971969495, 124.03447939583077
15.415598315202207, 59.06682630631808
97.58058493179735, 111.71061256186819
66.12442779280727, 123.71694627807568
31.872372234849365, 127.83407459663523
38.304489952454404, 87.56708497277354
96.24506696479914, 43.707210063240524
95.59474443775285, 72.13588096467241
29.572026691169008, 116.86617842942404
86.10795840690126, 18.58211538993706
48.72232677451927, 114.06417956848904
70.49658362280455, 34.04260464777338
28.87046362486845, 137.7684597620645
126.69716051702919, 65.43459670307001
168.75152815972453, 71.29902640430383
116.75302365194848, 149.85294160686945
137.35481342574602, 34.19910894188196
125.1013410242153, 56.218263282655116
121.15473912666947, 152.79090146637606
117.96103268240158, 89.03934902816593
126.34459400624498, 94.8147031811164
178.98035726194877, 82.383940897811
129.65643751730607, 145.1350687799448
151.79269463647097, 19.464371384313672
103.38831282856262, 23.150731384010868
163.4308459220352, 122.70116010269483
122.88898525337481, 57.40638773895803
123.49669690142599, 179.3749467411018
161.14037503071324, 176.4780104437387
157.7519030273981, 79.42403774302684
142.30393948347412, 143.39573464936404
195.78837594576925, 116.48170992620419
127.05711028030505, 124.03447939583077
184.5844016847978, 59.06682630631808
100.44989460603901, 132.01489383938247
121.90879977374105, 150.8041994136744
102.41941506820265, 111.71061256186819
113.2319850213213, 34.32904128236798
118.08397619259942, 45.922920907669386
107.0600153132077, 22.24799888305682
179.11798765262486, 158.25129464550093
192.91675374487417, 121.8859465604869
184.65560081163707, 127.90588527092982
125.67279437219997, 40.6622022120479
125.95141248786375, 99.35077396398526
133.87557220719273, 123.71694627807568
168.12762776515063, 127.83407459663523
117.55702363534337, 127.2830976795567
118.7310094335323, 26.89628154175614
145.87345417112547, 26.634026261530728
101.78998019071936, 180.3344281772994
142.279171600639, 166.3246122895535
145.74164129348526, 157.27406675000026
118.01842143728878, 195.0147741206648
101.88692058391727, 67.21367853095505
161.6955100475456, 87.56708497277354
137.45637649672764, 92.33147063932618
139.2545035569745, 58.97518933848518
136.9108981659278, 170.74316023335066
115.34418057938693, 169.593804585655
182.12997217904808, 108.03002973819977
137.20089041273283, 135.21692882432995
155.34610214658466, 119.84093465674393
103.75493303520086, 43.707210063240524
175.41486912278168, 159.860925091798
118.66285373125396, 70.17831901797156
155.30435680055086, 137.9226103313979
104.40525556224715, 72.13588096467241
170.42797330883099, 116.86617842942404
186.77505842235237, 69.05888980630922
142.8219054408324, 70.86791186854002
161.2982321864405, 112.27028103532162
133.28994307399, 72.58115882734337
105.0229969379406, 173.31240660624965
148.10122192428673, 76.04866783519766
124.64513429760937, 175.9557798768661
132.2681820267199, 115.07134599022896
160.35678095757189, 50.92566369710367
143.11295967875506, 33.98692408948254
113.89204159309874, 18.58211538993706
151.27767322548073, 114.06417956848904
169.2765681398052, 80.38005983432402
183.25855967861426, 145.03952245738537
124.81727266018912, 24.566168415486356
146.54344943311185, 22.13412603121072
167.47853315906895, 65.27542039148373
143.55301435008874, 124.21479130308872
111.86089309517172, 168.06859258208564
132.55326769633868, 33.85472498717217
192.34393847023705, 85.35616896503369
129.50341637719544, 34.04260464777338
171.12953637513155, 137.7684597620645
133.44150614574278, 137.98056877591324
