160
80.87715363576038, 150.20428713521363
40.636517678825456, 114.08716608332968
76.05722821621049, 148.25466004952574
66.21097357864056, 53.263777614045026
10.610788532426344, 56.768048101777055
82.83421073629945, 162.3836504564009
76.6100515492549, 87.93130771313577
54.32927274528168, 55.60347800582761
13.87477145422504, 26.31969910448869
96.60226188400371, 85.13988143875196
26.148956784236066, 157.5327752693741
78.30510547851914, 154.9298581052006
71.9053763003955, 68.95124507449295
6.367357347360638, 81.58402237400482
81.90366123574745, 24.722600422797512
78.72900268668167, 47.79460351747515
42.0139154181895, 45.165060809160074
67.3625367110807, 174.4439544185423
55.479813253316465, 178.8393065220165
40.02145480533431, 69.56261057696908
72.56341342175186, 43.64682447611368
35.773003836540504, 148.89641831332517
94.19174048171824, 129.1098024980241
63.002328211398705, 102.59525690131836
52.02168921957203, 100.94715205021491
30.89672495426931, 131.0554853818787
71.46224919699276, 138.97339684664473
22.999768500496018, 87.92314837418226
83.16385486268226, 104.50659141087664
66.75357876439242, 101.61809722489468
42.96499649587634, 63.32977418342833
41.18896942870045, 139.44458115293534
62.32527664024155, 36.44427836185207
90.51728555449176, 93.08261976654659
76.99145408464763, 156.01303767266833
42.73587416679942, 85.1375161607468
33.574233415806276, 31.927784487096524
73.79621297746121, 9.956017945623417
26.75647357509716, 75.16634222665004
12.393929286724386, 68.38395789582324
41.6093646790159, 148.6317260431935
3.6911796353196493, 166.3295740743115
26.966130568560843, 100.5787185629663
29.01080363381726, 48.43377494410363
35.142695061570386, 140.2313578407007
27.03206443273391, 87.81814061864054
69.88170914497127, 25.799109479880087
21.055687058946702, 105.66212596581734
95.36799356363574, 177.6372520967334
80.58898219966224, 175.96356714898388
82.96650061824194, 118.49347646262976
63.740009430251675, 105.60050961081016
92.256412569721, 8.679505039890259
60.86486793862672, 9.34280030487522
32.14804808227111, 142.4574788819583
17.380091782952633, 199.0550138516802
86.92305800481307, 123.08090320413692
91.61016070183139, 45.66781943999895
78.75437944893156, 115.88379776523976
68.28316479308441, 176.83597109834346
14.908986389707568, 91.54237782992647
68.50462099570235, 15.587037692406614
53.11226543123053, 73.54923866249281
66.04734510387915, 69.61675087452433
58.019794224817424, 112.18895749563241
5.54339619807299, 180.25153432103963
78.94257601191357, 194.90982834535185
9.218066234650335, 138.22115373704617
13.086411860707802, 108.87531716244216
62.53711961253677, 68.53749291428582
48.37365460627963, 67.61659505431128
14.5844126325539, 132.6154393226354
90.7045434903081, 57.08626579570317
81.85157093570577, 76.10821075202217
87.62101622914817, 115.73839981234242
79.70991839802495, 182.31957909448514
89.26869615601025, 37.04644757383977
92.27370214710751, 108.9386785206346
43.84477662267064, 76.81147855777033
5.545838228147147, 164.06569837893406
171.1311614034532, 165.16747077313553
113.34456314453662, 153.2287704355608
101.24104205646988, 74.45019493631067
163.39357690801714, 112.4429188871872
187.39147632936206, 85.89774003836352
108.78055049950382, 156.27557605421242
155.44205290467664, 19.71402086958909
145.67072725471832, 55.60347800582761
140.1775227845181, 62.834165935754925
155.14568249808804, 99.46435841824737
178.64807150531325, 149.0355800990145
121.69489452148086, 154.9298581052006
185.89169599010603, 124.84796105918632
122.27966643001467, 68.72707172199037
140.77586483502577, 37.243794746189394
121.27099731331833, 47.79460351747515
157.9860845818105, 45.165060809160074
132.63746328891932, 174.4439544185423
144.52018674668352, 178.8393065220165
169.85317466857714, 78.57535167514644
127.43658657824814, 43.64682447611368
126.14940982004933, 192.37815653320064
140.10452462479134, 160.1523693026662
136.99767178860128, 102.59525690131836
136.0391618677313, 49.9745873783787
148.32154283417069, 134.09746558605994
151.96433027094113, 129.84448323355997
125.66337295274283, 165.07555145311238
189.9237688529951, 78.9890571771885
133.24642123560758, 101.61809722489468
154.92820727588807, 136.18787128951823
158.81103057129954, 139.44458115293534
137.67472335975845, 36.44427836185207
145.92962898059812, 46.903319589522226
123.00854591535237, 156.01303767266833
168.08460593482948, 73.89132190092656
166.42576658419372, 31.927784487096524
145.12891061317077, 13.44979540547624
100.48171582454903, 61.72569924056142
147.57738826262624, 44.211462528259936
144.0228860633194, 87.64116376323132
158.34031442669433, 90.51789557685335
120.30799694420931, 151.99318095287083
170.98919636618274, 48.43377494410363
189.9360708140884, 104.38783246783649
143.60011563533328, 35.65475463118231
130.11829085502873, 25.799109479880087
178.94431294105328, 105.66212596581734
107.51666254977827, 194.58411441609678
104.80867272719854, 145.479375684628
108.54338839441486, 141.7011565691678
119.70916698534772, 91.33600186105231
160.6623912928522, 60.57439157877715
139.13513206137327, 9.34280030487522
167.85195191772888, 142.4574788819583
111.25351449758499, 154.4274748680721
113.07694199518693, 123.08090320413692
167.78140721019082, 103.8205697406079
134.29675127688935, 49.41787694390707
123.8801168747658, 168.89056098037196
185.09101361029244, 91.54237782992647
131.49537900429766, 15.587037692406614
123.95317558287707, 106.98861438112992
183.65100987689738, 129.18237187828808
193.1893940828012, 72.89712630761072
161.60072206763255, 123.7399245159631
121.05742398808643, 194.90982834535185
190.78193376534966, 138.22115373704617
186.9135881392922, 108.87531716244216
137.46288038746323, 68.53749291428582
151.62634539372038, 67.61659505431128
185.4155873674461, 132.6154393226354
109.2954565096919, 57.08626579570317
122.30846900661, 113.6129714452535
112.37898377085183, 115.73839981234242
120.29008160197505, 182.31957909448514
110.73130384398975, 37.04644757383977
107.72629785289249, 108.9386785206346
135.68526721283746, 101.67246845612338
181.65194548657888, 139.95250848846203
