224
93.28902548596028, 121.26905434697674
25.036470902237085, 80.98222318456727
25.348412092851113, 147.29646199091263
70.8875199293377, 161.58927326283523
85.61462363571893, 85.55083271606279
95.48196314242932, 85.82663052458304
89.77726465802772, 17.029197149264586
18.98583422645951, 104.85328079165622
81.80026096315703, 182.31975805286095
69.06322656575786, 134.7357120896327
47.62204669101968, 73.28353531924708
84.48007327478099, 114.19696434334399
77.53267120904435, 113.72451560917607
94.47034168660619, 144.782814960894
38.06231658942061, 53.3692625675388
47.52102273069189, 76.18578663365922
53.65118901204692, 169.36403280695663
93.43367401100285, 100.91379153582068
56.33224965360869, 87.83677944624597
7.406684909443461, 63.07077794512481
97.08532492057878, 90.4921369995889
72.6301216761392, 190.17213084971598
86.0038938984264, 135.91688091334407
93.30139427754735, 19.920229834888815
66.29340840588574, 56.95436590491223
75.73883579210798, 67.35885582418713
93.36682686848718, 62.0866245172248
4.222000449230134, 83.3921341815009
9.152492600946506, 59.06948327320687
70.09688262020978, 180.40245298459584
43.62376743115524, 20.486237431591103
67.18138983455634, 35.103689482023846
43.21328637254257, 85.48240195849961
75.60365485077754, 195.38553499058688
11.331048823378731, 77.23172908190519
32.394431171564634, 78.39767829638551
85.79237884487354, 76.27149046101293
32.44978563076067, 109.43427491004589
73.6754695798015, 12.201328675781586
68.85098994178574, 131.41076448450738
44.951326838600245, 45.06858053586205
2.9095611493908824, 105.73058887712467
42.45785389138602, 38.17938362589839
54.56086071637699, 88.01830134101512
6.163583814705609, 90.01969765335707
93.34848002815279, 124.2846915022443
70.5117349844447, 184.86559249334002
87.15687993470769, 101.37445928603255
37.44423715801572, 116.14359878843202
92.51989744493623, 11.596005898384254
96.47927078120966, 34.49161112776462
91.91719913003091, 160.3681994498567
29.416940319543283, 87.97867140237807
59.82658561924541, 170.71359843423244
57.92152929233587, 175.76955877504335
90.31764494328456, 83.71086734966924
12.35550966499559, 74.24769976491012
26.597581034574468, 155.74364350118915
97.68917314380725, 21.6144559157885
51.93364760449318, 74.3502109633305
68.86598682237259, 30.84339423320621
85.93670506555111, 91.2743499685161
26.800966840454166, 164.5452214423626
76.16470847638253, 156.22126177050052
57.67913226222971, 141.85630551512767
63.418181070270485, 65.24644141153821
58.41383676760958, 69.61081502856597
61.523522824804225, 131.3474419179577
53.41415103735733, 44.65937363357813
39.676911612857225, 168.46478939566842
50.01336011206965, 109.45729448772087
68.69591283172086, 145.5497764368636
53.63330167785043, 37.90518545601724
50.88320192709921, 172.1317280840469
9.347512637319378, 80.77167307284583
60.50139332190283, 44.94301819901201
60.7015450961792, 172.3927070064715
75.95292515667711, 187.71032179439294
37.35179376522143, 59.00548915094739
86.74122826539174, 132.9726128363141
54.212407949805176, 90.51432286295508
88.12541000579427, 111.69892473593464
57.408576317851626, 126.0180712027144
71.26282611362392, 155.41944596653758
88.08757107224548, 185.87827316549271
31.848509518216062, 171.67073459292982
31.248700828278853, 188.0930600031995
71.91194038548595, 93.94138793597119
48.36625355179815, 51.105524502371644
39.78897474513179, 71.86121985985874
24.183790333136614, 118.60800208882118
84.23938498049037, 156.6170404173257
35.09335584891363, 41.033301085096554
53.39648450848971, 131.79581404998223
19.272064808419877, 17.818729327802394
8.91505212549264, 173.1216654273062
33.239050300748005, 143.00898314732373
87.96617649379425, 65.34225652072405
65.62274031436573, 40.54544894823886
8.911588000873783, 142.31132160468167
99.9430792805382, 115.10550240875514
25.59433084946915, 191.72265904113777
39.804891790891375, 38.8393558911881
80.0001229784791, 163.22766280650455
23.38647630660975, 82.86024981484377
74.71357627857054, 163.18797561185698
36.480615938126114, 34.41425901072503
10.57990409866626, 26.598729451161574
70.30404230057911, 193.04580565426022
41.126210109522574, 40.51278916275582
22.251352645978393, 119.1196357335815
27.425946962172965, 79.38876670430359
28.918165365729052, 158.56678839551262
45.08657464874203, 72.98388258164256
42.399896485676805, 3.265400802698082
62.204608414161996, 57.732200833037204
16.13712669807089, 173.88579140094777
6.693161531140812, 25.822480395182335
25.02879194875828, 3.433703825213774
24.804074549097578, 199.52273339586375
86.44807204800912, 50.1926743643647
63.50603972284797, 33.55179706499971
87.25541155077772, 79.22443427230866
50.47714908640686, 37.77664618579644
56.508244462401045, 14.16455714567153
45.995107427449476, 174.08683950212043
57.03784808044847, 148.2919283649401
88.71790546883162, 125.78514257892061
36.868292232273014, 137.18450813967522
36.24323010041791, 29.70107936846844
19.096053835011194, 12.658531629927694
66.9290481462634, 134.51947329427023
37.08217433622853, 123.64853310212816
6.787703272043855, 2.1216250930639724
81.71650229913934, 144.77467979567348
6.281707634277922, 87.12682655625774
3.624496639435393, 55.51816200024269
76.61436434222276, 20.175529677155126
2.8998382802621014, 139.48290930087592
15.331897013410757, 44.02815006096685
56.02342471567005, 157.06070592370045
71.43709424247469, 79.6678280251331
4.533536429159235, 194.78639090439324
37.71806027258457, 99.93406863731127
106.71097451403972, 121.26905434697674
174.96352909776292, 80.98222318456727
174.6515879071489, 147.29646199091263
129.1124800706623, 161.58927326283523
114.38537636428107, 85.55083271606279
104.51803685757068, 85.82663052458304
110.22273534197228, 17.029197149264586
181.0141657735405, 104.85328079165622
118.19973903684297, 182.31975805286095
130.93677343424213, 134.7357120896327
152.37795330898032, 73.28353531924708
115.51992672521901, 114.19696434334399
122.46732879095565, 113.72451560917607
105.52965831339381, 144.782814960894
161.93768341057938, 53.3692625675388
152.4789772693081, 76.18578663365922
146.34881098795307, 169.36403280695663
106.56632598899715, 100.91379153582068
143.6677503463913, 87.83677944624597
192.59331509055653, 63.07077794512481
102.91467507942122, 90.4921369995889
127.3698783238608, 190.17213084971598
113.9961061015736, 135.91688091334407
106.69860572245265, 19.920229834888815
133.70659159411426, 56.95436590491223
124.26116420789202, 67.35885582418713
106.63317313151282, 62.0866245172248
195.77799955076986, 83.3921341815009
190.84750739905348, 59.06948327320687
129.90311737979022, 180.40245298459584
156.37623256884476, 20.486237431591103
132.81861016544366, 35.103689482023846
156.78671362745743, 85.48240195849961
124.39634514922246, 195.38553499058688
188.66895117662128, 77.23172908190519
167.60556882843537, 78.39767829638551
114.20762115512646, 76.27149046101293
167.5502143692393, 109.43427491004589
126.3245304201985, 12.201328675781586
131.14901005821426, 131.41076448450738
155.04867316139976, 45.06858053586205
197.0904388506091, 105.73058887712467
157.54214610861396, 38.17938362589839
145.439139283623, 88.01830134101512
193.83641618529438, 90.01969765335707
106.65151997184721, 124.2846915022443
129.4882650155553, 184.86559249334002
112.84312006529231, 101.37445928603255
162.5557628419843, 116.14359878843202
107.48010255506377, 11.596005898384254
103.52072921879034, 34.49161112776462
108.08280086996909, 160.3681994498567
170.58305968045673, 87.97867140237807
140.1734143807546, 170.71359843423244
142.07847070766414, 175.76955877504335
109.68235505671544, 83.71086734966924
187.6444903350044, 74.24769976491012
173.40241896542554, 155.74364350118915
102.31082685619275, 21.6144559157885
148.0663523955068, 74.3502109633305
131.13401317762742, 30.84339423320621
114.06329493444889, 91.2743499685161
173.19903315954582, 164.5452214423626
123.83529152361747, 156.22126177050052
142.3208677377703, 141.85630551512767
136.5818189297295, 65.24644141153821
141.58616323239042, 69.61081502856597
138.47647717519578, 131.3474419179577
146.58584896264267, 44.65937363357813
160.32308838714277, 168.46478939566842
149.98663988793035, 109.45729448772087
131.30408716827912, 145.5497764368636
146.36669832214957, 37.90518545601724
149.1167980729008, 172.1317280840469
190.65248736268063, 80.77167307284583
139.49860667809716, 44.94301819901201
139.2984549038208, 172.3927070064715
124.04707484332289, 187.71032179439294
162.64820623477857, 59.00548915094739
113.25877173460826, 132.9726128363141
