144
54.59895628634464, 61.90663205704321
87.40529722098182, 147.65774573181133
9.920235359908524, 121.10871383964378
10.10674505993856, 67.673611251874
41.235268221899254, 143.55557786654495
45.460430747599936, 89.63114976438715
26.11961754361648, 159.08211444729227
24.24265214470639, 44.21987294365055
28.17371942946869, 154.18884190791812
14.274659805139123, 100.80280179000718
57.98932914788557, 123.83797761492619
47.106064303288406, 120.6177063877685
37.320707042106505, 122.72130740886362
91.53806130109655, 188.9768070984766
52.05862186922109, 28.591290653792267
12.886190125008401, 131.96783042369026
46.75899387229847, 107.19490885625278
95.84274715962945, 37.552688035125705
43.696179648096034, 65.39942688547214
25.518788833650984, 88.59626531909888
19.040663242652823, 94.56382492755625
74.83586348705683, 95.57459616350155
79.57226635085813, 40.51826795615507
27.35028261624588, 76.72996366334203
13.740933111636554, 118.62759279300789
73.67741549426292, 123.2625615346335
12.895016012618699, 94.03390655086632
1.5471995181634335, 87.90919324250821
35.51324856688494, 148.4564994929243
63.954594935424225, 36.75777224782992
29.96173322300033, 54.68344679100407
28.436328054369, 48.068947821403626
42.57465652819759, 66.59309714224324
90.70854945182964, 24.144009931191523
56.90930062544617, 19.823276655065403
7.450612861717976, 88.26918978474048
91.55240270470846, 87.0472731711833
97.91196578560604, 97.70182732652862
86.32167762867304, 45.19238005947683
72.72757537075215, 38.67258296219123
59.49391779293656, 30.274798334864062
55.9306918438155, 38.534619578794825
68.11197700011206, 7.918032156376564
22.021778154191164, 56.39870450130984
83.94271310704046, 195.1977585696668
82.75652051254536, 15.358333858712548
94.32780976596457, 190.7530180861557
67.25884211427329, 31.661146093331837
45.97674516955048, 123.40346254071848
3.0775133870822535, 94.23746420018828
92.9090662768987, 171.01411698010781
64.76522867788613, 175.11899276368015
93.06934969504927, 29.949230170564633
93.7941228670873, 160.1451697252991
30.828083594800493, 84.64018783730678
68.2466676821772, 173.97409636843884
59.407093791284936, 189.23701996823766
50.326275458605984, 91.07316844408572
74.6434789353685, 10.242781236421173
33.82633761897489, 100.72434522971692
9.667559654028302, 87.2602108277292
62.192115628709, 58.483737700700964
24.56821658165963, 108.91131816972988
65.7955472046173, 180.68202305433064
145.40104371365535, 61.90663205704321
112.59470277901818, 147.65774573181133
190.07976464009147, 121.10871383964378
167.8934447724137, 46.64207638211239
189.89325494006144, 67.673611251874
158.76473177810075, 143.55557786654495
154.53956925240007, 89.63114976438715
101.73279838667224, 151.4993638286598
173.88038245638353, 159.08211444729227
175.7573478552936, 44.21987294365055
165.37183176630393, 70.72645132461875
171.8262805705313, 154.18884190791812
185.72534019486088, 100.80280179000718
142.01067085211443, 123.83797761492619
152.8939356967116, 120.6177063877685
162.6792929578935, 122.72130740886362
108.46193869890345, 188.9768070984766
147.9413781307789, 28.591290653792267
187.1138098749916, 131.96783042369026
153.24100612770152, 107.19490885625278
104.15725284037055, 37.552688035125705
156.30382035190397, 65.39942688547214
121.55230873708913, 160.41968041462442
145.10845826115846, 129.50334346587093
174.48121116634903, 88.59626531909888
180.9593367573472, 94.56382492755625
125.16413651294317, 95.57459616350155
114.61452277198188, 62.24097157722064
120.42773364914187, 40.51826795615507
172.6497173837541, 76.72996366334203
186.25906688836344, 118.62759279300789
126.32258450573708, 123.2625615346335
187.1049839873813, 94.03390655086632
198.45280048183656, 87.90919324250821
164.48675143311505, 148.4564994929243
136.0454050645758, 36.75777224782992
170.03826677699968, 54.68344679100407
171.563671945631, 48.068947821403626
157.42534347180242, 66.59309714224324
162.00132948326626, 80.41514322912163
109.29145054817036, 24.144009931191523
143.09069937455382, 19.823276655065403
192.54938713828201, 88.26918978474048
108.44759729529154, 87.0472731711833
102.08803421439396, 97.70182732652862
173.32253876010088, 96.63330327576674
113.67832237132696, 45.19238005947683
127.27242462924785, 38.67258296219123
140.50608220706346, 30.274798334864062
144.0693081561845, 38.534619578794825
131.88802299988794, 7.918032156376564
177.97822184580883, 56.39870450130984
116.05728689295954, 195.1977585696668
117.24347948745464, 15.358333858712548
176.2672560116535, 142.96203452996022
105.67219023403543, 190.7530180861557
132.7411578857267, 31.661146093331837
154.0232548304495, 123.40346254071848
196.92248661291774, 94.23746420018828
158.68819580294019, 147.46835857171428
133.66573677934286, 19.37279850505369
107.0909337231013, 171.01411698010781
135.2347713221139, 175.11899276368015
106.93065030495073, 29.949230170564633
106.2058771329127, 160.1451697252991
135.82273908350763, 95.28424561318285
169.1719164051995, 84.64018783730678
134.71406385929623, 155.83664019122935
131.7533323178228, 173.97409636843884
140.59290620871508, 189.23701996823766
149.67372454139402, 91.07316844408572
125.3565210646315, 10.242781236421173
108.93780471738496, 67.3709613087284
122.9829365671758, 96.61957329810646
166.1736623810251, 100.72434522971692
190.3324403459717, 87.2602108277292
137.807884371291, 58.483737700700964
175.43178341834036, 108.91131816972988
134.20445279538268, 180.68202305433064
130.70038386361546, 35.39224756553714
