112
75.62762873296198, 85.35830081751863
70.54739966310521, 183.69262344425334
30.832087369345228, 119.78430049434292
60.1940807290162, 10.320830753521859
45.14691344595413, 39.379952162892494
62.2312407328328, 9.492443396866346
89.83533369590478, 155.8295407262213
6.1448849980102915, 74.12048902811819
97.78952130903903, 100.03030290362112
61.72706156959521, 130.4157080089817
61.6674207514001, 139.03708079011432
89.40593793248188, 50.89703936864915
90.83180621911757, 180.24593785274828
64.81670788099152, 32.09614074494429
51.31362774118673, 152.48963844200674
14.658635982612623, 115.89963810937323
25.84503859298577, 148.2715072228172
28.72950782229574, 112.82789473867719
38.987896912223505, 71.26587205910752
64.07023061234291, 190.79738084667008
84.49152007827317, 13.75883551224717
90.00123994091742, 152.895631521185
90.81452119821779, 39.496155080047956
15.479725335414873, 114.05424137316939
37.06124583542817, 63.19233707961642
31.248462717061752, 66.33575009749416
34.008272555745236, 128.89508959581562
29.799257851677385, 55.046172810355685
24.20231061521527, 129.4781791886185
16.778732234793615, 139.5916090451636
79.88716312021371, 146.8891833313716
22.04743301405521, 160.85911425460785
124.37237126703802, 85.35830081751863
129.4526003368948, 183.69262344425334
169.16791263065477, 119.78430049434292
139.8059192709838, 10.320830753521859
175.8413997834566, 153.19671082021986
162.27985721401518, 106.98124366443736
107.28965575011243, 100.17976417114711
154.8530865540459, 39.379952162892494
157.47182999985628, 42.21034052234789
137.76875926716718, 9.492443396866346
181.33692907363, 54.46630985799392
110.16466630409522, 155.8295407262213
131.93622317140836, 21.429363507534195
139.18518154358497, 30.49768840403333
101.86166521296843, 129.22915823266908
109.97589033045986, 161.61422069117398
193.8551150019897, 74.12048902811819
115.45224481587024, 142.09792252723793
133.47815850058203, 84.47232976529682
102.21047869096097, 100.03030290362112
138.2729384304048, 130.4157080089817
138.3325792485999, 139.03708079011432
110.59406206751812, 50.89703936864915
136.2496061870501, 34.013558476113495
103.31541460467717, 94.19849732716385
109.16819378088243, 180.24593785274828
182.45103111065845, 51.141270502808325
141.81336474933477, 50.77192745662058
102.10712983445177, 156.02917118529288
135.18329211900848, 32.09614074494429
148.68637225881326, 152.48963844200674
133.80627286814504, 98.80050103533561
185.34136401738738, 115.89963810937323
191.04963981929032, 125.77989882974198
174.15496140701424, 148.2715072228172
145.5145576884899, 63.688407433467
186.82366982206568, 76.30167148152583
162.31588641232074, 143.289025430762
119.66389980032565, 80.0359441706448
135.78219681212036, 45.859414298437514
160.01968501420572, 109.96005655623568
110.33783201334926, 147.5367058459252
171.27049217770426, 112.82789473867719
141.1504870170712, 175.07632431860577
161.0121030877765, 71.26587205910752
132.6528401383328, 77.70262690215468
153.86323353810099, 119.95851498725915
135.92976938765707, 190.79738084667008
165.71324302748286, 169.71518909651252
115.50847992172683, 13.75883551224717
125.31281915540865, 150.83851849412324
109.99876005908258, 152.895631521185
187.3958556054341, 97.52283838889906
109.18547880178221, 39.496155080047956
168.63279927517067, 39.447604685279146
149.66471251033485, 163.27227516036876
184.52027466458512, 114.05424137316939
106.75388460038442, 32.3743362920647
131.14438114990617, 89.00268085203481
162.93875416457183, 63.19233707961642
186.5190556813688, 65.25165379744232
145.12586100163318, 113.03234244631986
115.89518803100869, 158.14241371941446
138.94714674176726, 99.28664576066981
168.75153728293824, 66.33575009749416
165.99172744425476, 128.89508959581562
150.36853845829683, 80.82008181682386
170.2007421483226, 55.046172810355685
175.79768938478472, 129.4781791886185
149.75906830027137, 19.60332796733999
168.73579859916927, 56.548737318599976
130.41629326710566, 102.25636820928142
118.46705389203481, 120.19392749889796
183.2212677652064, 139.5916090451636
151.44784015313834, 93.48989730651735
147.0313127007732, 171.61570165725834
120.11283687978629, 146.8891833313716
177.9525669859448, 160.85911425460785
192.36956404558615, 98.86515924474382
166.02933912606193, 73.82702835937909
