160
71.54383336372109, 104.49277401228582
16.606520405350857, 51.67633141442345
66.01030341661183, 52.0574550038164
94.47593847512617, 9.608969577759495
68.79382400104465, 156.07805425330665
91.02836648776402, 120.58382947028687
55.85627160766198, 162.38185219718602
80.58915507820682, 126.46300166562044
91.25974426297815, 197.42085024427993
45.16186040299864, 33.38512415786325
68.34535210811642, 158.56340624482138
49.490015156148736, 34.39291459665221
54.845650007300314, 101.06529998380232
20.391394491383892, 87.33962590077658
33.77278045735047, 136.49921672176728
91.29811664985151, 147.2322495393767
83.80346412174568, 64.47773007069806
63.639350162100584, 73.14734048196804
45.52844871490501, 179.24014695276784
52.03050177958446, 20.873403633011065
75.64563039726218, 88.87630227551713
91.20360870077617, 130.32709719334017
35.616337060955296, 139.56235446100092
94.5942192512739, 64.55503963610714
79.48990590352945, 29.62970415917008
54.227975658336234, 118.50324758107993
37.49281759708511, 105.46860928195497
53.26645336898495, 53.495490421994084
23.617919160207133, 152.57727747310648
26.433401902317033, 68.25584085380069
55.35394202476501, 11.612259914608362
43.73689506968525, 181.9007207635521
30.728628233517007, 42.50061338247988
83.37672109172723, 89.89378175942038
40.632209322197276, 56.76146164730505
7.207736306142145, 38.76279534875928
92.32594309947035, 55.49701473617932
52.668206116540716, 2.1880238719392002
85.27075602259914, 158.25963945390183
16.787670593784032, 115.31072073481803
67.19040105539773, 174.48332896699304
31.84139761927267, 45.37605601413366
64.56699494702511, 150.58352228562802
42.63568602105403, 105.14534380637868
61.5707428477507, 106.22606730606515
33.612895489392535, 62.14140112714257
74.12668151379707, 161.01282346377383
79.22495739723139, 106.76050383443803
80.51828943029244, 52.98263204276699
43.03411575302268, 118.13842450461031
59.48888462638939, 38.42436612757214
99.93748905424118, 174.61049065788742
53.5365833089224, 113.00119591943307
29.66294903905895, 127.92709081349469
83.54007188785152, 28.688798887001997
25.94978462089842, 71.01420806848431
91.46189275305716, 31.706992913624532
57.45248985212472, 134.25072892562588
8.997488239336509, 66.59336345848503
35.83826369442412, 145.12559323296793
22.121024343779904, 124.21459067673663
26.46233900197008, 184.66364472058646
34.43354451982168, 163.015934636409
45.52824671671182, 36.02442890452093
55.427086282781616, 138.03854459951663
21.548481641560645, 48.378030793949534
78.51889587225637, 27.990200864620896
98.88569510275343, 188.20682630237502
37.03912132419881, 129.64637731636398
37.80854623261158, 109.02363162933821
69.75695483299693, 108.07149291122033
70.044918055569, 163.07913321081796
87.92579401394119, 77.53522913900147
47.05086155478318, 36.528804412641215
35.2808422516968, 87.88152992476026
90.6666868316411, 13.231812093147521
80.22166592683863, 168.27625665724116
95.18867908013937, 185.43322807204078
75.64205557664754, 28.69617875853634
73.20202610871284, 92.7499045320711
160.52034159964833, 156.92181371146617
183.39347959464914, 51.67633141442345
101.13631580409232, 1.297913028672082
103.18852166207199, 12.481908681449937
131.20617599895536, 156.07805425330665
108.97163351223598, 120.58382947028687
144.143728392338, 162.38185219718602
144.61066272816146, 127.22654657362513
171.49732516543105, 132.47944257902796
154.83813959700137, 33.38512415786325
131.6546478918836, 158.56340624482138
150.50998484385127, 34.39291459665221
145.15434999269968, 101.06529998380232
135.6889350060746, 129.54374416334562
146.93508381459898, 176.70835642089864
108.70188335014849, 147.2322495393767
116.19653587825432, 64.47773007069806
136.36064983789942, 73.14734048196804
154.471551285095, 179.24014695276784
147.96949822041555, 20.873403633011065
124.35436960273782, 88.87630227551713
108.79639129922383, 130.32709719334017
164.3836629390447, 139.56235446100092
105.4057807487261, 64.55503963610714
120.51009409647055, 29.62970415917008
145.77202434166378, 118.50324758107993
162.5071824029149, 105.46860928195497
146.73354663101506, 53.495490421994084
176.38208083979288, 152.57727747310648
173.56659809768297, 68.25584085380069
146.71269231943788, 11.852408784245515
156.26310493031474, 181.9007207635521
169.27137176648299, 42.50061338247988
116.62327890827277, 89.89378175942038
159.36779067780273, 56.76146164730505
130.340675495901, 31.850456951937645
107.67405690052965, 55.49701473617932
100.68833375990002, 7.356282610509957
114.72924397740086, 158.25963945390183
183.21232940621596, 115.31072073481803
146.24018218281202, 155.9660921060277
168.15860238072733, 45.37605601413366
135.4330050529749, 150.58352228562802
157.36431397894597, 105.14534380637868
138.4292571522493, 106.22606730606515
166.38710451060746, 62.14140112714257
125.87331848620293, 161.01282346377383
120.77504260276861, 106.76050383443803
119.48171056970756, 52.98263204276699
156.9658842469773, 118.13842450461031
140.5111153736106, 38.42436612757214
100.06251094575882, 174.61049065788742
146.4634166910776, 113.00119591943307
170.33705096094104, 127.92709081349469
116.45992811214848, 28.688798887001997
174.0502153791016, 71.01420806848431
108.53810724694284, 31.706992913624532
142.54751014787527, 134.25072892562588
185.51301741378705, 112.84832550955011
164.1617363055759, 145.12559323296793
177.8789756562201, 124.21459067673663
143.6529069682481, 168.35599018738012
165.56645548017832, 163.015934636409
154.4717532832882, 36.02442890452093
107.24019539739508, 68.31489621249615
178.45151835843936, 48.378030793949534
121.48110412774363, 27.990200864620896
101.11430489724657, 188.20682630237502
162.96087867580118, 129.64637731636398
162.19145376738842, 109.02363162933821
106.59739758904703, 45.37582994652914
129.95508194443102, 163.07913321081796
140.86587129908085, 21.12025360095884
152.94913844521682, 36.528804412641215
164.7191577483032, 87.88152992476026
109.3333131683589, 13.231812093147521
119.77833407316137, 168.27625665724116
104.81132091986063, 185.43322807204078
124.35794442335246, 28.69617875853634
126.79797389128716, 92.7499045320711
