80
113.15218801181409, 164.9389017461512
164.7282204669492, 131.2181275903774
150.44074920495842, 52.552719862942254
155.8594699937292, 111.72648018999804
125.61209736527155, 127.28787438610681
168.23866294791185, 103.92327111350245
153.8695598180224, 116.55094316796917
104.89270924513761, 195.6908081121779
164.2314553466586, 115.51576743309684
167.8679158995808, 101.08763747043513
116.71280071717621, 191.00489147898475
143.58522019439027, 102.01200111053777
146.1735044230211, 130.98226167110397
127.4947843140838, 113.26471294195824
156.1539639799803, 34.29745147557788
128.87608464675392, 37.68656051437054
150.045812771668, 143.3575175236568
100.6847850287255, 171.10829193474896
175.36281965950337, 81.06247807105065
188.78110525620016, 125.7870287783715
109.75821049727517, 158.51874479502155
175.27390334827442, 118.65864584330576
175.59615807687416, 157.4535132989675
139.0593190599569, 48.20784629591566
109.46579304814922, 97.93492843454293
124.81502509010782, 89.34038500504415
111.46816088092689, 134.3386126118078
129.2099843034384, 124.04257065016262
164.04049618360187, 49.42710423730521
100.66493162852208, 194.39980314524738
194.37339360495181, 81.81773252835647
196.58186906642712, 113.56070888159199
121.538594310446, 62.10598748441964
194.33431583577095, 110.39338085120976
156.0975305658397, 32.34444972646771
158.35770796653577, 60.528727105333104
180.84345409798303, 47.358582912996305
117.45075132683203, 6.981082816851214
121.14834154428733, 141.10398654913087
180.24986958098862, 132.08778059284646
183.25894236850135, 71.37629651550674
139.03621403762205, 122.81276632234616
154.83113972463366, 82.30247882732928
170.80987039652825, 165.50486538905525
112.37240911623987, 77.1394259636916
188.93539617023595, 60.015452337476475
146.4557453511895, 21.993176859730546
133.52769603164865, 144.79254415098515
165.7919647299344, 103.73438898039792
122.41521561513707, 113.12668701544393
137.3495129313092, 144.2042659301688
134.80468148596816, 59.84719870506163
117.92263272293361, 4.220977392687764
106.87317128730821, 36.839603066308044
103.42458917264412, 91.61645255978922
131.96031466998426, 192.14197008294133
123.33949276645033, 140.04473061254274
132.5298269677678, 141.43246701481365
128.80840378702632, 160.3037558957791
153.52010332925224, 28.855422188348978
151.58500131836405, 149.11647643829076
137.68425069021276, 158.69503485248268
163.3019997598579, 44.89821878343552
138.39009502495395, 51.53375950904573
165.0620339657283, 139.28874000791046
141.94789118505403, 119.64056582829107
172.0539064548671, 130.48959710500029
114.4655095109266, 147.8834387937266
110.29628475033122, 59.93331329092428
104.91461968674322, 58.99113089599724
137.38503994188, 103.30098930749018
158.63325452852484, 52.54825280662676
168.00075208074134, 48.69033369417639
154.23200521418434, 63.03027327121418
175.6032204746895, 69.37520285670034
131.0622718833385, 161.26307282626712
117.34672709339394, 194.12158323403477
117.12410692913022, 70.14716599522536
165.82323710282446, 86.40234419583963
155.98947384669, 180.89265373404655
