176
97.96352005539029, 83.78669170389621
49.8385500961404, 31.777799334494674
81.00811795308772, 86.54633397968414
91.95478826772742, 132.66022405671555
46.77798638191436, 182.42435836462866
8.571823130171808, 126.63754318815276
12.77607797193372, 135.48922303975115
53.86828530637386, 181.0090179248614
94.60822557147004, 110.46304396305561
60.64585462595537, 115.02941006476635
84.96946650932912, 65.4246912544862
31.23232514797859, 132.96794092848162
99.56053358344501, 184.98492514444237
77.13466239143457, 77.63512791287319
20.391467332824643, 76.58903181198151
47.335914923981015, 144.0372885419875
17.423234989695537, 110.38614731461863
9.556966470572537, 86.60353069651252
13.553829697643248, 88.94919261012262
18.05732366628061, 51.54766469465335
77.76984595848656, 47.673143846256515
8.9583246069738, 63.036606354109615
0.9742796778111185, 112.73248209255493
94.55786739149514, 187.0725949072286
52.661753382030476, 186.8719654200934
31.023432866242484, 158.6021162389562
38.88403353675738, 105.60896037399526
89.42228488748675, 88.95308464879561
72.92302833194246, 50.07610355017849
32.738812220891155, 77.88145448585529
60.640124022580856, 104.11027105330446
80.64677037266841, 43.469468926531405
14.247619304394155, 65.70069141392982
64.1567968868926, 112.49124324141707
25.932322527984798, 37.52251931226789
44.38190503661359, 112.87490172129581
74.7925710468027, 179.53476647463268
65.68443525766433, 102.50699786291662
43.84121115637646, 33.721587122506676
31.534286665542254, 122.81130276583279
84.15075650410711, 104.8540096289582
31.119296749850545, 85.18720341370918
49.4815530284507, 41.41765497203211
50.96457969836945, 135.9001739111312
76.26943142216987, 127.98127421951541
37.232235816629554, 33.51207259446185
39.05767603542358, 119.39538129639122
41.309209649766196, 47.57391735210512
80.06872093044099, 154.27596323269603
76.77767218639526, 11.946102297797578
43.03122520522402, 161.77293072412905
83.26236555234733, 57.263075081904866
89.86465110484015, 117.95892571680282
74.18934068141, 191.78606659363552
11.92572384456878, 56.924520493997186
48.2217660956512, 120.28810679756343
74.38016758330004, 92.35264938308431
38.827645713268375, 57.451782787020434
96.90572297968461, 132.74627456694978
86.22912238074795, 136.98180203423624
91.88795481622736, 119.72359524920869
70.88392909320679, 96.44711472795014
91.33573383180193, 90.13276601417041
49.08176956937218, 171.85021364540137
53.49760770728401, 57.87797272403352
61.97336702934961, 130.12805750617943
70.57606867681385, 70.59022071852013
95.23305390494802, 23.81104855660714
27.165039362879796, 70.7792882888057
21.721395503068088, 137.60327092161597
89.1179497832151, 167.94659529370853
61.34307274455081, 152.87598372834572
77.26524673734151, 142.3086076656841
40.76243855663616, 20.860314879643504
70.06217946449726, 113.78828752065357
35.71383935273767, 152.55925701050415
30.388644534201493, 62.32470878309708
18.148133733131687, 153.57083891807042
38.70652520407576, 148.89381948825013
45.181916725989446, 66.23435855801996
48.79409660822359, 109.16341498731907
93.1236011974524, 91.31120290134331
40.21980179811583, 84.06793786468928
17.553482819575883, 194.44762934527773
79.11242639460201, 108.06640284962026
63.63743052141577, 33.762194076798565
35.932880546242096, 161.19233140920184
29.571711761041918, 133.10075554667887
74.34005647137798, 95.86981876844996
74.48656203073025, 188.11747362838574
64.27055670784374, 4.86067527068208
13.685936770927775, 152.56836010100616
11.30200061869273, 127.9563489617604
44.76631766368474, 40.56924169897918
6.826503337989598, 69.85988359892129
9.470441371996397, 158.74007399163915
102.03647994460971, 83.78669170389621
150.1614499038596, 31.777799334494674
118.99188204691228, 86.54633397968414
108.04521173227258, 132.66022405671555
153.22201361808564, 182.42435836462866
191.42817686982818, 126.63754318815276
187.22392202806628, 135.48922303975115
146.13171469362612, 181.0090179248614
105.39177442852996, 110.46304396305561
139.35414537404463, 115.02941006476635
115.03053349067088, 65.4246912544862
168.7676748520214, 132.96794092848162
100.43946641655499, 184.98492514444237
122.86533760856543, 77.63512791287319
179.60853266717535, 76.58903181198151
152.66408507601898, 144.0372885419875
182.57676501030446, 110.38614731461863
190.44303352942745, 86.60353069651252
186.44617030235676, 88.94919261012262
181.9426763337194, 51.54766469465335
122.23015404151344, 47.673143846256515
191.0416753930262, 63.036606354109615
199.02572032218887, 112.73248209255493
105.44213260850486, 187.0725949072286
147.33824661796953, 186.8719654200934
168.97656713375753, 158.6021162389562
161.11596646324261, 105.60896037399526
110.57771511251325, 88.95308464879561
127.07697166805754, 50.07610355017849
167.26118777910884, 77.88145448585529
139.35987597741914, 104.11027105330446
119.35322962733159, 43.469468926531405
185.75238069560584, 65.70069141392982
135.8432031131074, 112.49124324141707
174.0676774720152, 37.52251931226789
155.6180949633864, 112.87490172129581
125.2074289531973, 179.53476647463268
134.31556474233565, 102.50699786291662
156.15878884362354, 33.721587122506676
168.46571333445775, 122.81130276583279
115.84924349589289, 104.8540096289582
168.88070325014945, 85.18720341370918
150.5184469715493, 41.41765497203211
149.03542030163055, 135.9001739111312
123.73056857783013, 127.98127421951541
162.76776418337045, 33.51207259446185
160.94232396457642, 119.39538129639122
158.6907903502338, 47.57391735210512
119.93127906955901, 154.27596323269603
123.22232781360474, 11.946102297797578
156.96877479477598, 161.77293072412905
116.73763444765267, 57.263075081904866
110.13534889515985, 117.95892571680282
125.81065931859, 191.78606659363552
188.07427615543122, 56.924520493997186
151.7782339043488, 120.28810679756343
125.61983241669996, 92.35264938308431
161.17235428673163, 57.451782787020434
103.09427702031539, 132.74627456694978
113.77087761925205, 136.98180203423624
108.11204518377264, 119.72359524920869
129.1160709067932, 96.44711472795014
108.66426616819807, 90.13276601417041
150.91823043062783, 171.85021364540137
146.502392292716, 57.87797272403352
138.02663297065038, 130.12805750617943
129.42393132318614, 70.59022071852013
104.76694609505198, 23.81104855660714
172.83496063712022, 70.7792882888057
178.2786044969319, 137.60327092161597
110.8820502167849, 167.94659529370853
138.6569272554492, 152.87598372834572
122.73475326265849, 142.3086076656841
159.23756144336383, 20.860314879643504
129.93782053550274, 113.78828752065357
164.28616064726234, 152.55925701050415
169.6113554657985, 62.32470878309708
181.8518662668683, 153.57083891807042
161.29347479592423, 148.89381948825013
154.81808327401055, 66.23435855801996
