160
39.4023340813708, 78.07796470951229
73.81244900766721, 77.99973632893888
12.020856927022649, 98.14924102589855
31.242404882150677, 102.04492753801968
50.53081681740233, 141.46561635218399
15.322025606213996, 101.47303925553484
60.30347516774499, 115.21477267676659
84.16351576553917, 188.09845848371563
8.657393738369557, 97.27528574209552
71.94463452421137, 27.133142683675416
74.77306117345165, 39.69467379826208
72.86730589253006, 30.22982918241659
16.79947318538749, 85.33153222888544
14.189356311145495, 71.78143854909457
76.68750454263402, 168.132885651156
59.924797501432415, 137.80262657010545
3.986244104327219, 80.10443144903769
53.415040501084455, 76.64268420821934
40.06571400340639, 103.93562527324134
43.57068026226417, 111.40528765257834
45.30163560952548, 83.94454415951952
56.36281282376127, 91.15715762862577
51.14191275205402, 40.9365002512857
4.13647000048668, 109.83515742716057
34.33355985882154, 154.1796918945241
44.89226243158505, 88.69835402554955
35.108896951279256, 105.88724849157846
37.01205711190861, 57.78535061061181
52.73005607278123, 74.44161448698942
86.297334704592, 19.199731709557643
91.51310099217476, 187.9389863425542
71.21310557347346, 132.53698364319936
48.57449867724991, 140.054516274808
95.54841398284056, 162.0815565398633
32.083123255939505, 140.38830407231336
98.77501623955531, 136.56775742501804
53.449352932433506, 152.93466344091595
60.045214180507536, 103.34569999895655
14.062517789638973, 149.46470387351897
87.84767089633958, 181.45974963764286
46.42877810346667, 40.881541730607516
71.41315887717698, 39.75991336984814
74.54162452345065, 93.2408421890181
68.88748623994057, 168.78727714947382
50.07500361449885, 104.64308916917201
22.456793618841452, 133.65780127300044
32.48788978330217, 116.02634918156878
77.21685346801685, 125.7337286612171
56.85183704354883, 136.11258530921867
71.41715486689053, 73.45136689449234
47.22099458107325, 172.96435381661573
33.73708933133685, 55.48901648671956
84.24918566104547, 12.909878726874634
93.21727719001187, 166.03909589823007
76.54649769991096, 107.88639162469917
63.89824799165713, 132.86363707166203
47.222300880673195, 168.39816270932926
46.44395683710284, 142.50769202639367
42.06117845607626, 138.18736258371774
49.1008399988577, 53.16616348492311
42.58156328974937, 86.11326117891944
44.154499771080516, 135.79915852455684
69.7189447481907, 98.83895715500377
81.04233694328478, 105.23815519455543
94.67545780750865, 129.68286412988087
96.16542346844975, 25.22953258434093
14.140110382960636, 67.56779225893818
62.51574772533952, 162.55315169061114
95.88739413517307, 166.31572247707908
96.23105479799801, 43.00243183162144
95.30865950018833, 149.6907200791843
64.00393470610419, 51.556340486006704
90.6671032568495, 72.63036291819031
16.568674368115243, 149.7585921625388
60.62928619210314, 69.20715598177493
52.09894748415563, 77.81091765946803
77.62620274717867, 10.592804115915921
95.53948061029818, 87.78503426187072
26.952559056563295, 117.6631211735779
86.03230389628564, 97.71483305649127
160.5976659186292, 78.07796470951229
126.18755099233279, 77.99973632893888
187.97914307297737, 98.14924102589855
168.75759511784932, 102.04492753801968
149.46918318259767, 141.46561635218399
184.677974393786, 101.47303925553484
139.69652483225502, 115.21477267676659
115.83648423446083, 188.09845848371563
191.34260626163044, 97.27528574209552
128.05536547578862, 27.133142683675416
125.22693882654835, 39.69467379826208
127.13269410746994, 30.22982918241659
183.20052681461252, 85.33153222888544
185.8106436888545, 71.78143854909457
123.31249545736598, 168.132885651156
140.0752024985676, 137.80262657010545
196.01375589567277, 80.10443144903769
146.58495949891554, 76.64268420821934
159.93428599659362, 103.93562527324134
156.42931973773582, 111.40528765257834
154.69836439047452, 83.94454415951952
143.63718717623874, 91.15715762862577
148.85808724794597, 40.9365002512857
195.86352999951333, 109.83515742716057
165.66644014117847, 154.1796918945241
155.10773756841496, 88.69835402554955
164.89110304872074, 105.88724849157846
162.9879428880914, 57.78535061061181
147.26994392721878, 74.44161448698942
113.702665295408, 19.199731709557643
108.48689900782524, 187.9389863425542
128.78689442652654, 132.53698364319936
151.42550132275008, 140.054516274808
104.45158601715944, 162.0815565398633
167.9168767440605, 140.38830407231336
101.22498376044469, 136.56775742501804
146.5506470675665, 152.93466344091595
139.95478581949246, 103.34569999895655
185.93748221036103, 149.46470387351897
112.15232910366042, 181.45974963764286
153.57122189653333, 40.881541730607516
128.58684112282302, 39.75991336984814
125.45837547654935, 93.2408421890181
131.11251376005941, 168.78727714947382
149.92499638550115, 104.64308916917201
177.54320638115854, 133.65780127300044
167.51211021669783, 116.02634918156878
122.78314653198315, 125.7337286612171
143.1481629564512, 136.11258530921867
128.58284513310946, 73.45136689449234
152.77900541892674, 172.96435381661573
166.26291066866315, 55.48901648671956
115.75081433895453, 12.909878726874634
106.78272280998813, 166.03909589823007
123.45350230008904, 107.88639162469917
136.10175200834288, 132.86363707166203
152.7776991193268, 168.39816270932926
153.55604316289717, 142.50769202639367
157.93882154392372, 138.18736258371774
150.8991600011423, 53.16616348492311
157.41843671025063, 86.11326117891944
155.8455002289195, 135.79915852455684
130.2810552518093, 98.83895715500377
118.95766305671522, 105.23815519455543
105.32454219249135, 129.68286412988087
103.83457653155025, 25.22953258434093
185.85988961703936, 67.56779225893818
137.4842522746605, 162.55315169061114
104.11260586482693, 166.31572247707908
103.76894520200199, 43.00243183162144
104.69134049981167, 149.6907200791843
135.9960652938958, 51.556340486006704
109.3328967431505, 72.63036291819031
183.43132563188476, 149.7585921625388
139.37071380789686, 69.20715598177493
147.90105251584436, 77.81091765946803
122.37379725282133, 10.592804115915921
104.46051938970182, 87.78503426187072
173.0474409434367, 117.6631211735779
113.96769610371436, 97.71483305649127
