144
59.21114199190088, 138.88831937689665
65.18195979754712, 103.41362161281647
54.01563569105906, 49.49531433171166
82.95423993770441, 92.47019398610368
95.01899691772059, 189.7596268373381
55.34481695876355, 155.3964120270854
61.92346067457569, 71.50844886927545
80.81732643438086, 61.85699279035865
52.538406416781434, 174.6044849877008
74.36920894024225, 48.52222161441806
10.009293424608867, 102.76989150454948
67.52392771046294, 75.11766973371421
27.707130814957193, 135.3933957413345
40.378257985723245, 162.10540093208368
50.620047293994, 154.9850437959459
28.01807752192229, 58.02278217943338
91.65822991740309, 27.024144356128367
75.93691147164678, 102.5664245463408
39.55570816531726, 95.00503029470818
81.633636059891, 51.3683675702191
58.44293535706385, 83.71104135257855
41.80053531377288, 155.7198826261396
31.87766865009003, 104.55095059258355
86.70766966252155, 58.130885714484435
47.45764324504292, 149.03955625191844
34.26646050830458, 154.55027484543484
27.34974438171287, 45.99762712918525
90.15498574310261, 40.49495412868802
66.33090417284848, 134.0436703235765
36.852713229107124, 54.04143605930039
59.147426261180094, 161.2301294390276
62.47364927643493, 16.028405280070125
15.315821225154725, 119.42350778426771
75.22562545439777, 85.52003118096148
36.27064629118066, 88.64188262326047
18.5491344661858, 135.3734764764161
58.49619705102531, 114.40696657269321
60.13289329362321, 46.54323340911133
61.09653648019889, 166.7744162820654
92.62768697969602, 157.270909272657
97.71211930939711, 26.732261190047126
22.659355750252697, 37.25498105700093
80.11161450805298, 68.7973085957972
61.99751568681625, 23.475699016190156
48.14683041732456, 129.9457309233912
94.51641120310406, 108.30956155770868
47.862612093347124, 24.308951308112945
44.18517684705978, 153.42687482835467
39.05329573588152, 110.47230987126927
57.898464755392745, 105.30548418304757
26.189670978766756, 37.12866002611763
61.92188021832622, 21.657750539096575
56.68181669577399, 11.676360956438625
99.12181155718808, 169.0781570739097
40.1688104468797, 39.71294376247505
54.338372121275405, 86.62248010094038
90.25957317999563, 163.98109270229767
16.953247298312323, 72.72174720721492
4.996673237533433, 90.17012104408188
34.98744115816148, 36.72796044412712
73.98209292162589, 76.5831562487396
34.21956243112403, 145.68301065861738
97.08805982505852, 91.75717661724197
39.55384460034126, 106.06246694110789
140.7888580080991, 138.88831937689665
134.8180402024529, 103.41362161281647
157.18227736556474, 21.995870067948008
145.98436430894094, 49.49531433171166
117.04576006229559, 92.47019398610368
104.98100308227941, 189.7596268373381
144.65518304123646, 155.3964120270854
138.0765393254243, 71.50844886927545
119.18267356561914, 61.85699279035865
147.46159358321856, 174.6044849877008
125.63079105975775, 48.52222161441806
125.54941637656142, 136.64522351354535
106.81662847685949, 88.46475706132853
105.64383200926903, 96.23584527049309
117.7047918544719, 153.17860188296874
189.99070657539113, 102.76989150454948
132.47607228953706, 75.11766973371421
172.2928691850428, 135.3933957413345
159.62174201427675, 162.10540093208368
145.1320685491623, 150.26684841353347
149.379952706006, 154.9850437959459
171.9819224780777, 58.02278217943338
108.34177008259691, 27.024144356128367
124.06308852835322, 102.5664245463408
137.01466811614705, 160.64177347748975
160.44429183468273, 95.00503029470818
112.8488997690468, 30.660002744488168
118.366363940109, 51.3683675702191
141.55706464293615, 83.71104135257855
158.19946468622712, 155.7198826261396
168.12233134990998, 104.55095059258355
113.29233033747845, 58.130885714484435
132.8631730051078, 164.25324809880843
152.5423567549571, 149.03955625191844
165.7335394916954, 154.55027484543484
172.65025561828713, 45.99762712918525
120.33787335488233, 100.40488125353657
109.84501425689739, 40.49495412868802
133.66909582715152, 134.0436703235765
163.1472867708929, 54.04143605930039
140.8525737388199, 161.2301294390276
137.5263507235651, 16.028405280070125
184.68417877484526, 119.42350778426771
124.77437454560223, 85.52003118096148
163.72935370881933, 88.64188262326047
181.4508655338142, 135.3734764764161
141.50380294897468, 114.40696657269321
139.86710670637677, 46.54323340911133
138.9034635198011, 166.7744162820654
107.37231302030398, 157.270909272657
102.28788069060289, 26.732261190047126
177.3406442497473, 37.25498105700093
119.88838549194702, 68.7973085957972
138.00248431318374, 23.475699016190156
151.85316958267543, 129.9457309233912
120.60278696154256, 178.0242838515419
105.48358879689594, 108.30956155770868
152.13738790665286, 24.308951308112945
145.61958893888442, 153.14312473898448
155.81482315294022, 153.42687482835467
142.15637147421623, 190.34346363446585
160.94670426411847, 110.47230987126927
142.10153524460725, 105.30548418304757
167.81961379586457, 161.3455407707631
173.81032902123326, 37.12866002611763
138.07811978167376, 21.657750539096575
143.318183304226, 11.676360956438625
100.87818844281192, 169.0781570739097
159.8311895531203, 39.71294376247505
145.6616278787246, 86.62248010094038
109.74042682000437, 163.98109270229767
130.61195144576502, 90.54567100367565
183.04675270168767, 72.72174720721492
113.03416496532603, 140.5091479788547
195.00332676246657, 90.17012104408188
165.0125588418385, 36.72796044412712
126.01790707837411, 76.5831562487396
165.78043756887598, 145.68301065861738
102.91194017494148, 91.75717661724197
160.44615539965875, 106.06246694110789
