224
83.1358570724163, 48.6446522033098
99.94980677932851, 55.41629511536796
85.16143288156057, 67.82803778542271
33.49131573513697, 87.46776338892694
72.28852832533998, 90.21216483036977
4.076936537575357, 139.48550835957457
53.48831714948261, 132.13178818584265
92.5790438543856, 63.84449406466718
38.703729406614016, 30.098082567931115
87.8994666578113, 110.02379661904463
23.11064323024521, 91.43642937130056
24.408086691538426, 130.19016711146753
66.58237907869551, 27.392552174471273
36.072833397438146, 187.1885082594821
53.15644897221316, 172.41654986670162
99.06527646557473, 190.88542708368286
94.57981837681795, 130.35545476870297
78.66763012306379, 59.13881095830956
44.95490504906748, 118.27040444676473
22.69703075123472, 18.37396680040133
32.8215128549083, 30.805068226686828
4.4021075152743805, 31.776385170923476
96.18251047668603, 118.68769105018127
68.46559170533673, 20.779027296583905
62.38465063172013, 9.76458502125287
23.990189970832986, 159.16368755322793
26.551880063322457, 131.0073644789062
25.888471290395835, 5.358852461635919
26.921951083534367, 118.67114870965187
93.19832620461085, 171.8335942161022
87.2355317894293, 95.79785312467726
21.887980654229914, 72.0185357581332
43.776498185917134, 111.62762841644174
97.0105819878502, 101.44342307602973
75.35219554192584, 119.14137422255065
45.031074197549174, 90.76228566954339
42.37419359999024, 75.94631753404985
76.33648231582693, 91.76334510528285
66.29469358673208, 39.79304004336129
48.47560601041483, 104.6770399080393
78.50811151337095, 89.8742186203306
84.22526805418183, 148.24260660448965
79.81416906725198, 74.40648012118615
79.57131290891533, 110.4606150612216
16.73520591332519, 98.14080044856541
90.48119141656443, 41.79191672709027
85.6938767289654, 59.780907540854265
0.6627458480283437, 35.82309305005215
26.20639208968808, 122.44112870596537
99.01532468398511, 97.10719629182091
82.0985161597161, 174.77943526133566
11.455516649084785, 12.164658113342542
28.99590809315137, 29.42993931541099
69.72530696794426, 54.53119139734759
13.716274544927003, 65.66689579957256
40.294221002786784, 116.72949314158697
3.8099502965925125, 91.40345514704144
8.65994513433661, 45.39836297260441
79.58738582892221, 31.357939765316758
2.9843587680012433, 126.30406050921857
35.87151396093209, 35.2511544487234
62.81226434170327, 133.04822720003517
29.725648929904693, 77.502510666527
61.49887023801827, 178.53350803196383
62.480785834231966, 79.19079708319633
28.509650484988484, 120.80399078677907
37.06772621783433, 9.482826437589395
56.743970829087566, 71.29705348170863
63.6264763948214, 18.816465593686402
83.9198057358754, 72.51330337993784
64.52250723345398, 26.6846621003856
27.488748808595922, 86.48133807160058
89.41098445276255, 60.838661003586616
80.9851473191367, 53.14137050049301
20.10198602812359, 180.22868057311305
27.829851759200658, 137.63740447532425
42.92149980630535, 66.11064180192392
30.38099856954915, 91.67247586252806
64.8120265044707, 143.58144186668588
46.46846480918641, 68.44033285250356
0.715126149183265, 92.10112405832898
94.17754008671967, 40.92222899474955
42.74104414783175, 80.32374869414369
59.0796251617736, 192.12078044926733
51.254742608118, 162.063539815368
48.637266272250955, 69.04043712683008
16.419495145230588, 121.1370963229241
94.85834755342869, 148.89165355358327
67.0547823368491, 6.3503861117634175
15.208696659053844, 183.7525596565292
60.27518552056254, 197.27911127996225
14.892493239671467, 158.34844124273113
67.84306935162462, 37.541716204501995
55.84346369460136, 197.29886852815233
49.8390524488647, 1.0564672307650014
96.8940191450416, 59.967713773472234
24.23428408906998, 87.93877733934752
49.454906246312945, 59.86181748029426
74.31479392119137, 107.60938577440926
90.41506904784761, 109.54175842566904
95.51773773515751, 161.10938796052972
10.841594228962936, 109.03454404085646
0.8410286881534779, 116.28269906446329
99.87691710420887, 60.16559996081441
16.081119677628298, 109.19159041647278
34.41562143339239, 136.68032080740056
40.46059389335521, 16.26025057789551
47.91057543575089, 2.07967668276412
38.96155758176667, 166.60574640789827
7.727609858156892, 22.82372287952421
84.41506538889242, 20.070544326811614
0.7558352758769371, 23.728187310962625
82.17202490810742, 126.49102943764505
48.69134750893258, 185.3936173267297
21.153546908933574, 155.76154981720626
46.63954608982682, 71.96022537282974
29.341985724579768, 192.76282455592013
17.5004277331942, 67.0012924929268
82.44824468748921, 156.3411521143542
69.98019671470595, 43.191026415991885
33.34488021626928, 195.05939282216013
71.2599643174639, 68.80899049219265
16.792456506221644, 58.51283483740814
90.91294386262126, 175.98720408416676
74.73881617668916, 46.12001494337965
16.895851200745238, 175.60211729411228
6.347225825325609, 174.10206077334232
6.8804012877302645, 94.80973415212111
33.53476023307474, 50.06571110501643
10.63404414177832, 44.8456163824219
33.41030628639176, 127.85686107067085
82.11186047692765, 51.152688770687945
86.03156775275625, 157.69885694218806
69.82248708127197, 65.2706169798338
57.49805259745091, 164.23531644581666
63.19651619685458, 144.61034365943357
88.1320678645682, 70.786110564394
29.246852018369374, 177.13997571057857
14.09673688665103, 79.76415571596378
7.968420059667103, 132.5236569368163
32.52462977514167, 160.53480706734928
92.4189513946072, 117.16167008011628
63.31894098044562, 161.34092186619577
71.2485781887795, 98.43096472952617
169.2274543370857, 31.629237460353398
134.7881467970447, 128.04812013898726
109.0208121051676, 53.91892854381779
166.50868426486304, 87.46776338892694
127.71147167466002, 90.21216483036977
187.4286926841818, 139.8679409281315
146.5116828505174, 132.13178818584265
149.36660404292604, 62.332098455319375
101.73560224815846, 57.42020242023631
151.12009474292296, 135.67149124828225
166.10998057340944, 44.12700836434229
188.09116241190375, 57.110308323824796
133.4176209213045, 27.392552174471273
150.7057767277359, 151.81462234953486
192.27462169668283, 97.45172367490309
149.81810086189958, 163.27726819507114
105.42018162318205, 130.35545476870297
103.97632619124403, 60.714077085877264
118.58542502560944, 59.672859011149605
113.26927228882452, 12.134592883748763
119.75065228318243, 93.2958859148205
186.74890386632387, 105.85604802467812
103.47946765331564, 190.62025939900732
124.21743460169311, 51.8730351908369
153.7418179057568, 50.30717226698292
135.57308102811027, 115.59298094007815
110.4123166505269, 168.73800011017093
177.76201784397333, 45.64487276602544
108.88035818752039, 198.4418091813144
161.3143225659322, 116.08107749823706
143.40655763855227, 117.09213164920062
147.15137297959714, 135.81291270814125
143.0310341178513, 99.40424542865935
114.32730292293587, 97.03844518720086
112.43780976550242, 97.93621824213623
128.65200143277264, 152.69464126570898
157.62580640000976, 75.94631753404985
171.86076040658054, 108.33665101380569
169.49245871698702, 99.79745598651861
184.22308827019359, 66.64689406922224
168.4288983111797, 126.29478886227254
167.7993004576324, 109.42454952095663
152.34830678412285, 16.211097447241606
120.42868709108467, 110.4606150612216
108.45867057789283, 105.60563394915951
183.82022370873176, 100.27078066249177
129.56593613728973, 57.02908245290701
155.3473338184055, 20.640437246071297
148.46146477853915, 104.98186852497606
100.98467531601489, 97.10719629182091
136.7756320630806, 186.4071613704587
117.78154056794133, 12.980163179167592
172.1679990719222, 66.60393488676615
130.27469303205572, 54.53119139734759
107.11610254085603, 54.64483713305
189.19519983690088, 117.6155561080966
196.19004970340748, 91.40345514704144
145.3533970814475, 11.32582016430208
120.41261417107779, 31.357939765316758
117.46988107454045, 88.95777079021178
164.12848603906792, 35.2511544487234
127.4414134687198, 163.56248267485682
141.7903141041076, 109.38402205579835
194.2542432240211, 102.93579727483466
131.5996421497374, 120.95993969400125
194.15002827839572, 92.98700216443146
142.8171958794588, 58.71051550136481
143.25602917091243, 71.29705348170863
185.8798711121412, 91.5694732918516
126.07484163733665, 150.49403593667736
123.33633839178293, 34.74274126882997
145.40105040322058, 106.18346217651778
110.58901554723745, 60.838661003586616
119.0148526808633, 53.14137050049301
152.71556457985764, 115.67289259778497
140.86561597615665, 99.06170218812096
100.84295372001341, 10.010886343855585
101.80129415510606, 82.90040696845202
135.18797349552932, 143.58144186668588
191.4529120647999, 120.47059217589342
