160
96.44370081603263, 42.99321936887155
42.21218155761046, 137.45749611797828
55.36601537420899, 56.54005175477383
4.572422115605114, 97.17054332062645
7.09061353545701, 171.79138002473923
62.93172388358232, 78.49308386445884
4.500251883678189, 111.52366006306647
36.8553465165419, 127.03513397055315
9.332783906940556, 130.11575693883435
7.693740667507221, 133.27156859641786
72.8321044465585, 95.73597700793707
98.6388989265804, 98.59312663784779
49.46444021030305, 183.64425333015168
76.52081307637198, 135.54990496949722
84.1203537366879, 177.69390204311333
50.26069489635239, 159.142270342041
27.647717012224163, 179.33363622383575
51.811038089069, 81.49684011499673
82.85999414726975, 44.44449892729782
83.88474605402979, 20.425190270061485
77.23110151646812, 119.8146685253325
80.98190649680284, 126.15416172656033
48.873870451069486, 107.38959887136548
84.86927089742801, 18.906079807513855
17.03324112350542, 12.455571026607316
61.363652734548666, 139.28797839441972
20.08907024258727, 145.24781808903987
84.47258807604855, 77.26962625904298
14.736012364884786, 7.031181188936699
59.08273588277302, 60.786124866624036
7.666096221144265, 141.57149210070776
87.3597059260131, 173.95320368822388
88.19324911588352, 81.46756340772248
51.09486672188042, 73.62238706820935
87.8699761438773, 130.14636846703823
55.7206518812814, 65.79332526603064
23.90685571379278, 74.45863655789074
79.73513230789008, 79.59330975596427
37.918297583079145, 181.1343975335392
71.28967832453327, 110.8833199066737
56.57630850827286, 193.24016444937914
54.197315814080056, 34.85469166055773
5.719780900836881, 198.05816927670273
13.515714434154695, 176.14572911070758
20.732532234367582, 78.48611159795328
68.74722925232413, 112.0423597763038
43.2937090811464, 53.35625411528836
67.77195789262964, 154.91061127122916
70.01089320409602, 30.727835457221857
12.831169680495393, 16.432130213024834
88.92383221624853, 52.04836541964909
96.20311483009564, 10.641584448336285
32.13334078022872, 50.926189178199834
80.46853661955609, 198.7211590807548
45.666777341593594, 77.00395418231953
96.28506201430959, 78.98619046465052
15.12610561576371, 93.49018686823625
67.79025075055131, 120.38598913650165
70.69416553571047, 23.50641656091331
77.09449041889567, 194.06881464681615
57.98599569941501, 108.21027730148775
18.915482689930258, 133.24345589884237
24.347850164893835, 66.79867053013672
51.5657255858296, 28.474958697390562
89.63481674631062, 193.10100796568656
52.16534671680037, 101.4900495114038
56.934836091255576, 168.67622211868837
57.98624848694475, 183.04333665045286
20.956714437848618, 14.764950875438757
27.540721763625776, 143.98485526662807
72.14005236624928, 190.75936701791045
14.44891042830605, 97.15973409394425
83.16511653431672, 32.11159515323381
23.16819542099305, 173.5924112806955
45.00565573967771, 166.59216601426454
93.31357466657775, 185.89725500378262
90.45144513572892, 147.58320062719454
20.783115076636868, 197.7929475149308
69.48823349442979, 65.38925296714172
83.24199426619553, 74.41528912523698
103.39894180909445, 16.336415041214213
187.96066398371852, 129.5826607304791
141.25206224196413, 117.28143317152369
139.7509846669252, 18.277504800083054
173.76655294510272, 149.64023206517356
126.99928289230141, 33.949185716116624
171.45237794420507, 109.0231855812839
111.22145005778339, 157.74987112244645
146.14961024972797, 171.19251550046
178.03995223012376, 85.91396083017044
103.16132316114647, 35.474893761154156
156.3930090786252, 176.81234051402805
120.13935738033372, 191.2173349459341
106.84003913840952, 70.76087163460356
160.51159056594736, 163.43191135137073
177.13977453804873, 121.21968919399812
100.99670591892695, 160.3868972565038
134.31041078489568, 12.986459643587956
158.10176454471855, 35.20096667266497
107.51578240164477, 39.48639424384419
101.11246987259418, 185.49444591654213
106.43910056575132, 138.98914964558605
188.71541573433453, 110.70468135256601
126.86387858192981, 13.378699653694092
108.44810918164974, 67.45440292903821
130.630027247526, 60.96101254257973
107.49357291393727, 160.7936211404074
114.99821097900167, 80.40119765688969
155.4546871147062, 38.070222645225996
105.47363908065438, 43.96104245914276
128.82183161174373, 182.43911564612569
120.77360146226869, 140.3752119643083
103.79281472051964, 155.32897469505934
112.58876723779406, 38.012260477445594
177.40290650927258, 73.14706240822642
133.93677729419048, 38.264792990416694
110.36409764448068, 5.73738633263321
119.70009440987515, 52.25747035043806
179.56996333468584, 157.60478860701485
174.1179664336523, 141.80955549417405
104.24169357450198, 129.46046440509488
165.09252776100658, 80.53956590657852
139.1647999090819, 123.44693433048192
133.6533400749695, 174.07136911475604
108.1754247479275, 3.7375298974436033
170.9528278098553, 152.0573855951454
146.4650207899698, 53.04280717136691
117.36337813909059, 77.24295637980757
170.27928659884668, 99.55026728263141
164.2727312428271, 49.9675484173195
181.2866595351227, 97.71055025104111
110.75408392962862, 19.305638917174473
135.44433056835624, 59.924442744410044
158.6989694242682, 165.70072318529222
168.06192002957837, 33.36317036608669
102.87327021156538, 29.56720436134168
177.97179214583707, 71.2195093034186
104.01038359649586, 66.07801484899502
122.67974449803619, 98.34354533130795
114.37846238096103, 143.32173701626928
142.70455461022814, 134.34531048294522
123.41588042599656, 195.92236495235457
153.70038448617777, 87.65448831166938
135.664402169945, 26.761800036570293
134.16628374852428, 144.09827499466158
106.01953259274403, 163.30895511221865
130.52733318862124, 168.69775272227886
151.38992932573257, 132.91004354201837
129.93085656239634, 27.575227689797146
110.90413175578486, 88.85258865257228
145.86820876093927, 160.3095342227741
189.79999937989032, 66.45121950236171
117.00904516641938, 16.722182348497228
151.4975469492965, 174.31792904417372
179.5337814534626, 139.85839530931133
102.0584073348151, 197.34040322930707
178.10619786691143, 97.31646059499124
148.56629528905614, 140.87419433878793
159.33481100582193, 22.663535935586143
110.84842471041986, 79.1154464347696
