160
79.73659466083241, 24.499736301301446
97.3308877308032, 12.532510458869005
24.657944575345894, 146.44226135364357
28.056451835757613, 89.20535171696208
79.85131887853584, 60.68899240833457
44.58849782742931, 64.65611373721806
9.296951245362443, 138.24366417738838
78.19179716896801, 39.929022481643294
93.49396184424515, 179.11093015137527
34.924472189687805, 186.76749814160922
19.480137604247247, 100.94846944405857
84.98496498213812, 5.606270265966118
19.120963316889128, 92.51795337799975
29.42000671335355, 93.29975262107399
58.36686564379574, 114.90671770180379
30.15457470384215, 78.28752717164416
61.05113680551904, 45.887862678106764
47.85913035089165, 110.91609848395505
67.08631809029946, 111.83220307515573
60.53038892620588, 188.67786740781204
39.329612591152795, 49.67857368179254
81.18008491582297, 114.70065526713395
88.0822055169649, 121.48520297239352
64.2685014012796, 103.58434570916916
43.545315655267, 130.19432503800235
65.33311020191594, 82.2544483398915
56.87436526003668, 33.6649301568549
31.34190636899291, 61.15026020372242
68.88786481104779, 159.55131579290173
55.936628807449274, 112.09819168961444
23.942228876584526, 71.20248698951328
75.03908655012118, 36.09578398643005
33.19397798264907, 166.67749947522543
69.88942453635943, 84.01029656619716
99.4197000641739, 121.66224598747473
10.16201888961702, 58.10389873246482
47.44711432576278, 27.486134588305468
33.77130403938776, 146.33161985749848
36.99264099573257, 147.3880023322309
77.19558252754805, 99.30501692928273
60.17944712537048, 116.45275908059394
12.941713661329992, 137.77334798725755
92.18384629795155, 82.00492267904767
87.59147454167604, 155.17873389906626
81.34463623502205, 187.9179121273089
33.61519289278726, 188.66346266499835
90.5682293697184, 103.63561263035517
51.51595507389756, 178.6758690324734
45.10475964861389, 77.31766893780858
45.86831109346318, 97.31325244414617
24.42882720999304, 129.97666052300622
52.80686873355121, 169.21178775900322
9.54351360137159, 115.37141266137851
88.76843181359922, 73.6613424013717
65.85334233682411, 89.78940029909073
21.236201180322638, 158.00079996579876
29.66064402597247, 147.3345152903857
29.655115878734286, 65.74677872688639
48.30395130353767, 72.18132617337037
19.64047136399293, 48.84653174949256
7.645127993813219, 170.57405731374286
18.475921917571004, 112.10716607242081
23.796319237959583, 67.16991082937102
58.619234975964126, 189.64589107793662
26.198281125505552, 56.1958359454169
63.945208633307885, 176.31543383976663
95.24534870008979, 149.54459718286273
61.357501482871854, 63.6131369719988
59.19751878178303, 87.31528344870566
92.44735208468991, 7.434288900292008
99.45677755279789, 130.1213477331233
0.1208944697413088, 100.27780785620054
14.553323577759791, 46.49452780434627
61.608686542912146, 156.88436626488402
86.51930374000104, 146.40100087972667
20.16509938800847, 61.818576241251336
87.57743585522186, 129.11659977417304
11.60746174064915, 59.65383360277907
92.15071793547057, 3.857180273724083
73.78602799325903, 77.09649109266827
120.26340533916759, 24.499736301301446
102.6691122691968, 12.532510458869005
121.80822942407364, 97.77016092842545
171.94354816424237, 89.20535171696208
125.6917963490652, 74.10937476361592
155.4115021725707, 64.65611373721806
140.83388021898082, 67.02816923896489
121.80820283103199, 39.929022481643294
106.50603815575485, 179.11093015137527
115.61587504608771, 144.6828014266146
159.69193290778477, 122.56879140422097
115.01503501786188, 5.606270265966118
180.87903668311088, 92.51795337799975
174.33569758975398, 139.18487727137355
104.10976306424031, 44.1632171660878
169.84542529615786, 78.28752717164416
138.94886319448096, 45.887862678106764
168.49366284755882, 102.2718820472438
132.91368190970053, 111.83220307515573
139.4696110737941, 188.67786740781204
136.56620594459616, 70.30425532377353
191.0503043152238, 101.66495358676025
121.47190290570455, 190.0535561703203
142.44102318106403, 43.29827446700272
168.1801636465478, 145.62552926931858
131.63697050110426, 31.533241364070786
143.12563473996332, 33.6649301568549
101.79219709500049, 7.22633276540845
178.7416069968492, 148.35952724513874
144.06337119255073, 112.09819168961444
176.05777112341548, 71.20248698951328
124.96091344987882, 36.09578398643005
166.80602201735093, 166.67749947522543
130.11057546364057, 84.01029656619716
100.5802999358261, 121.66224598747473
189.83798111038297, 58.10389873246482
152.55288567423722, 27.486134588305468
190.68338222224924, 76.63831029254882
163.0073590042674, 147.3880023322309
122.80441747245195, 99.30501692928273
139.82055287462953, 116.45275908059394
143.3491502522341, 169.02384702861136
107.81615370204845, 82.00492267904767
112.40852545832396, 155.17873389906626
180.7704902306598, 115.48940218190886
109.70684175337763, 153.66539373462433
109.4317706302816, 103.63561263035517
148.48404492610246, 178.6758690324734
154.89524035138612, 77.31766893780858
154.13168890653682, 97.31325244414617
175.57117279000695, 129.97666052300622
147.1931312664488, 169.21178775900322
190.4564863986284, 115.37141266137851
111.23156818640078, 73.6613424013717
134.1466576631759, 89.78940029909073
165.8486342034636, 81.06233083621599
170.33935597402754, 147.3345152903857
170.34488412126572, 65.74677872688639
173.24608138484007, 114.83618097410569
180.35952863600707, 48.84653174949256
122.93578610690153, 180.131901130029
181.52407808242899, 112.10716607242081
176.20368076204042, 67.16991082937102
155.7302686486834, 161.19120736731293
173.80171887449444, 56.1958359454169
136.05479136669211, 176.31543383976663
167.921927562578, 156.4671502735607
138.64249851712816, 63.6131369719988
140.80248121821697, 87.31528344870566
107.55264791531009, 7.434288900292008
100.54322244720211, 130.1213477331233
179.1563591363718, 67.52048273445241
157.76344496817555, 49.23074231016842
194.16377407239187, 132.04303425831475
183.46853192016138, 84.19408544157108
100.62582426690558, 59.628266982057724
156.65388142298244, 142.51586870852722
188.39253825935086, 59.65383360277907
136.24241685387005, 31.916471018633217
126.21397200674097, 77.09649109266827
