160
55.11397365171557, 64.03088893693614
53.630375531361466, 167.46780816770635
9.297006355536809, 197.1378794299514
55.8325234438057, 73.98762840824621
69.39856486163552, 101.58954959513275
80.46176898575524, 84.57576198551361
15.31426870347469, 63.59772233713019
41.49355249386234, 66.88904132705892
92.41885363311296, 105.4558505209102
22.019172808189445, 150.19567633931254
38.06071882497809, 127.0100134519393
35.6537335600136, 152.94396266986078
95.64865978474707, 112.52058491783457
46.53495890636798, 186.33686154748943
1.115926310009769, 107.06951725956034
68.15936897275935, 192.98905515999047
88.35315328396965, 196.891917691106
95.69678863082873, 68.15331671452574
96.69423035779874, 183.14077302902186
7.5599238594777205, 100.1412034947439
38.571656489251325, 54.30394467784064
85.79379110124265, 22.77751071344664
71.79341555589886, 134.8822313193486
38.97951716771689, 144.48673827677283
20.8103439509442, 116.88508072641426
97.94355602445164, 159.2060885699907
51.938459863600336, 150.14665201047876
37.3388166068611, 59.93853074941507
79.04230399977313, 194.5360721451584
14.619984963538691, 110.01030030894911
53.42218671618194, 37.67567179558226
82.38017041308039, 128.62020679174603
83.03228149157519, 190.6033541151881
37.487733240981285, 22.437300784377214
75.72098799986101, 110.24487486470782
12.89378352680302, 13.504877571327029
13.036897198344242, 71.55366449902891
54.082913400840255, 4.802296577715417
92.0005791769656, 63.185527793010394
23.734083332009213, 81.93610335332717
8.40128331494418, 78.64318009723007
59.96171740801957, 104.4918742129872
84.50411927753706, 164.63985954502743
62.333064070830716, 140.6497786352018
94.8789222012487, 12.902757063509547
38.0036696870623, 166.2082578715964
19.841938377758524, 199.5477049601121
41.19601045006041, 95.05553733548463
67.6762088169963, 98.59308594799357
58.66984448147493, 66.80521405366262
42.826513911177415, 149.79182921136808
68.04274704637547, 112.31820226702698
39.2650157695208, 80.7297913253161
85.71401186425074, 44.8785143115902
31.230492489327755, 156.54222469941675
62.036427729846515, 124.1850620685904
4.846881762503031, 154.59560062228863
84.08404150045882, 166.96254889442207
83.88404858928246, 77.25251037592703
36.782955443634975, 34.80369447344038
5.53906677554723, 73.27973610447229
68.19817967696008, 142.25872382740647
17.29006890053234, 104.92079634486153
25.436301068898906, 81.16373113625849
21.978553401829302, 129.26324427116683
68.95907216977459, 45.66879293962542
99.53423998618128, 32.475864792434784
98.80870473161323, 99.16290570760377
51.177595144702806, 83.48474670315638
71.97386192149818, 128.63466301861553
71.58785496709947, 63.93649319480707
67.27570153774664, 14.671983218027886
32.27043779082389, 69.39609871715622
9.193384298188745, 107.50157672060918
59.047122762849455, 21.302613613893165
87.70535150412897, 77.79235854033948
23.461044582088242, 99.23547908195376
60.80431034708346, 58.05950198137001
60.68585518663882, 44.91747408998466
39.99497081606374, 180.07899977823206
142.37524709618344, 18.684274678312196
131.30034455131548, 117.6708161005553
112.28063676666184, 188.63339885103235
116.6004705672138, 84.69052710787848
163.08515703062923, 77.85816184791294
168.09839033849326, 35.4299463757644
196.04632961604779, 97.65510217084442
178.43643973361034, 69.84819191604427
107.58114636688704, 105.4558505209102
177.98082719181056, 150.19567633931254
172.7866308636689, 117.27084174019427
164.3462664399864, 152.94396266986078
104.35134021525293, 112.52058491783457
145.67166874454458, 186.2368198223553
131.3077538594619, 81.52579572457034
113.67581139031908, 132.34211721008612
111.64684671603035, 196.891917691106
115.07310608573921, 47.43047747304556
101.27160902223163, 183.7526162995133
158.0691316019346, 106.3677200773564
158.96996112483578, 41.90856495400832
140.27842844757103, 9.041445825363947
149.94959483093027, 144.62869882015335
118.55473950168357, 196.15476299741297
115.07849763903965, 134.91451714226375
110.28419685641445, 101.64981364589403
162.12589403326717, 115.79801757121643
116.05757454609062, 86.67664652217566
104.36023600426584, 125.82726480373907
185.38001503646132, 110.01030030894911
114.99963201076999, 11.875598650631858
117.61982958691961, 128.62020679174603
111.25591108603831, 157.48384450584146
196.8871465043402, 80.96981322793218
195.50484154495547, 119.5142744289103
138.167504663829, 23.570045346723134
169.5646700444159, 75.2712429717889
122.09372835744247, 60.88480965690584
156.97104052467643, 79.82490991649105
176.26591666799078, 81.93610335332717
147.7442421480697, 45.657103692329095
140.03828259198042, 104.4918742129872
150.13015095605044, 162.78654476932962
191.14307414355142, 127.01556125223365
179.55441423956447, 47.92751325121725
161.9963303129377, 166.2082578715964
116.20376410188352, 136.3270952545111
104.823060439115, 27.957741120644396
131.70220263406716, 127.40236518618677
101.46646979811317, 40.80622624077874
124.66920054645169, 96.52595764520879
146.4830266832364, 71.44271835754519
109.4222655543552, 90.07369159565847
114.28598813574926, 44.8785143115902
168.76950751067224, 156.54222469941675
184.67228502013808, 64.4066832716578
159.4562031576146, 140.97421888862564
106.15094103431714, 171.08935460918337
116.95903542314447, 90.97964911374872
175.85734353578687, 45.26346230635156
177.92599020901113, 78.90230656096587
108.99468993185948, 166.8775118944605
140.4053561181249, 160.59374699159116
137.26027947550952, 60.833822146018335
178.0214465981707, 129.26324427116683
167.0562202954044, 115.00157851896799
127.84833543571504, 37.782729939802984
169.19558461944305, 77.01300226343173
148.82240485529718, 83.48474670315638
155.93566751400087, 175.48386195499924
155.70944528473927, 45.5014488796468
107.16847146838735, 13.536347535787296
167.7295622091761, 69.39609871715622
190.80661570181127, 107.50157672060918
137.87058092185748, 38.84834033512381
108.18875981382786, 145.37114187456467
121.53059779928903, 69.05778096992805
143.47450130026047, 83.19848969129957
117.05322384369443, 48.473093893780536
142.5743232545769, 161.76817149077087
