208
68.0876014564187, 25.861288106778055
92.6972753272714, 89.20161246245172
97.87184061836125, 171.784011111576
25.307270820036965, 41.85988788700872
61.3454155746236, 75.95702432237431
42.98448449361614, 123.57465673472848
0.5734036501062505, 121.83610429795421
94.6253478507763, 160.45276506294647
4.516819741838052, 95.77676598940172
6.040366932915399, 112.11292245512266
56.99518681898097, 158.19010265606357
29.721069245002717, 69.65495390255494
76.45649028067506, 159.07696338464743
76.00575260278302, 190.81761165422574
88.6623200697349, 82.12673445879159
66.96224400821112, 155.05886665669428
68.70260332998984, 184.95647334774702
76.84190092536963, 71.31137853587701
37.44076347913448, 63.345038797439656
45.885309863302794, 110.95981533279327
86.84982609334932, 50.66091501541094
10.521699647589315, 3.2340528929745034
4.576569452582646, 122.37840246551389
54.568314095692884, 68.84841513587452
91.24293378631776, 161.20312174167992
66.47084789022276, 113.64446234317298
37.52079610332945, 77.95362248798145
34.26283093031281, 2.95219985474489
58.722326989154716, 89.54095620363285
82.51837016766672, 1.7536801160502282
46.29949573650445, 40.437290792530156
15.458727346670656, 77.86986126358872
36.814903982729646, 49.296461706761036
30.09971614794584, 107.40086187028166
82.45060640578134, 110.90464292606751
57.715635053496925, 15.689178122845405
97.98872501514292, 30.197513348537374
59.004670416893426, 104.85712367472514
78.76572568160304, 71.01448866546163
69.05015046804016, 49.29833267544809
70.92994797845623, 115.59038265999662
98.351710317724, 196.55481901503873
41.080093155167994, 2.577492733923034
82.15096276391716, 81.38996744842123
48.34367856752542, 67.99819564371894
84.98734055602989, 101.53311400916168
47.863677509257116, 154.14697020320185
71.73255772246587, 140.70758771559287
62.36188433778822, 110.19082878053754
84.84688696262394, 112.42737392895555
50.73559266557643, 14.619518878745264
64.8760095581271, 50.58170298399739
38.036251677711405, 153.50665529000509
57.65305279887254, 84.9852429779388
74.42160203346818, 11.633590146434969
51.83488415482611, 170.5664522632697
11.681136903050735, 75.32200691892248
49.0593219582159, 97.35865399536954
96.25834550745986, 117.13500585121585
56.59522911087846, 36.474137930399195
90.87535963518889, 146.34193812353217
13.60009039924957, 101.16212285753018
36.01227223545508, 119.85356192308689
0.27750992949733444, 62.73533185108123
67.48429370459712, 70.03195859723712
84.67823563786908, 10.906293011723818
83.11406583349653, 46.00712084090015
90.09355864897508, 58.59149383674995
63.34771102478509, 39.32112663772289
68.75382370611189, 62.249997014320535
78.504559003717, 77.76162217168094
53.90964506550061, 79.9750182156535
39.149757645780205, 127.5549033031776
8.803307278571555, 87.24563514531482
62.0899272267478, 163.08672114754162
93.13739182673072, 171.07770813559097
6.858073482782501, 165.79277581726654
91.71017314165427, 76.56880874503027
99.30869653453227, 88.25967517598892
72.51187344225455, 79.3991440749098
92.77074833823704, 86.7561063006665
34.05181054434108, 32.66207621722628
6.403207916685238, 63.450006078246915
31.438752018746452, 70.40597047652153
25.158043101954984, 150.89481070931237
74.15762179239789, 38.91867878786965
37.57055337439829, 188.153557991542
1.2558682710751112, 135.30134288751987
52.77998293618125, 82.67432333056688
79.61348296519675, 196.4055650761184
43.37472762949983, 79.7940097729414
68.61101440060662, 163.5399715490822
52.926042781013884, 183.15336208904108
70.47357770666254, 6.772929800927896
11.672495333788946, 69.53549130620691
86.52081528923118, 172.27401614384706
88.66629781840535, 145.37818404578087
41.539548197594144, 142.9303009195822
6.224481772941992, 66.41145637580095
95.08684755644958, 112.79335771944912
73.07477915161414, 44.57072070467063
46.30648417247312, 170.07982678747123
66.9405600014572, 0.19991063486837213
16.88641683464357, 180.88245431187323
61.38659890231251, 51.742166670682074
87.77579174839931, 190.31442475662246
52.22991605873422, 130.52690736755386
80.13002682443133, 86.4854675605357
10.811868554234195, 49.8429602620722
38.38763002190555, 54.48462195067416
70.24789229442746, 181.71536759184318
3.4234555818841605, 83.30604285377647
1.6379864088415075, 17.75721111409192
72.24245384476013, 190.06740308817655
19.5699590287867, 41.337371985442495
73.94324325776518, 148.31018989263322
70.40856022472765, 106.55618819918358
27.89326499678988, 98.38851592815271
23.960155778055782, 1.7503516909105121
56.81597436722055, 121.90598421053728
23.304404156440917, 14.550616470435962
44.56468712239828, 17.409341567960613
89.65206474741775, 19.5904484413006
83.15279728977232, 180.5480829453264
21.835944579167865, 134.1874670756221
27.346213561169964, 181.89056924611828
63.20202007669171, 20.275479707993284
38.685729705490836, 146.90245833111246
161.31238845871303, 34.84083730681704
133.66216127113339, 52.17950679993333
102.12815938163875, 171.784011111576
174.69272917996304, 41.85988788700872
131.34468645941664, 41.87827557874642
121.45002759379496, 189.62413636120766
189.9254963638307, 119.12161432719135
151.7315741571669, 101.27103816012159
195.48318025816195, 95.77676598940172
192.55014835755352, 80.11481115774941
143.00481318101902, 158.19010265606357
170.27893075499728, 69.65495390255494
118.37596655237749, 178.0738881647225
123.99424739721698, 190.81761165422574
134.61323174319404, 144.47370109837976
142.87538362062116, 92.24172020536537
176.62326696937157, 156.73019673919782
182.30238900450138, 129.10328283511603
117.72531861659712, 87.03958372268283
169.47834358149612, 102.51581391127085
145.836325211626, 101.80571566634231
111.15686482710736, 65.16347899821587
166.83710552903756, 70.05994683236199
156.7787234057361, 82.98396901135735
108.9200503100439, 126.24867759259104
120.13037366529298, 164.9474135961276
162.7718111393101, 104.42784475598708
108.9633539335006, 14.845709676309738
141.2776730108453, 89.54095620363285
100.487730728768, 4.311287559958865
153.70050426349556, 40.437290792530156
142.1909272663687, 30.527937022309448
100.28440975030838, 72.47384690459016
169.90028385205414, 107.40086187028166
176.85384609909832, 39.22551962628915
142.28436494650308, 15.689178122845405
102.01127498485708, 30.197513348537374
140.99532958310658, 104.85712367472514
121.23427431839696, 71.01448866546163
111.05944079590235, 19.964362757908937
129.07005202154377, 115.59038265999662
120.0690144853203, 183.41466319440917
141.65416199418803, 21.098338471265077
103.06250491182008, 42.807071281212615
137.6268304833486, 71.10250583685934
115.01265944397011, 101.53311400916168
171.98168895416214, 90.27259973646832
119.83975746623909, 189.1840531685119
137.6381156622118, 110.19082878053754
115.15311303737606, 112.42737392895555
149.26440733442357, 14.619518878745264
159.6697861061207, 77.12543533139534
141.66561231220322, 160.11796254568566
142.34694720112748, 84.9852429779388
125.57839796653182, 11.633590146434969
148.1651158451739, 170.5664522632697
135.98879783255177, 145.77387160691762
101.55559386720063, 93.91868992923804
103.74165449254014, 117.13500585121585
143.40477088912155, 36.474137930399195
131.19671787953433, 134.1031089180847
173.14692700507015, 158.69860735398782
159.13770363313247, 121.271943987152
183.31030598829767, 66.0058830162461
132.51570629540288, 70.03195859723712
114.6163757902448, 46.29550138263197
116.88593416650347, 46.00712084090015
132.40349635325822, 92.04337883793528
136.6522889752149, 39.32112663772289
196.88193324150836, 88.29465344368923
121.495440996283, 77.76162217168094
115.37560087917834, 17.06006401560085
160.8502423542198, 127.5549033031776
168.3835733540601, 56.08784497756017
137.9100727732522, 163.08672114754162
132.54704025188357, 159.2144958324091
126.33850068649737, 178.49309976554707
108.28982685834573, 76.56880874503027
100.69130346546773, 88.25967517598892
127.48812655774545, 79.3991440749098
