144
96.32983816750628, 73.08022975633999
57.319390506902494, 51.957385382171076
71.15370964244792, 48.880729035130074
2.373504081258293, 107.88189690624716
70.22764050076597, 47.083249674506725
5.866229461770356, 100.64942049603502
80.2320652900096, 48.077936355540494
67.32725741879447, 35.880713894021056
8.830937588929755, 119.1545778241746
26.948530209472786, 162.17800651900947
31.32517216013496, 118.3186517664669
69.25685363983682, 111.59149489179048
41.06099173136306, 150.06992384999714
3.82259299775376, 103.43162060256073
63.67945691759102, 33.53173823390638
31.105829917111848, 148.68498455229127
4.579573543009485, 113.36325699205416
94.44288291162898, 88.51002725864691
45.852210311529404, 63.44587013137506
76.00877933767279, 111.34343837865643
86.98608943834053, 164.41188987273546
96.03741876212375, 34.218587379091225
95.37778210818306, 107.31969541459445
78.36148872309671, 24.484823230008914
91.54534264703598, 95.27871713640266
55.59097446441027, 80.01541740232632
76.79407366073903, 120.8530110957955
17.39267151482484, 118.4887996304159
44.54149878096252, 47.67910727734026
65.38715639367969, 88.36270477620715
23.444815532555772, 149.03831034923178
85.7950525229207, 169.19787748027366
42.23170398651595, 146.046819580996
75.06518661059609, 108.7641565600606
59.637963669244535, 30.44286207733682
10.634399991564624, 91.82650167945985
95.99972784067965, 97.7104328175032
94.53864012937717, 104.75648455012094
89.76402035583206, 111.47085737226338
98.19766223778018, 21.69302012919072
93.63758972018341, 193.196152494695
82.87867339111105, 82.48135068252931
39.43807479622489, 147.413615105027
84.45679955527213, 8.28234790447846
22.48257678602745, 100.80902889225057
56.505757212288685, 86.82927279373436
2.802189285033463, 122.31668402892993
45.872426740268665, 21.37257924297471
77.43080517798828, 189.956395137548
88.38496307837792, 40.38312078074897
56.84283494167228, 127.52051783045101
74.72618261581349, 13.660697298006008
55.70878784830213, 130.09143293021236
65.57932319668862, 55.86093888030166
25.44657184019493, 87.21653700129855
99.90239556752856, 97.92781571784835
74.75209566655612, 122.23526535954603
54.618676065701145, 176.62605558205107
63.53786991909524, 110.28807153762075
87.83267381200125, 16.652453639309826
69.88170195305858, 22.163933815800974
26.027440944712644, 119.89897127404781
38.94640424293912, 64.92943198726681
25.903106220839422, 104.66451807863912
103.67016183249372, 73.08022975633999
142.6806094930975, 51.957385382171076
128.84629035755208, 48.880729035130074
100.6958371061359, 130.55222803106795
197.6264959187417, 107.88189690624716
129.77235949923403, 47.083249674506725
194.13377053822964, 100.64942049603502
152.85778028069373, 166.3992601109153
119.7679347099904, 48.077936355540494
132.6727425812055, 35.880713894021056
191.16906241107026, 119.1545778241746
173.05146979052722, 162.17800651900947
168.67482783986503, 118.3186517664669
130.74314636016317, 111.59149489179048
153.4847691517642, 70.51974221048066
158.93900826863694, 150.06992384999714
142.902735860644, 40.283625477690954
196.17740700224624, 103.43162060256073
136.320543082409, 33.53173823390638
168.89417008288814, 148.68498455229127
195.42042645699053, 113.36325699205416
105.55711708837102, 88.51002725864691
154.1477896884706, 63.44587013137506
123.99122066232721, 111.34343837865643
166.24580852332235, 122.47678838661162
113.01391056165947, 164.41188987273546
103.96258123787625, 34.218587379091225
104.62221789181694, 107.31969541459445
121.63851127690329, 24.484823230008914
133.3245729927393, 123.20409678305258
108.45465735296402, 95.27871713640266
162.19003111019256, 175.47439632486746
174.71462433852062, 67.37418953835972
144.40902553558973, 80.01541740232632
123.20592633926097, 120.8530110957955
182.60732848517517, 118.4887996304159
155.4585012190375, 47.67910727734026
130.87096741986358, 108.16307152490477
134.61284360632033, 88.36270477620715
176.55518446744423, 149.03831034923178
114.2049474770793, 169.19787748027366
157.76829601348405, 146.046819580996
124.93481338940391, 108.7641565600606
120.4312697054841, 179.9350533629136
140.36203633075547, 30.44286207733682
189.36560000843536, 91.82650167945985
104.00027215932035, 97.7104328175032
107.63176301332979, 15.710501989400182
105.46135987062283, 104.75648455012094
110.23597964416794, 111.47085737226338
101.80233776221982, 21.69302012919072
108.57144598035795, 168.51764696348835
106.36241027981659, 193.196152494695
117.12132660888895, 82.48135068252931
160.5619252037751, 147.413615105027
115.54320044472787, 8.28234790447846
177.51742321397256, 100.80902889225057
105.07460896985357, 28.15767126098865
143.4942427877113, 86.82927279373436
197.19781071496655, 122.31668402892993
160.49352111986087, 106.01785751592885
154.12757325973132, 21.37257924297471
122.56919482201172, 189.956395137548
111.61503692162208, 40.38312078074897
105.03612124148557, 9.923233839135204
143.15716505832773, 127.52051783045101
125.27381738418651, 13.660697298006008
144.29121215169786, 130.09143293021236
134.42067680331138, 55.86093888030166
174.55342815980507, 87.21653700129855
100.09760443247144, 97.92781571784835
125.24790433344388, 122.23526535954603
145.38132393429885, 176.62605558205107
136.46213008090476, 110.28807153762075
112.16732618799875, 16.652453639309826
130.11829804694142, 22.163933815800974
173.97255905528735, 119.89897127404781
161.0535957570609, 64.92943198726681
106.5561913633698, 182.053652353282
174.09689377916058, 104.66451807863912
