224
29.88693770468559, 49.02246510798416
66.80705920689846, 109.76014561829528
12.156788788487418, 54.7841375387039
6.005143928192362, 87.94790551327812
65.51092409986576, 136.3542310615115
14.226661075156377, 121.91814503537253
94.97358871956324, 138.66786686058617
70.96114103525082, 131.66809744647594
87.67532353998398, 60.32502767806594
18.471002726677405, 76.09577536269792
70.31186488385802, 56.81236946133646
79.18710567727177, 79.03364550041249
71.88448769074516, 43.641255008071234
97.07979079172434, 191.88131835317154
71.35949518179495, 70.41250235950486
26.685216084582528, 103.54133456406677
81.7498031020637, 124.75978485040064
49.36855922987192, 142.93591809978147
83.4793481480469, 138.9050296080926
47.02433918116577, 151.6114160967366
21.017094842292583, 142.44157364480685
78.986406719322, 49.55428756878979
27.607365828422527, 79.50277404856267
30.51225517862538, 10.168573577312372
73.21098763095792, 66.35185770889254
15.532405604768059, 123.38191915635399
38.23720642409245, 79.48640105085525
38.351068309886216, 56.776554086463385
55.42630201387704, 142.02417295177997
36.72031280619278, 71.158921670045
21.147209862370026, 100.90369878532307
52.409812533126214, 78.05398914514979
36.0401324226854, 102.31846928538026
81.9311571801214, 170.36054063665193
72.6917190315481, 49.120591638866536
73.75150225648869, 115.95703414163738
78.20389467338829, 46.78861916613633
61.755478902032834, 190.52314930631073
47.39108352061021, 97.73832693823357
18.359368565501846, 50.08578243364171
58.254814968471656, 91.82827829231415
6.431842417539713, 172.8835220408175
48.43789781052093, 122.92690483576416
77.38644606490251, 82.6819458083088
18.236870229493192, 129.46135768180483
55.270622376031, 28.725791556880445
93.89314623339246, 29.93913867042015
27.46578687031026, 105.09330534976704
70.99865152905275, 158.19813069713334
88.35807874653953, 9.210256685524186
41.02470899639745, 184.5974552218296
22.08979965953111, 32.333731207503675
24.1284505696989, 146.87125924247073
4.078559805507425, 191.00408053844205
7.3065671236958, 90.857308743219
8.61335227757408, 119.67422615570132
55.83005074992545, 69.8843930965636
44.04043838222215, 65.94241952222687
63.518797442826944, 140.34680071780065
67.17180217553272, 81.8979618559261
22.117981176092933, 125.85558764344897
99.50701715638472, 35.76556205947055
26.034259279016045, 30.587844145493165
30.469597965584, 34.00335170671812
83.29359028799574, 92.6388033927367
98.57840017783873, 3.842845876575044
30.6619030718906, 177.80199450834317
57.068457559239334, 52.9851743379609
60.87266015239636, 187.21854749253424
73.20663348455838, 152.0125393070907
76.94841288511404, 87.84200301609755
33.56316350183672, 84.81004118337785
30.706620518323888, 44.79193526874069
49.0446407937403, 70.33747466473599
22.33490718749644, 129.04049041162062
69.89094546711657, 110.77061471637484
81.13213894161413, 133.63865965485155
88.91151018364144, 71.16925124537546
50.42236355104052, 1.4477325823819314
52.24010393097454, 148.21793919597206
28.81568929466599, 99.265846063886
70.06647048168043, 66.27422149862635
27.392937618966883, 93.11729700144417
84.74618973781828, 198.8023392569098
66.61985520469165, 120.5043825368852
54.958602379046994, 26.094751060657373
14.686995689180204, 14.401738900430372
85.30821116276537, 75.26684786329751
59.51536307717904, 27.996114805541783
69.70523159721967, 180.1646066423613
98.2490914569407, 139.85083700057834
24.331861069611605, 11.831758213438848
35.95152934089675, 130.7864566564098
42.55608893326334, 61.952525114767255
52.508770153272266, 65.13612889166049
0.7603601553362371, 2.937134894992477
39.28252551424395, 93.34951144423829
64.00195153401805, 168.42373565616228
57.25671292950412, 90.09842417233465
15.157853540710974, 187.6820948969016
47.84984416757829, 48.3251567251086
38.2132528183867, 3.562371709441603
70.37810577233539, 103.19410640598261
66.79891490685263, 89.81894056114126
66.5138466568374, 77.75635881524055
96.66914782849663, 158.74248092031996
20.570689342548377, 23.515305670054598
31.07617257609706, 4.172088570106958
33.24332886423515, 127.11284024243521
74.18142389022746, 147.43567351433035
46.25950056886515, 140.6564748663748
25.79608194552998, 42.39093446187774
35.692711092206345, 135.6055385024907
16.30588004876635, 186.40676799054847
5.151159118479997, 0.09647239319674483
49.448444545760275, 67.01926371327221
65.07035154934736, 83.14721196636646
49.27753266776885, 40.01232023945713
44.89753458933259, 182.66930446023903
10.64898679263372, 39.744649202654415
32.73899057014407, 4.144559135704173
98.42422576347116, 57.31902833610625
60.06319313227014, 124.23423027449505
60.94507690661326, 35.32867548622774
76.7908903858837, 80.05176288878376
85.31979562322992, 91.60174576498711
12.55636298200924, 17.83956284658843
59.23503361944934, 14.05273446785218
60.771788248779366, 93.15707957191034
98.37544558149101, 12.400810090921999
37.769708821368276, 139.47496273913987
2.892101086365584, 14.136946132133875
89.25652302120366, 96.11123427989429
43.55629138305909, 135.14826399247804
85.28666941042337, 113.41072430599588
57.9664901452273, 108.81790969773022
35.86129341547952, 122.40851107460202
71.57951836603527, 7.21274795774689
28.22444762875479, 95.96150149280666
67.99529228978356, 116.02461905126007
89.51116202268562, 100.18084350434707
20.38809052381072, 189.311442501789
68.42958038293163, 177.3165237646885
25.59252851046072, 38.482786693161096
170.11306229531442, 49.02246510798416
139.9497121244315, 114.32204800216743
125.74800078874077, 10.356025686085335
187.8128795159467, 99.38636825699685
134.48907590013425, 136.3542310615115
185.7733389248436, 121.91814503537253
115.64092378477908, 195.43001362624744
188.00469543069815, 135.42764520541695
109.64657155704316, 28.380693124080913
192.68500600434348, 72.40542794767275
180.95660489005516, 59.05631024825473
139.76285733941668, 19.56099642671085
128.11551230925483, 43.641255008071234
102.92020920827566, 191.88131835317154
106.73763463010715, 31.241347747254842
148.9634510885782, 146.4008568345295
145.26478347366964, 123.97737560303013
181.45854897699297, 155.47713795800308
142.04159434847483, 166.73152106849324
106.10001531312001, 193.24373166691768
178.98290515770742, 142.44157364480685
121.013593280678, 49.55428756878979
172.39263417157747, 79.50277404856267
184.91562567562642, 80.48206589126407
135.113978927367, 117.82181634102488
122.80855696951282, 193.22118153295648
114.6503797058664, 58.76658640658208
161.64893169011378, 56.776554086463385
172.06062121323865, 115.97898262863595
182.11426739729666, 141.77495058239327
157.5033656501082, 141.64332852631162
176.36650073078746, 136.30683917400697
163.95986757731458, 102.31846928538026
118.0688428198786, 170.36054063665193
193.7517253776244, 90.59456341404979
125.06569015899339, 135.75041248703872
121.79610532661171, 46.78861916613633
138.24452109796715, 190.52314930631073
179.1867382902555, 150.08945457603343
138.4623353580982, 65.41619575055138
191.72188091735424, 82.33273131264305
121.46750671312432, 196.42869596107354
120.57424162294728, 69.84168420669047
143.0745297366446, 25.416281951906683
172.4777133245184, 125.17298387233511
192.2349760478441, 69.70756528926675
172.37991398198437, 39.5893175424123
120.79008365022364, 181.45700057680835
140.25800221427164, 154.54192652301688
129.624054230537, 64.6118573507049
151.91583653848096, 171.02567810181344
101.06235794659172, 9.849668822913626
115.09790968785144, 151.30775580268738
125.19714440894995, 174.40978508499666
161.1180357162144, 31.15624144289808
165.6164108852562, 44.80343407145724
159.93571951084547, 67.31340384078183
176.884788433106, 116.16320119888712
136.48120255717305, 140.34680071780065
188.21710492682692, 77.73451148236204
137.01793129289223, 155.08544277794275
100.49298284361528, 35.76556205947055
177.46210854349346, 78.64932219571217
140.54902617468449, 67.9864863694981
134.7909503362223, 90.10297317602398
112.1876240016421, 14.265648271078991
148.27279023798135, 168.15077572843705
190.35834053785143, 71.72504657243333
107.09117881128715, 146.91059103213263
158.94539986472913, 148.96973627978662
162.82676329161262, 142.90909952460024
183.24382405419823, 96.91438110272645
147.8490712094875, 110.47486280738276
126.11576752093492, 14.396924189952308
131.86322126395302, 142.3844766595895
130.10905453288342, 110.77061471637484
134.13537681792923, 191.6310015338665
158.4080674662879, 121.68336446011617
107.83733551559294, 36.546802161747685
177.63286769935166, 152.37006554252613
