160
79.3159212084126, 35.996671570086235
41.14051718422712, 161.66364675051295
4.022490394566569, 106.6096894789486
76.50115903481068, 171.68274262503087
19.722232012450704, 110.53495934670087
24.751288288263986, 102.25437433757254
74.38015626940751, 145.60360569562002
70.9358986507662, 73.59895901490414
52.25792958054195, 162.489480598422
27.046502723399602, 153.52407033967918
80.36847783877747, 125.73841966807355
60.624850237261455, 105.06651709376314
81.54768537992625, 46.4831930058752
62.16830423729387, 132.3484993176477
37.98598551750193, 47.48218668138111
79.69845495300446, 128.9669811166177
88.07125365813899, 189.0713563502846
39.85581944468334, 40.37966657145318
33.297010346602306, 130.80237963142304
6.530638722279008, 154.55453149994776
75.87627152870769, 131.3261974961959
16.9050257290545, 147.93013807449037
88.64974083590768, 81.37309393505272
91.442202866772, 24.071890834934685
62.22121701006746, 185.05798750791809
88.10639325856373, 38.10409031769208
61.0610850558759, 14.942259233949141
71.84466613357478, 155.69764526627537
21.532875479237966, 62.61503684868816
59.50002229602238, 47.410011098354936
74.67771285670369, 29.677782174521838
62.21407941837474, 97.59714023116362
38.48125647398752, 135.79136498675518
91.17898702935882, 196.01393572642016
39.99411696704737, 144.6779366663327
87.60689032957934, 14.773212022285431
67.43865288480532, 1.3116992027081693
50.596484443423904, 167.4652211229293
43.49230950386793, 130.94039281410173
25.07282634711543, 62.23725040929695
57.20797022488022, 164.50822288038918
73.1651823548168, 98.7666843659201
96.16845670460222, 25.119467594580303
45.22808654253997, 78.18093711807774
52.87508099704967, 140.5443866205695
82.6969199000966, 170.68151453254492
89.26101444476674, 55.67721893123285
17.622236590059938, 43.809985233473434
83.0691571803545, 91.50619844821435
37.14005902665035, 162.8341248202814
57.46848376552723, 17.28215570440488
84.52416218234248, 103.78152309945207
78.89670454809432, 190.2356199763081
38.057403458222325, 110.57358671894607
80.32627703799687, 105.21709435637558
69.56434155920144, 171.1166439214158
90.26243585365451, 89.07505540012339
82.25634778819007, 14.608469775535292
51.66069622203291, 179.3086166419348
70.80363002621345, 90.79418157275943
25.5163154401886, 44.54320829737024
39.83603077860316, 87.51403155759361
91.31843302800353, 140.71481442719895
69.73127420796705, 70.26159234191407
63.61570311222151, 51.50818179509359
53.93333706516257, 172.4405446778354
41.70712844401018, 105.61240667330436
29.4260984527286, 41.955788848175146
76.08877412014407, 196.31868815116303
91.26233324085385, 47.396095751875514
54.99469731315543, 23.99661771180518
1.119799071201688, 98.783610419226
48.326419490808995, 93.27454216415971
39.40890131224904, 118.54040345391672
66.49767559051297, 12.659095250521135
38.90901990188962, 156.95823654079499
9.098717365283237, 130.91546317801453
87.21899940719192, 96.6369108182558
29.549883877029927, 73.02784942627221
96.80085730109812, 46.6855888518823
120.6840787915874, 35.996671570086235
158.85948281577288, 161.66364675051295
195.97750960543343, 106.6096894789486
123.49884096518932, 171.68274262503087
180.27776798754928, 110.53495934670087
175.248711711736, 102.25437433757254
101.69346443016845, 76.77362186946124
129.0641013492338, 73.59895901490414
147.74207041945806, 162.489480598422
172.9534972766004, 153.52407033967918
119.63152216122253, 125.73841966807355
168.28755378760286, 113.12138682413988
118.45231462007375, 46.4831930058752
137.83169576270615, 132.3484993176477
162.01401448249806, 47.48218668138111
165.2355343352645, 169.1593745061831
111.92874634186101, 189.0713563502846
160.14418055531667, 40.37966657145318
166.7029896533977, 130.80237963142304
132.85469218728497, 171.07668548225382
124.12372847129231, 131.3261974961959
183.0949742709455, 147.93013807449037
111.35025916409232, 81.37309393505272
108.557797133228, 24.071890834934685
137.77878298993255, 185.05798750791809
111.89360674143627, 38.10409031769208
138.9389149441241, 14.942259233949141
128.15533386642522, 155.69764526627537
178.46712452076204, 62.61503684868816
169.45885640607574, 36.73289029146793
125.32228714329631, 29.677782174521838
137.78592058162525, 97.59714023116362
160.5214418558083, 142.71670234492464
108.82101297064118, 196.01393572642016
160.00588303295262, 144.6779366663327
112.39310967042066, 14.773212022285431
152.8997137699051, 66.01879457437654
131.69172823945527, 162.22291878350293
156.50769049613206, 130.94039281410173
174.92717365288456, 62.23725040929695
142.79202977511977, 164.50822288038918
158.79954265073002, 141.10665640629077
103.83154329539778, 25.119467594580303
154.77191345746002, 78.18093711807774
147.12491900295032, 140.5443866205695
117.3030800999034, 170.68151453254492
110.73898555523326, 55.67721893123285
182.37776340994006, 43.809985233473434
116.9308428196455, 91.50619844821435
162.85994097334964, 162.8341248202814
142.53151623447278, 17.28215570440488
115.47583781765752, 103.78152309945207
121.10329545190568, 190.2356199763081
161.94259654177768, 110.57358671894607
148.97933012718153, 172.18145782602977
130.43565844079856, 171.1166439214158
109.73756414634549, 89.07505540012339
104.19997963106188, 0.3312829633659309
141.6874422608587, 118.85388887425681
129.19636997378655, 90.79418157275943
174.4836845598114, 44.54320829737024
179.27799756517086, 154.81670293029694
184.53551186945174, 73.90495857826662
130.26872579203297, 70.26159234191407
160.9393379075749, 107.55718437442958
146.06666293483744, 172.4405446778354
158.29287155598982, 105.61240667330436
170.5739015472714, 41.955788848175146
123.91122587985593, 196.31868815116303
108.73766675914615, 47.396095751875514
156.16352794919197, 39.82234436292678
198.8802009287983, 98.783610419226
151.673580509191, 93.27454216415971
160.59109868775096, 118.54040345391672
133.50232440948702, 12.659095250521135
161.09098009811038, 156.95823654079499
190.90128263471675, 130.91546317801453
112.78100059280808, 96.6369108182558
170.4501161229701, 73.02784942627221
103.19914269890188, 46.6855888518823
