240
57.618520320841284, 188.96647297229924
46.391080705898894, 21.676491191726612
92.60384970322242, 121.42189453026275
75.62576859746616, 182.89734155847103
67.81684995080872, 108.18944110329663
66.4976639123794, 81.31447120347444
23.64020123128355, 133.65529181117725
95.15214374490904, 132.87718158588672
59.37113646640836, 84.82923854300924
63.120828979091506, 179.20250105483476
91.43773447944419, 105.06930554729006
78.26194793828215, 39.1915833031866
97.53812027958644, 42.30224980561819
63.959348959576175, 21.333537678874958
88.76502070029551, 69.55068818381243
29.062784990638935, 128.57500550294523
37.104240032628056, 86.72664844909148
60.71983779207759, 68.9183603520948
39.085945619753225, 43.64394969705114
57.70999021965368, 99.59682701427917
46.27362806368729, 121.447413844531
85.9003216642894, 11.150787855527632
86.23622895892545, 33.953236409024726
49.84441828980738, 146.40518567400142
90.56682106345477, 72.14709556711236
71.36510498550236, 30.785320767619993
15.136089812594944, 110.74782446228286
41.46741704467546, 24.68095343417844
23.535537023945686, 66.17286388634011
95.84058201452956, 129.15864405976072
88.37109882959965, 117.35790043148
33.579226616534676, 64.84983467668583
22.292680609373285, 94.59751459444428
33.13035871106168, 160.02024947793606
28.929129687012377, 167.33749883023086
79.5980634327019, 130.4207054524592
83.17746945468224, 13.031330638575911
69.78587681678106, 50.21924816579886
56.07550352273053, 153.81668682562295
53.50037683042239, 70.45681503230612
24.39924607088031, 82.0909585851235
36.91612662682091, 139.66763527011642
8.103520895205474, 106.339864951908
69.57744477704661, 163.8620234346773
95.05122115234673, 88.9872371753065
73.39408059358314, 48.3768229655569
92.63431832985535, 47.74563183037763
35.078011806706, 47.600916868969875
32.20880802141656, 106.81832235466419
53.99351180059935, 140.28414068346078
66.26049874618172, 190.1858071220181
6.089253354101276, 97.84633719700724
32.06616729283071, 109.2339151447359
27.789149836334616, 106.4438498354134
44.22580057587682, 32.47643100427744
78.02967348479345, 34.85841911986456
95.40177794611783, 35.53973757606303
78.0083681294897, 15.549230968731397
81.70377708451187, 145.72829436696563
83.4228719616856, 57.53711663347203
66.75766608308409, 127.16748736951074
94.2750861470019, 2.0911201439163474
81.19698056951059, 59.45039441831881
65.97637810861755, 85.55844430892954
89.71829074221307, 159.00639223426387
81.9421694899287, 32.735775636026965
82.40504797142465, 10.617895002622667
71.66999832244217, 51.861808477443574
89.42489579141548, 104.95510619658455
3.6122248821977787, 120.73251168499577
49.02927080246792, 47.18067840875379
78.86096356512759, 110.2458378710204
91.64011004283103, 42.022402287034225
27.349364762313833, 136.93432955306795
29.473222170175507, 42.33834036129935
53.81067828493416, 151.5529835177254
38.00366939226382, 167.68390952809267
56.54771261297037, 118.8324651802201
2.9547600497515703, 78.8181023969207
88.73213507228809, 23.969089399873877
2.103607856810008, 75.17238892866223
26.479778381878983, 98.62543578538647
20.643420480601016, 134.0828076156105
13.9997295912344, 9.68583341230238
30.42824765269104, 25.394189625810014
55.371256340335776, 135.11602661204898
85.0979303783455, 148.61960165361862
6.795313119640434, 91.91257793594983
39.97411792070969, 74.41328864227606
15.579281843192616, 185.50110703535026
92.89607245586502, 9.612312315158999
85.14837186173432, 6.423716982119432
48.50539195278426, 137.31754919439462
62.82915124973007, 35.72420318330693
94.89678198116155, 144.7830121957997
14.362418883637119, 128.75613868424622
70.32595097088003, 185.96691558594077
69.44816535326586, 3.8541601097551004
19.187085160365157, 51.89354928629062
53.12280649412474, 27.0679237381658
59.09080102111909, 41.131136408629196
79.40394253342662, 192.81583093690713
86.23733329448798, 49.84733437487998
14.41219833815065, 102.53889210668716
30.799862626944673, 58.192818412196125
91.25837938971193, 83.48323205682684
98.96892135008312, 107.86602281211273
67.30045863675403, 55.56405158005235
30.963626788572373, 100.85391067685217
83.7471580863285, 107.15127583686662
92.06763918493965, 90.43166808209338
49.10344743495957, 97.9753991053296
32.403885724113145, 7.216620081177094
35.54849156020187, 90.35207390466465
35.2523599919716, 124.00101882780281
73.84213795004176, 93.0802322921308
49.00446194080068, 193.91708184903126
64.12595463074197, 1.9516112231862337
33.77641416407236, 139.3505712473514
34.088811513721616, 101.3302637488368
93.31877837326658, 40.58323868495302
10.86457038787284, 131.9078895845466
12.117718481183049, 37.05408044953935
15.733705052079983, 51.918666622443574
83.85859520183907, 30.07117633098464
68.5369659920394, 121.60309027294755
11.299439362960829, 19.750239052445153
33.38218355596556, 5.337088509677224
52.89578572375354, 188.91660212435895
80.90445495649114, 19.19635670466835
74.3515505028664, 85.91095650481975
37.085613412703, 81.909838948752
6.616829125753265, 104.31883447946552
41.24199402294724, 120.81055180106357
87.81696606956106, 59.68289884430964
84.25260016989307, 84.18044239774778
55.11313789864861, 177.62130320126585
71.36982454015285, 87.6401176351262
60.284419752676975, 191.07824339185134
93.60280530852535, 136.248082648686
95.98329996461517, 64.03324822515188
18.71625752559489, 105.13862104249768
43.262859081995984, 2.294232460326362
12.568048056004443, 176.97045676443483
5.389335677436691, 87.98084293071655
70.91336795161254, 70.25270895174754
72.42188928105209, 98.1627304450432
18.18879008777473, 138.5465895525374
25.147669243948446, 141.78834796797977
53.4508116814967, 29.808480202320254
8.11311596253842, 99.12966449051619
0.5846567281569404, 13.341705274824944
93.49290080661011, 24.129720386507824
47.91524341120365, 24.99652706746471
0.22122637663852807, 167.17812930369314
87.40990205402156, 74.86741327635103
12.765561492877387, 178.85827585718053
33.474396811432705, 189.11006857415666
52.68555146462515, 134.998737749004
23.346162961588725, 77.53018591886223
142.3814796791587, 188.96647297229924
153.6089192941011, 21.676491191726612
107.39615029677758, 121.42189453026275
124.37423140253384, 182.89734155847103
132.18315004919128, 108.18944110329663
133.50233608762062, 81.31447120347444
176.35979876871644, 133.65529181117725
104.84785625509096, 132.87718158588672
140.62886353359164, 84.82923854300924
136.8791710209085, 179.20250105483476
108.56226552055581, 105.06930554729006
121.73805206171785, 39.1915833031866
102.46187972041356, 42.30224980561819
136.04065104042382, 21.333537678874958
111.23497929970449, 69.55068818381243
170.93721500936107, 128.57500550294523
162.89575996737193, 86.72664844909148
139.28016220792242, 68.9183603520948
160.91405438024677, 43.64394969705114
142.2900097803463, 99.59682701427917
153.72637193631272, 121.447413844531
114.0996783357106, 11.150787855527632
113.76377104107455, 33.953236409024726
150.15558171019262, 146.40518567400142
109.43317893654523, 72.14709556711236
128.63489501449766, 30.785320767619993
184.86391018740505, 110.74782446228286
158.53258295532453, 24.68095343417844
176.4644629760543, 66.17286388634011
104.15941798547044, 129.15864405976072
111.62890117040035, 117.35790043148
166.42077338346533, 64.84983467668583
177.7073193906267, 94.59751459444428
166.8696412889383, 160.02024947793606
171.0708703129876, 167.33749883023086
120.4019365672981, 130.4207054524592
116.82253054531776, 13.031330638575911
130.21412318321893, 50.21924816579886
143.92449647726949, 153.81668682562295
146.4996231695776, 70.45681503230612
175.6007539291197, 82.0909585851235
163.08387337317907, 139.66763527011642
191.89647910479454, 106.339864951908
130.4225552229534, 163.8620234346773
104.94877884765327, 88.9872371753065
126.60591940641686, 48.3768229655569
107.36568167014465, 47.74563183037763
164.921988193294, 47.600916868969875
167.79119197858344, 106.81832235466419
146.00648819940065, 140.28414068346078
133.73950125381828, 190.1858071220181
193.9107466458987, 97.84633719700724
167.9338327071693, 109.2339151447359
172.21085016366538, 106.4438498354134
155.7741994241232, 32.47643100427744
121.97032651520655, 34.85841911986456
104.59822205388217, 35.53973757606303
121.9916318705103, 15.549230968731397
118.29622291548813, 145.72829436696563
116.5771280383144, 57.53711663347203
133.24233391691592, 127.16748736951074
105.7249138529981, 2.0911201439163474
118.80301943048941, 59.45039441831881
134.02362189138245, 85.55844430892954
110.28170925778693, 159.00639223426387
118.0578305100713, 32.735775636026965
117.59495202857535, 10.617895002622667
128.33000167755785, 51.861808477443574
110.57510420858452, 104.95510619658455
196.38777511780222, 120.73251168499577
150.97072919753208, 47.18067840875379
121.13903643487241, 110.2458378710204
108.35988995716897, 42.022402287034225
172.65063523768617, 136.93432955306795
170.52677782982448, 42.33834036129935
146.18932171506583, 151.5529835177254
161.99633060773618, 167.68390952809267
143.45228738702963, 118.8324651802201
197.04523995024843, 78.8181023969207
111.26786492771191, 23.969089399873877
