80
168.2699109930203, 106.32386648338978
133.07212984753613, 134.01846071811062
126.76263428225546, 13.612870790452059
119.09875468119945, 2.0382557810547652
133.10684912893183, 190.8860045816885
103.86668307570277, 160.08363375584264
185.83354351813117, 83.11422725124069
170.87145756309224, 111.24187987937269
161.05132489540287, 109.2468363338611
112.5027271661012, 161.98351138949505
173.1815392716944, 82.23058057851598
132.8037772690165, 92.50052084439136
142.4210018468625, 190.39250409786138
160.82150824141488, 63.79140911583625
175.94137045934858, 101.11603376483768
174.92853964830715, 97.80957621338197
137.77916400485313, 87.50659634606922
122.1572603699844, 53.68314685866622
183.4076924504057, 75.15338331067798
185.0252881542052, 65.70105422830261
136.87382562297648, 153.38487516721102
171.3236113548273, 36.308290841520964
123.92764961951984, 151.5297929126058
184.20229357350323, 72.72806557390064
119.76690027859334, 24.50868798726107
189.7780017587522, 140.0133399818645
157.59851049684215, 134.0172083418723
154.45025425895113, 157.51812533242594
160.579623405302, 137.68271473961192
104.14330697982103, 167.08273723302284
144.00167348274135, 85.36708954687865
113.20518991137195, 106.37313789057461
176.48798057104946, 63.74297695098549
120.05684482255954, 124.85214458528257
162.6597965375923, 117.79634606217289
153.09656398576928, 151.39643373186405
135.55017593486008, 22.12405697716713
158.08078276623536, 52.445975371789146
165.92512658126455, 136.45401614556135
102.36424397060672, 81.66070106556786
139.2625007796646, 116.00726525696467
138.64329683029, 98.74260008729487
151.52654237824243, 24.605327949286494
167.9251337343938, 51.55837243924466
148.3144719840938, 141.71277379535988
107.67013899348079, 46.904719379478664
125.41078247350913, 69.85704008639513
153.8882755964312, 135.672079747068
151.6353937543575, 67.31149198432786
144.08482388101078, 43.959510470270715
177.02754090489583, 48.108210123786634
117.41194269317809, 119.60401287385454
127.66063759314888, 44.78878355157414
138.15627759894795, 85.83358705371238
153.90792976616837, 69.04353077226557
194.72316181162947, 102.06179365216583
154.6475779958346, 179.18141016137972
132.86174708826002, 109.13485065735087
155.55859118138105, 144.4719172601762
142.39481549514824, 136.6323901570671
157.50539537310163, 172.43641008233945
128.41864761232665, 20.733891272521767
164.37254702077593, 109.39012560727286
106.870959109987, 135.9540230596928
186.47899646461158, 143.83756784934218
102.06932004211016, 106.373516188823
137.36152349509456, 123.65542515173225
120.21869117110184, 58.125538377180355
103.52827521348738, 26.56119196553548
185.37720912094895, 136.68042087338793
172.69373245060154, 140.77873553855252
118.9139569688906, 20.96593742568238
180.8842104229619, 90.884337303461
132.44400697453696, 62.076418060109305
143.14401037477015, 98.4860631763043
163.12200226852684, 36.71130775099556
150.55245984305841, 18.4815884465674
163.32821518382087, 156.46833548558286
109.22353672057082, 131.33315729051483
110.13915936771693, 94.37068428150302
