160
61.196667007003, 133.88864899893647
47.17275077004619, 183.17656520221684
51.51852882212666, 145.57305826516722
85.28115771475849, 84.3726704653897
69.72153612243729, 80.94236482292297
22.65896329350614, 101.49295986654279
56.39697158397118, 72.39795504325677
78.98617357121356, 151.78955558813718
16.766937476475587, 117.31482916489469
1.439711021421275, 114.58205918214621
99.04362385261794, 0.1403343726481321
93.49499372906762, 197.96027086130152
87.126032346777, 60.85324704432764
92.36704227242896, 52.10491436933864
37.55423912863013, 76.47631828414481
77.48383903178936, 152.59428285121425
2.4329546556973947, 117.8942068713235
91.82225644718788, 146.0296029571295
42.92537382192767, 165.59324047685217
76.48865157770476, 110.53719368204295
92.66637874932664, 107.1844073493802
44.4938668813637, 126.52780738042193
48.6670788138843, 64.1855550696445
69.71373577913893, 144.4382625512187
61.31339161448952, 130.90932873454292
13.846557208463473, 94.01272126736073
78.00590396057673, 192.90025008233073
92.97506010031324, 43.85646967005334
76.82226001984094, 11.696420673379016
73.97206229127254, 18.90749145459363
65.21619021151717, 98.91144004465511
71.44342770041393, 174.36011299287122
19.816489711896836, 145.9550237888593
8.538212279837188, 88.75530725482676
33.20130899272279, 58.488229620843455
16.35674732651584, 78.03013594025923
78.19156642446197, 13.159199916699539
5.716877295499079, 93.3156942114448
78.43421752597204, 64.28534340002426
85.665829518947, 135.115463025383
67.1026126424995, 87.59716738873556
43.22951331996895, 25.89296929574192
39.06640174143473, 140.2506596464492
94.70209814849225, 54.3014550309566
46.38003009515962, 21.29152719733316
63.96518301432209, 45.80424509836587
43.56671883205255, 56.85355131999139
80.17354405840479, 24.333932004816283
24.250886202797307, 97.2881731584464
38.39161739415823, 155.38892951220078
78.73012884217478, 181.7685448955343
11.80015767864081, 95.32921660068085
28.035601681614352, 80.80053134933837
92.78968875186324, 177.12218413259956
93.35124691553133, 10.008785948198028
77.67497040190221, 105.2456458603465
85.74865184686502, 3.7490041390981332
50.88980925859672, 94.52120894796283
98.12095674035336, 148.46983353293993
7.74383905248115, 71.45509512516087
91.03841879296321, 102.06734047217891
91.89920392332117, 21.004891325996546
88.29792569148151, 95.53817628906893
95.31755922936506, 102.52490785707722
48.16578008103393, 146.86719473804345
27.042121284640995, 39.68678716919902
38.61096861371306, 168.61117856751648
89.07016250440878, 68.45283188797069
49.68938614556178, 154.40722925145818
63.321815006597824, 187.96814006611254
39.72171831211496, 127.2136385114955
50.089696801370344, 17.66902921702784
84.921684166703, 150.60444544663042
34.571237921885114, 95.65196889709802
68.70151407651339, 18.516446001129893
90.31547664816044, 94.86944106350637
54.50647103185054, 83.04246380691947
96.54340334212453, 191.6606605906237
49.535482006442265, 65.62275318183015
23.07568235556996, 137.51611508492365
138.803332992997, 133.88864899893647
152.8272492299538, 183.17656520221684
148.48147117787335, 145.57305826516722
114.71884228524151, 84.3726704653897
130.27846387756273, 80.94236482292297
177.34103670649387, 101.49295986654279
143.60302841602882, 72.39795504325677
121.01382642878644, 151.78955558813718
183.2330625235244, 117.31482916489469
198.5602889785787, 114.58205918214621
100.95637614738206, 0.1403343726481321
106.50500627093238, 197.96027086130152
112.873967653223, 60.85324704432764
107.63295772757104, 52.10491436933864
162.44576087136988, 76.47631828414481
122.51616096821064, 152.59428285121425
197.5670453443026, 117.8942068713235
108.17774355281212, 146.0296029571295
157.07462617807232, 165.59324047685217
123.51134842229524, 110.53719368204295
107.33362125067336, 107.1844073493802
155.50613311863628, 126.52780738042193
151.3329211861157, 64.1855550696445
130.28626422086109, 144.4382625512187
138.68660838551048, 130.90932873454292
186.15344279153652, 94.01272126736073
121.99409603942327, 192.90025008233073
107.02493989968676, 43.85646967005334
123.17773998015906, 11.696420673379016
126.02793770872746, 18.90749145459363
134.7838097884828, 98.91144004465511
128.55657229958607, 174.36011299287122
180.18351028810315, 145.9550237888593
191.46178772016282, 88.75530725482676
166.79869100727723, 58.488229620843455
183.64325267348417, 78.03013594025923
121.80843357553803, 13.159199916699539
194.28312270450093, 93.3156942114448
121.56578247402796, 64.28534340002426
114.334170481053, 135.115463025383
132.89738735750052, 87.59716738873556
156.77048668003104, 25.89296929574192
160.93359825856527, 140.2506596464492
105.29790185150775, 54.3014550309566
153.6199699048404, 21.29152719733316
136.0348169856779, 45.80424509836587
156.43328116794746, 56.85355131999139
119.82645594159521, 24.333932004816283
175.74911379720268, 97.2881731584464
161.60838260584177, 155.38892951220078
121.26987115782522, 181.7685448955343
188.1998423213592, 95.32921660068085
171.96439831838563, 80.80053134933837
107.21031124813676, 177.12218413259956
106.64875308446867, 10.008785948198028
122.32502959809779, 105.2456458603465
114.25134815313498, 3.7490041390981332
149.11019074140327, 94.52120894796283
101.87904325964664, 148.46983353293993
192.25616094751885, 71.45509512516087
108.96158120703679, 102.06734047217891
108.10079607667883, 21.004891325996546
111.70207430851849, 95.53817628906893
104.68244077063494, 102.52490785707722
151.83421991896608, 146.86719473804345
172.95787871535902, 39.68678716919902
161.38903138628694, 168.61117856751648
110.92983749559122, 68.45283188797069
150.31061385443823, 154.40722925145818
136.67818499340217, 187.96814006611254
160.27828168788506, 127.2136385114955
149.91030319862966, 17.66902921702784
115.078315833297, 150.60444544663042
165.4287620781149, 95.65196889709802
131.29848592348662, 18.516446001129893
109.68452335183956, 94.86944106350637
145.49352896814946, 83.04246380691947
103.45659665787547, 191.6606605906237
150.46451799355773, 65.62275318183015
176.92431764443003, 137.51611508492365
