160
98.07251439676448, 129.8413814722448
43.31994196844951, 118.72549211755523
27.097948615130363, 101.71005136320946
16.887356950701026, 137.1440073347413
97.94508140448863, 17.627784108363254
74.34705558395632, 75.36183345671337
92.73214456369858, 186.6775082059765
84.48968271930094, 57.49303938519572
53.742711981086146, 45.41234595801065
20.131093906157805, 127.21921194535699
59.16740003772383, 17.618736901306818
78.68973612658823, 140.81544596105786
97.1528401458099, 71.69071312807611
54.36018897608365, 30.063012082287145
80.99258699254639, 43.22187612549073
84.2784206851231, 31.345045233961844
30.903716873709975, 153.76832639914198
27.977241910267182, 127.91670501816756
21.770141168435032, 129.97602140674357
45.05400068870845, 157.90112426954894
65.61660095473682, 34.39954372025851
62.2813836104566, 108.92205423360075
7.25582818030337, 100.69640723609541
17.162679250339664, 61.97266371445467
35.69989419462822, 138.82684075706553
58.3981097520055, 78.60823523158453
91.56631506783903, 146.73467164098867
99.44339129317693, 199.2124182645086
56.706526912543595, 30.834125898905995
88.16191223258882, 154.25062330041393
99.7728970776035, 139.66569733390236
60.305380489748785, 54.6697223748243
75.56797979342755, 21.061872205671662
79.52561281185565, 63.889052215234244
36.16417000058871, 173.70612775375247
74.87985946532434, 25.435097092706616
66.12875625968493, 133.68911289460982
45.363211891175794, 32.33084294690003
89.6710203077785, 110.84674888820545
77.13143708349244, 76.89107538248119
18.65979380179853, 68.84198021641039
9.165646423623585, 100.06424313943955
61.32773362949989, 39.80860901850123
38.52502109784152, 104.37187845531946
37.695015833369105, 46.1614294750583
77.19911370096591, 123.61583938639653
51.95292638909715, 172.84670619385426
32.3237685063254, 151.28474175433914
50.52968915483436, 100.61183626328007
60.00438606852765, 168.92551084492894
35.41786163568834, 44.16172236566074
84.85897939293076, 143.83196710920666
35.49937573261215, 69.80694212723961
68.49136807272703, 121.50114703453616
38.686335545532216, 63.003849719756985
70.48577766678028, 39.34888174675923
83.45303941172318, 160.19772342087114
27.675743544280685, 97.83455583580323
19.98661968234575, 41.35818942956067
38.411194145374324, 70.951684776416
70.98150160005123, 68.01360489684181
72.69726123371069, 188.9726566223727
84.50438693436303, 157.326755727769
3.6435227230799727, 78.95579678014104
48.14269565953667, 132.10665220071013
60.86175012228034, 184.4151484923365
33.73065752179034, 141.0448429422888
82.12097393007649, 62.75074145150326
94.49966053155059, 25.741176497057516
88.1157218119287, 138.48602398821987
78.04137672892146, 19.580841325646816
8.530820585964316, 66.20559850134957
60.94238864777496, 37.820989945601504
62.305714595866135, 115.95873274544321
30.36443449087194, 42.11953714908763
96.07061293328464, 177.43453443132026
44.19682587042447, 84.63727051170156
8.590269333723555, 107.211387388629
97.75950347821724, 113.0413003934135
22.981816587338844, 76.83382959723757
101.92748560323552, 129.8413814722448
156.6800580315505, 118.72549211755523
172.90205138486965, 101.71005136320946
183.11264304929898, 137.1440073347413
102.05491859551137, 17.627784108363254
125.65294441604368, 75.36183345671337
107.26785543630142, 186.6775082059765
115.51031728069906, 57.49303938519572
146.25728801891387, 45.41234595801065
179.86890609384218, 127.21921194535699
140.83259996227616, 17.618736901306818
121.31026387341177, 140.81544596105786
102.8471598541901, 71.69071312807611
145.63981102391637, 30.063012082287145
119.00741300745361, 43.22187612549073
115.7215793148769, 31.345045233961844
169.09628312629002, 153.76832639914198
172.0227580897328, 127.91670501816756
178.22985883156497, 129.97602140674357
154.94599931129156, 157.90112426954894
134.38339904526316, 34.39954372025851
137.7186163895434, 108.92205423360075
192.74417181969662, 100.69640723609541
182.83732074966034, 61.97266371445467
164.30010580537177, 138.82684075706553
141.6018902479945, 78.60823523158453
108.43368493216097, 146.73467164098867
100.55660870682307, 199.2124182645086
143.2934730874564, 30.834125898905995
111.83808776741118, 154.25062330041393
100.2271029223965, 139.66569733390236
139.69461951025121, 54.6697223748243
124.43202020657245, 21.061872205671662
120.47438718814435, 63.889052215234244
163.8358299994113, 173.70612775375247
125.12014053467566, 25.435097092706616
133.87124374031507, 133.68911289460982
154.6367881088242, 32.33084294690003
110.3289796922215, 110.84674888820545
122.86856291650756, 76.89107538248119
181.34020619820149, 68.84198021641039
190.83435357637643, 100.06424313943955
138.6722663705001, 39.80860901850123
161.47497890215848, 104.37187845531946
162.3049841666309, 46.1614294750583
122.80088629903409, 123.61583938639653
148.04707361090286, 172.84670619385426
167.6762314936746, 151.28474175433914
149.47031084516564, 100.61183626328007
139.99561393147235, 168.92551084492894
164.58213836431167, 44.16172236566074
115.14102060706924, 143.83196710920666
164.50062426738785, 69.80694212723961
131.50863192727297, 121.50114703453616
161.31366445446778, 63.003849719756985
129.51422233321972, 39.34888174675923
116.54696058827682, 160.19772342087114
172.3242564557193, 97.83455583580323
180.01338031765425, 41.35818942956067
161.58880585462566, 70.951684776416
129.01849839994878, 68.01360489684181
127.30273876628931, 188.9726566223727
115.49561306563697, 157.326755727769
196.35647727692003, 78.95579678014104
151.85730434046332, 132.10665220071013
139.13824987771966, 184.4151484923365
166.26934247820967, 141.0448429422888
117.87902606992351, 62.75074145150326
105.50033946844941, 25.741176497057516
111.8842781880713, 138.48602398821987
121.95862327107854, 19.580841325646816
191.4691794140357, 66.20559850134957
139.05761135222502, 37.820989945601504
137.69428540413386, 115.95873274544321
169.63556550912807, 42.11953714908763
103.92938706671536, 177.43453443132026
155.80317412957552, 84.63727051170156
191.40973066627646, 107.211387388629
102.24049652178276, 113.0413003934135
177.01818341266116, 76.83382959723757
