160
84.55820531344716, 143.17234280190902
44.610015783832914, 148.0813214018496
94.44166493826401, 17.968974874930097
85.43730763288372, 50.277429195472806
73.45152403074465, 97.96790123103362
56.068753660492376, 145.67829099289133
94.3667754117426, 182.14228338736962
55.2070992341407, 105.85596925981692
89.04997525063368, 174.56672637540595
59.530647658161016, 26.75671946551404
27.42962758285325, 139.045068106357
91.46153965953808, 66.72863454921274
43.55247140107063, 37.780341089994096
18.617358392482387, 28.58324026349331
36.484402096349314, 172.3488779982936
90.60284541309957, 153.0733563024233
54.25331042746029, 147.0125252284423
34.49538240090294, 104.30578493204713
22.694419241869475, 102.1842978258095
69.59627468070175, 58.115765396763294
6.20555596875181, 17.112617185034424
11.792914468841147, 38.165745006557806
76.40872090167244, 112.21722358209595
38.84573152988915, 68.41335279910987
85.94315983171529, 132.28279264431066
40.90467016192769, 122.52196626317841
72.42419671508206, 5.567658377428863
9.873062303423904, 176.4561093711837
92.15020212497438, 60.27000058652157
51.14061667672034, 113.19672684523496
41.90761021675965, 153.92087994779627
22.27834719136527, 123.25478688252439
20.45958227275535, 109.28834157793466
71.99336956938875, 98.817000263469
13.882931723726372, 192.39059535465913
49.02389623548518, 40.2968329766327
80.76197034121353, 29.14867379714495
25.225499583969366, 131.72227687299699
20.07968649694118, 54.85983230545601
2.5529778326563224, 104.45462827196883
57.01028328890698, 176.8960190886587
41.652657765836956, 186.24286329790328
36.642908705381494, 61.482693122312824
17.80030025464469, 171.09458981693578
20.349140959451006, 13.765816821503961
89.29594911751438, 78.62828756701188
46.32963207630831, 111.32844638461926
94.85739150057817, 12.642450482852489
30.315157643814267, 184.3098946765222
76.8754634359539, 104.51244083097214
88.08563451694597, 32.32658150511587
55.90607672901642, 123.18139689182772
62.30495771959291, 50.02780650386305
68.95439645426555, 35.7041071655128
14.093479421495896, 82.25795856584972
92.32923382255188, 148.3570294213561
38.187809857693345, 20.955814427984542
35.40518170986336, 105.77273636014627
35.00826837203377, 95.03276706555127
12.446265193494561, 95.81836963732512
12.573589474430811, 123.96918183418335
12.499479313630346, 102.0796594062449
54.4873501175672, 61.669956429993285
95.40214137089598, 53.857532388283914
75.4177143697341, 74.740504832858
51.076107053320634, 122.58884971955754
89.49418106472095, 53.052626213194685
22.817707280878125, 15.411632643376592
22.217334528193064, 37.89056473730627
21.219092439998267, 171.43788071691932
96.97359270842564, 116.14749840413081
91.37098641009845, 35.557258754596276
15.664738758591696, 167.63200325180577
1.8709864621932653, 79.94247282854685
11.6482196067942, 105.71781169576732
27.37206730808988, 88.77125639047644
45.08604644727782, 167.3188112393139
39.52406614685466, 25.968402887178726
39.11193229903223, 143.1402719305906
72.75055189436439, 64.45067988030199
137.62546308604072, 78.6313649169835
155.38998421616708, 148.0813214018496
105.55833506173599, 17.968974874930097
181.86861691484805, 127.52024181597949
127.79325985352799, 54.840200918264756
143.93124633950762, 145.67829099289133
120.44718534412831, 179.4488494599474
170.56442657951385, 118.53157287876161
110.95002474936632, 174.56672637540595
132.25513537342147, 93.6630005529156
152.4834199284939, 118.86449251505617
174.34731555633073, 38.938034825985724
113.78359651908316, 17.37964915697323
193.86490092724986, 95.14724220422536
163.5155979036507, 172.3488779982936
153.41398317754425, 112.32941379366956
133.3805741786621, 168.77136802624017
135.90561473412265, 95.52977834556073
176.98948466003182, 122.15059682137688
134.37412084627147, 14.40969699150716
181.6626035704286, 48.77180147803666
125.1391511973452, 7.1039992173977495
123.59127909832756, 112.21722358209595
123.87019341663223, 35.1145445632898
114.05684016828471, 132.28279264431066
136.92528571844574, 167.9632879974927
134.6820533570218, 43.87515796530301
177.40747711383335, 147.6820315512054
107.84979787502562, 60.27000058652157
148.85938332327964, 113.19672684523496
158.09238978324035, 153.92087994779627
138.54559992933582, 190.98234977231832
118.26956836515772, 146.1434170754813
128.00663043061127, 98.817000263469
114.04328026214631, 162.86902009515015
119.57252982375064, 61.23462474714552
125.77417834114854, 44.01225558601709
110.56172521037992, 187.17708811318124
163.25609336757276, 81.30121544561379
197.44702216734368, 104.45462827196883
106.55693399780388, 139.29507949069932
101.87702420327457, 177.34007824121218
163.3570912946185, 61.482693122312824
149.01585397318306, 124.73434609878451
127.04376719370148, 70.65352141913885
110.70405088248562, 78.62828756701188
139.72948523128224, 92.7492177267195
135.0083224691639, 62.08775134115236
127.68187777642092, 146.79608528210838
128.994049828759, 49.59895989976795
111.91436548305403, 32.32658150511587
183.47393102502926, 88.63656277856973
137.69504228040708, 50.02780650386305
132.64891983350458, 34.189338436193005
175.66686307220536, 62.043376199479574
150.5468987882351, 129.12501884435983
145.28614159888087, 11.05931781164491
140.58056745599575, 138.03277477388795
180.44486179431698, 117.33902511147474
180.78481149178495, 65.91308495583807
146.49667361509728, 90.788988188934
114.17191722211814, 32.293513553986685
151.94704053023133, 121.26510371366557
104.82997307994466, 72.65554947101079
120.99094437146147, 139.1646632173191
184.17448675484317, 152.99938801144353
151.7611448463646, 86.17932037093097
115.84948077399278, 31.275165013595128
101.60751871766104, 57.43447158339905
183.6623677431351, 138.03887775854636
169.65183048844992, 135.1033607549744
149.45786430171654, 46.470711544994245
157.94240039154656, 170.9069288624667
163.5504053837797, 25.428121997081533
110.1699672541176, 165.65136252516152
187.86129024256545, 76.21302776597554
159.44683121185332, 141.51363320562115
107.96801367659906, 46.05747160733669
127.47988824186646, 72.91127860682072
112.68701792009516, 141.36594997751325
