160
3.8484942509439932, 178.43565681556927
17.162035371222075, 170.11271835642557
37.9169938123366, 48.93316476728779
47.88481901454846, 105.42109684085187
25.111116965991375, 156.31744287739053
28.901534179250465, 100.2285179280664
74.95591290109692, 16.384252322853342
54.49696347802288, 109.29115718464698
44.24103994251983, 107.91408593405782
71.8697463358144, 59.9905955950847
4.093274154626325, 89.97579221872103
43.78245139828118, 173.79028252126923
7.553074976693452, 173.94019484107804
98.42914923871491, 157.88780703174928
60.50375886385093, 183.69299599469838
27.158927919075317, 22.39549991512925
17.843424293517515, 72.24818984969284
57.46054859572685, 177.4709281756155
98.0351071226125, 164.5624813418721
32.036470615960184, 194.37630052763836
84.25551911666058, 154.44911669039027
80.54029537851953, 196.06343698742182
98.88109231566682, 75.31276341608827
93.66568458382861, 178.39618518753346
24.728896148821313, 128.5171134857009
59.09732930207001, 48.96850838774233
69.25603613609883, 69.43054172950455
9.928310032741742, 101.071768905872
3.256393331620778, 128.37591341941075
70.91004504662502, 7.124491298558144
27.40217465156686, 39.438909142196835
1.4249042264828162, 122.10528002365535
35.82576450767745, 125.16438534243848
28.647875204597742, 50.4826026421511
81.11122778669639, 86.34110878589274
68.2623429089687, 166.41927015091193
51.32220438829246, 103.18565466434208
1.1529420218812874, 68.45782778905819
46.53737420497802, 167.42880113321706
87.65868276629361, 58.8508848949596
22.245797474253028, 71.33619140486684
61.74235424728799, 153.23419501340607
25.588128130324236, 115.90274775025951
95.66491727495573, 146.03625853815447
42.05000125777151, 41.055872085936926
79.17988398040076, 26.831051177012654
90.85924938491428, 57.073552048712315
69.96918831209842, 119.8635252401921
88.70009038234282, 191.14821441010287
15.18521507330204, 21.369331775889577
42.216308925829004, 185.1893353582792
82.60209037604857, 48.297154724780796
93.7331210061653, 197.77546544284598
97.22711318342641, 133.41888878890745
55.66728638247689, 158.60305845799863
32.92238023961421, 40.2132206396693
18.071245729241948, 59.179439414236825
53.05541495252504, 11.47703849374281
41.041969963206476, 85.5781058147721
97.51258248761476, 166.70101731984576
35.08036095369633, 63.370804432976804
46.576452217881325, 135.22878833239352
59.22682214304573, 32.53930916340455
15.070467385073583, 83.34169715520599
59.467564739905775, 44.59488826322546
68.0917684322669, 12.614567752382989
38.06071879747391, 38.56092629700285
37.148289358742424, 84.68305962227869
57.023394819979416, 39.483645650050335
74.15710212283383, 154.14216039864152
25.89090632785834, 58.621737205367694
83.82557233782809, 174.73310315619867
94.95522494706734, 112.85232419286672
76.86045393401024, 88.28694672510642
93.76233972585497, 62.61491426216234
92.26165126364785, 102.23986912949663
76.97088113793677, 61.39332693642599
89.39535273993566, 46.92561142986422
2.2290913297782566, 117.00049719446392
82.40708231868732, 101.91732537626098
137.67310590400427, 181.7866484776977
156.63093930237542, 176.29000867973352
162.0830061876634, 48.93316476728779
152.11518098545153, 105.42109684085187
195.4766173769049, 85.31162378623426
171.09846582074954, 100.2285179280664
125.04408709890308, 16.384252322853342
143.05454617018955, 141.77206992439926
155.75896005748018, 107.91408593405782
104.27495100956854, 43.14485306207176
195.90672584537367, 89.97579221872103
156.21754860171882, 173.79028252126923
113.53750992157863, 132.76815446698805
101.57085076128509, 157.88780703174928
165.6299759700617, 158.83418641548184
155.0601311164544, 87.00080359255375
139.71367544262338, 86.89749516070451
142.53945140427317, 177.4709281756155
101.9648928773875, 164.5624813418721
181.66324427577334, 133.6469750345833
133.17735282772537, 89.46302370378369
119.45970462148047, 196.06343698742182
107.85252643021562, 23.645424867192055
106.33431541617139, 178.39618518753346
152.4233096579975, 87.41321088623843
125.45135707405407, 21.48083559178964
130.74396386390117, 69.43054172950455
166.803613671238, 29.28663304062169
173.90355450800837, 165.1853216220001
129.08995495337498, 7.124491298558144
123.71736766929388, 110.98204221704025
144.3996276265766, 139.2717070641157
117.21047084847153, 119.50419591848154
192.79874896560437, 77.33870087663779
118.88877221330361, 86.34110878589274
131.73765709103128, 166.41927015091193
179.35286096012848, 98.09323978178064
162.82686956706942, 92.75815395823986
153.46262579502198, 167.42880113321706
112.34131723370639, 58.8508848949596
177.75420252574696, 71.33619140486684
160.67733303198096, 75.93551223490225
103.99309937066604, 91.89812511250715
129.7219113403209, 173.6369740594895
105.45787194665502, 79.82918439693161
103.25184395601465, 25.55233762854492
109.14075061508572, 57.073552048712315
130.03081168790158, 119.8635252401921
110.79957403163402, 166.22562753860845
153.07569707023904, 69.4755416018986
150.77593259433615, 123.94881237941966
135.4710199264358, 103.4187302128458
163.40543940724757, 160.61412106732072
119.15890204630291, 111.85813047589022
168.6128722472095, 157.95763325207037
167.0776197603858, 40.2132206396693
181.92875427075805, 59.179439414236825
116.09229900392862, 37.70186793846884
115.98995184515589, 56.135499929584576
102.48741751238524, 166.70101731984576
135.35451458168154, 18.63028413466241
153.42354778211867, 135.22878833239352
140.77317785695428, 32.53930916340455
184.92953261492642, 83.34169715520599
150.32836738597035, 31.78642008072039
131.90823156773308, 12.614567752382989
161.9392812025261, 38.56092629700285
119.99124154839946, 24.040830825221082
102.91147089400991, 101.82511707791302
141.33931154096825, 163.66544885184942
166.69645594935605, 121.3508160980822
116.17442766217191, 174.73310315619867
110.09588024844767, 132.85082571051808
123.13954606598976, 88.28694672510642
107.50581780650242, 15.388043970562615
117.40778452506623, 24.72890947507862
150.58150964551248, 53.79655551971736
139.15260450913388, 64.91585370578301
129.93937056254418, 186.33386287492195
117.59291768131268, 101.91732537626098
