160
89.69129840214737, 98.92356846666787
15.522990436642115, 135.61959842396237
24.652543697279516, 126.31520699888526
55.44100179824598, 62.08192233391225
49.34110743871706, 27.585230113022007
27.857214854017364, 143.0638926933595
62.395948535185106, 156.81233771926992
31.73721255619517, 115.5791279037373
19.81802248083836, 71.2820837432806
8.989675489947647, 71.16920701343108
55.16195440934793, 29.170960932386404
72.90703336976652, 165.72789769557713
34.522000584375064, 58.05864413345123
48.68165643801565, 87.49783434618949
34.68789105968016, 84.85353669520579
43.90380350504343, 20.400735370022428
64.34464760726163, 191.7915136198593
23.51103785024684, 152.26240328043863
86.43247050157044, 22.840555668104546
25.480350959237242, 48.51180103954349
71.53092792329754, 184.41588713130022
48.67124820309798, 24.97085345967609
70.82137440838301, 39.130272727761486
66.8897704041146, 173.96472779740662
57.33558585311273, 114.89133889235505
52.44729092773015, 118.40715101821984
48.15250576372442, 58.44776531129381
84.44147200654963, 113.46629855150955
75.75481698414185, 76.37475553663813
35.63930878677807, 161.64613170982759
28.175611415565584, 64.03423448494314
10.364874314155392, 113.78079655487663
39.77302015188475, 155.79317218852555
13.589958958783088, 136.64917522691007
98.28786727873052, 69.6376044579535
73.1725799740246, 4.6298927177436555
91.67564370653571, 42.348965048119226
54.82726116354918, 158.74716154744507
54.90879923367653, 12.826490060719053
24.776181509982976, 88.78183945664053
69.7723426266394, 107.83813890020235
10.287767541058079, 89.24218880506984
66.95223682379334, 34.151882592562835
43.52171524549716, 62.632889743661124
27.257837039221332, 68.2437322874405
89.44275461524242, 198.62188190029408
63.94020434602098, 162.86832077049093
77.80696484137249, 157.4621277741932
0.684360445225507, 89.28276498348534
3.867399583767317, 78.35386518713321
29.800309636226242, 115.22691111718109
82.66055198876225, 125.41257339127363
96.97733378372413, 180.9909427260945
21.801768610134744, 143.15679181871172
62.95075689920815, 9.283438697588476
99.13121852489863, 21.130030579045034
69.57344034784526, 133.01518537428117
62.434831373767885, 189.05575931607288
6.710803208890015, 109.40904585247881
85.2502642914326, 73.30097060335162
57.373386656548554, 32.373327435289866
28.264727949865154, 105.58756949659627
24.029350596988508, 148.3890365699033
81.35481860822529, 2.936466626521006
44.61155699967924, 142.57493683565107
40.236698809846615, 151.3943402151381
12.417580148839535, 91.93576810525104
29.941205149195117, 151.2371064852505
63.77413303780208, 130.75148127661274
75.94086031822684, 71.13569154975312
29.05167501688769, 45.89483150583795
59.66897663368326, 106.10589437516782
50.34280168228192, 24.449638603553225
43.766722123113475, 146.28720383811066
45.35626018950959, 115.89375971872148
85.73461253828553, 111.97574970730935
29.712797397389235, 47.937461432361886
18.657235564112774, 81.2490719093204
90.38720413154108, 192.11895884867027
88.57149750524476, 64.35441496731748
110.30870159785263, 98.92356846666787
184.47700956335788, 135.61959842396237
175.34745630272047, 126.31520699888526
144.55899820175404, 62.08192233391225
150.65889256128293, 27.585230113022007
172.14278514598263, 143.0638926933595
137.6040514648149, 156.81233771926992
168.26278744380483, 115.5791279037373
180.18197751916165, 71.2820837432806
191.01032451005236, 71.16920701343108
144.8380455906521, 29.170960932386404
127.09296663023348, 165.72789769557713
165.47799941562494, 58.05864413345123
151.31834356198436, 87.49783434618949
165.31210894031983, 84.85353669520579
156.0961964949566, 20.400735370022428
135.65535239273837, 191.7915136198593
176.48896214975315, 152.26240328043863
113.56752949842956, 22.840555668104546
174.51964904076277, 48.51180103954349
128.46907207670245, 184.41588713130022
151.32875179690203, 24.97085345967609
129.178625591617, 39.130272727761486
133.11022959588541, 173.96472779740662
142.66441414688728, 114.89133889235505
147.55270907226986, 118.40715101821984
151.84749423627557, 58.44776531129381
115.55852799345037, 113.46629855150955
124.24518301585815, 76.37475553663813
164.36069121322194, 161.64613170982759
171.82438858443442, 64.03423448494314
189.6351256858446, 113.78079655487663
160.22697984811526, 155.79317218852555
186.4100410412169, 136.64917522691007
101.71213272126948, 69.6376044579535
126.8274200259754, 4.6298927177436555
108.32435629346429, 42.348965048119226
145.17273883645083, 158.74716154744507
145.09120076632348, 12.826490060719053
175.22381849001704, 88.78183945664053
130.2276573733606, 107.83813890020235
189.7122324589419, 89.24218880506984
133.04776317620667, 34.151882592562835
156.47828475450285, 62.632889743661124
172.74216296077867, 68.2437322874405
110.55724538475758, 198.62188190029408
136.05979565397902, 162.86832077049093
122.19303515862751, 157.4621277741932
199.3156395547745, 89.28276498348534
196.1326004162327, 78.35386518713321
170.19969036377375, 115.22691111718109
117.33944801123775, 125.41257339127363
103.02266621627587, 180.9909427260945
178.19823138986527, 143.15679181871172
137.04924310079184, 9.283438697588476
100.86878147510137, 21.130030579045034
130.42655965215474, 133.01518537428117
137.56516862623212, 189.05575931607288
193.28919679111, 109.40904585247881
114.7497357085674, 73.30097060335162
142.62661334345145, 32.373327435289866
171.73527205013485, 105.58756949659627
175.9706494030115, 148.3890365699033
118.64518139177471, 2.936466626521006
155.38844300032076, 142.57493683565107
159.76330119015338, 151.3943402151381
187.58241985116047, 91.93576810525104
170.05879485080487, 151.2371064852505
136.22586696219793, 130.75148127661274
124.05913968177316, 71.13569154975312
170.94832498311231, 45.89483150583795
140.33102336631674, 106.10589437516782
149.65719831771807, 24.449638603553225
156.23327787688652, 146.28720383811066
154.64373981049042, 115.89375971872148
114.26538746171447, 111.97574970730935
170.28720260261076, 47.937461432361886
181.34276443588723, 81.2490719093204
109.61279586845892, 192.11895884867027
111.42850249475524, 64.35441496731748
