208
71.03779520847473, 114.40412110948618
63.15918727748675, 154.95239839879324
56.58078165119016, 19.993632790079708
94.89283735005057, 122.60796394954623
21.827774369483343, 150.12992421325842
27.359634282360833, 84.30857710658366
65.32567334351528, 7.608364932180511
48.735593184799555, 59.8210086283496
59.702159831837264, 122.78889987016743
5.697123470960552, 93.45604464581527
54.153521288168996, 45.618103760048356
41.318708478523924, 77.74670642919308
15.708454531505412, 54.041818364244286
23.27831285793305, 37.28990390528415
61.540710749808824, 169.25984823754067
25.636677919944095, 146.58627279002613
14.118717022911387, 63.36826669667588
78.45745820425537, 194.29321614723045
87.25398601851589, 77.8080499620906
32.34053371921524, 57.075612865760995
40.699644406311975, 174.35288455563924
76.5192371487455, 176.0664914371527
86.05572418901004, 71.36720716513562
43.579732501449634, 132.96098512693646
96.19793176700514, 64.78174396007203
82.33854190053576, 149.93567589267946
68.40210235750241, 103.8671606578097
79.69472645025932, 17.801146347670958
93.00269215342497, 1.141430442148672
68.66879591000013, 61.67979724160118
87.93839275812499, 102.03810882234163
96.89945871138039, 70.32487970113101
20.438276995933435, 81.08997725003985
47.22307238407759, 77.93758874145995
52.20247561314842, 34.094677361946424
57.81488676513927, 154.34462920902732
96.50029045874602, 84.91518531726148
51.78205763219259, 169.78352768859654
99.19651919093732, 31.92306608568942
47.13645639272269, 156.29475590040107
27.040186976999504, 77.07622984262468
93.69387600043167, 67.23882269431003
33.580782850185464, 107.37414168132639
41.28823840397504, 37.65352427857236
82.75763872331095, 22.527737313401342
79.90397435783542, 28.6725800250043
95.24577119308009, 166.09137209588766
56.305344312341134, 135.43917709536225
91.70484906266677, 166.35553682366424
54.02619520306108, 141.7268555964131
93.24872903518767, 117.18930399998997
94.39660520868651, 22.604125435221277
87.43747761297317, 100.24766250024095
66.1693845456266, 104.90515807976514
13.030087668364931, 71.25841706589607
89.00762095605111, 88.5141975512244
52.11740989866925, 108.75115140280589
89.64123301553549, 170.0487945417297
29.75817562110602, 146.67213636819318
33.03825575433227, 86.89202823739006
72.12348065613521, 194.97639058507673
39.33638307497365, 71.54694826092052
49.20455397909282, 171.47796348178673
77.57617883753285, 155.601935822051
61.749183798698226, 52.41215885416979
21.733790496868732, 157.63980876478968
48.207683898453965, 50.08696126229335
5.886201419494464, 88.17663790912312
35.23629863543937, 83.2447279441568
33.81083558374496, 120.98531165949089
98.35523193951605, 91.88057221496204
43.29312799925924, 47.852186664443884
93.18152094385303, 87.45641637969118
50.85067743407248, 85.46680905524504
21.959656246768944, 62.628550399974415
59.807238443261234, 168.75842941361634
95.69012284063304, 152.7969924105334
65.33167131377749, 175.14751236387986
47.52844506955552, 117.31400483232977
62.923655693249955, 10.408710767537311
26.993823445378705, 15.519307311179297
2.9965771408369757, 56.067563993475304
93.17205834059122, 140.94924631307146
14.132783902958368, 147.81541855690585
75.33343007622126, 116.41915567903496
83.61468701376208, 82.15049868196971
9.814940246793602, 11.834234169526603
88.89064830376844, 179.7646952204227
18.415118858788194, 14.45587520429652
84.46049529416186, 106.44926620586116
1.7988706472985005, 65.3765299891434
99.17136927410792, 49.406657052891134
70.2016718948684, 41.86102586475518
43.14465611881856, 184.37145502442155
49.30715272860432, 184.71045228457982
1.022698793917376, 92.33789554440293
84.08094627136019, 72.97879757946517
22.944767384464825, 65.71819923240332
64.9608388747024, 158.70978164412304
55.875085584676484, 77.33330515214489
31.202964159509982, 35.488553417732625
98.82111241452212, 194.35965055588667
69.14572101079257, 173.84916986942218
1.9314221484924343, 13.830193128270473
72.24256220265742, 37.18753665039658
91.80819776419953, 123.32294841328704
50.10852680908548, 4.038292475749339
41.222789406042516, 181.540923036412
38.28512138691414, 86.52601733083985
82.28979273167354, 32.261010853482944
91.89572194503252, 126.43050885991501
81.33524827838382, 108.19532672484986
14.122703559923721, 149.45000480544363
77.65992619623356, 35.40708506584536
63.028828909399174, 147.82242982626477
38.732250662936394, 139.90861401569305
44.94785310233761, 149.58394270698184
99.91634179920968, 57.85556114106043
75.71495661896009, 109.0583865040825
88.33098721605676, 49.80430487223801
59.412221833004395, 115.47519557528507
96.84821853501862, 173.41703630805569
39.95198611509624, 33.72529420211065
26.95166725021464, 108.17688918383381
63.095932809570385, 186.07771075156086
19.229524875207783, 97.07522960510433
89.15271805501547, 109.57707551777575
99.90866614580192, 29.724533826006862
128.96220479152527, 114.40412110948618
136.84081272251325, 154.95239839879324
143.41921834880984, 19.993632790079708
105.10716264994943, 122.60796394954623
178.17222563051666, 150.12992421325842
172.64036571763916, 84.30857710658366
134.6743266564847, 7.608364932180511
151.26440681520046, 59.8210086283496
140.29784016816274, 122.78889987016743
194.30287652903945, 93.45604464581527
145.846478711831, 45.618103760048356
158.68129152147608, 77.74670642919308
184.29154546849458, 54.041818364244286
176.72168714206694, 37.28990390528415
138.45928925019118, 169.25984823754067
174.3633220800559, 146.58627279002613
185.8812829770886, 63.36826669667588
121.54254179574463, 194.29321614723045
112.74601398148411, 77.8080499620906
167.65946628078476, 57.075612865760995
159.30035559368804, 174.35288455563924
123.4807628512545, 176.0664914371527
113.94427581098996, 71.36720716513562
156.42026749855037, 132.96098512693646
103.80206823299486, 64.78174396007203
117.66145809946424, 149.93567589267946
131.59789764249757, 103.8671606578097
120.30527354974068, 17.801146347670958
106.99730784657503, 1.141430442148672
131.33120408999986, 61.67979724160118
112.06160724187501, 102.03810882234163
103.10054128861961, 70.32487970113101
179.56172300406655, 81.08997725003985
152.7769276159224, 77.93758874145995
147.7975243868516, 34.094677361946424
142.18511323486072, 154.34462920902732
103.49970954125398, 84.91518531726148
148.2179423678074, 169.78352768859654
100.80348080906268, 31.92306608568942
152.8635436072773, 156.29475590040107
172.9598130230005, 77.07622984262468
106.30612399956833, 67.23882269431003
166.41921714981453, 107.37414168132639
158.71176159602496, 37.65352427857236
117.24236127668905, 22.527737313401342
120.09602564216458, 28.6725800250043
104.75422880691991, 166.09137209588766
143.69465568765887, 135.43917709536225
108.29515093733323, 166.35553682366424
145.9738047969389, 141.7268555964131
106.75127096481233, 117.18930399998997
105.60339479131349, 22.604125435221277
112.56252238702683, 100.24766250024095
133.8306154543734, 104.90515807976514
186.96991233163507, 71.25841706589607
110.99237904394889, 88.5141975512244
147.88259010133075, 108.75115140280589
110.35876698446451, 170.0487945417297
170.24182437889397, 146.67213636819318
166.96174424566772, 86.89202823739006
127.87651934386479, 194.97639058507673
160.66361692502636, 71.54694826092052
150.79544602090718, 171.47796348178673
122.42382116246715, 155.601935822051
138.25081620130177, 52.41215885416979
178.26620950313128, 157.63980876478968
151.79231610154602, 50.08696126229335
194.11379858050555, 88.17663790912312
164.76370136456063, 83.2447279441568
166.18916441625504, 120.98531165949089
101.64476806048395, 91.88057221496204
156.70687200074076, 47.852186664443884
106.81847905614697, 87.45641637969118
149.14932256592752, 85.46680905524504
178.04034375323107, 62.628550399974415
140.19276155673876, 168.75842941361634
104.30987715936696, 152.7969924105334
134.6683286862225, 175.14751236387986
152.47155493044448, 117.31400483232977
137.07634430675006, 10.408710767537311
