224
38.81027280559114, 170.1969990481301
15.464806232355379, 20.813184697735622
73.17256858614347, 146.91065585726238
15.005137545464649, 7.573099713921094
11.91343126723778, 111.85077773755944
67.20235196195306, 20.193025193291852
64.05293998163002, 52.220916948605954
47.38257888694905, 33.00341828841174
50.65258319817448, 192.57058592969105
59.65499383639644, 194.52631328875455
30.55308711791958, 1.8625818863122845
98.28472944435097, 139.0063256547412
81.42139463242873, 30.596102541088154
66.8716843544515, 18.094503979516567
53.147915861177765, 87.44362024594936
15.274637044251595, 61.92060899003089
91.93773492098042, 63.79856786453564
48.54859711777114, 127.48918926004555
53.82475860439382, 23.07737814054
55.315390517149424, 113.72099369428473
98.02164950552275, 155.60215558209725
67.59234035628859, 55.27999446347153
76.48286563979669, 164.16063256657327
21.48593553981585, 107.89814275714392
9.729788473260932, 156.82463022990117
56.35960521877447, 68.13424248048214
87.05952132043446, 136.78466276963061
92.78833721874886, 99.51705735744751
91.50988914126374, 21.416286793940863
54.989776755990825, 20.290678239225144
24.31706437712083, 131.3053946470591
54.307360609175255, 43.12809992237644
18.99220520210359, 69.04246216509927
87.80477479160174, 110.39285294948385
2.7473993564577484, 90.76625601645713
13.76224754704932, 117.83742433005631
47.32532514728657, 103.26982899075372
60.65185115983067, 185.6348429222406
20.181126930713546, 65.54112289502982
74.53279584202463, 80.85832597753569
72.3605529946526, 58.173129822035264
98.2801422904146, 32.22359648450727
80.30782969738554, 87.1428376476629
27.609505374891327, 92.59774964852792
94.85321270608289, 130.56951149490476
34.62832483138054, 132.6825996465494
86.63025337898102, 91.17625016546344
61.52458649444543, 183.74454758654696
68.4018236147136, 199.58701051406766
40.08295352616088, 145.3657351475235
69.27284457406286, 111.79611774866136
7.337237046577215, 118.52560722334003
47.25383934421133, 86.3995396334569
51.059067289917124, 113.3504598594411
58.75451584131525, 44.28599723914748
59.236999818258404, 51.721550386768314
14.800521211208615, 67.37389899585519
82.26580326070135, 187.53750157046915
20.246729008876827, 137.43030891358805
17.461956606539694, 192.20201640985218
45.961941382530625, 14.517803170417103
59.93367258325169, 71.26976964752214
92.5879602483419, 88.66638666507242
43.473555798854974, 83.13896269180748
55.441036182979516, 97.13724508547006
71.2882353614709, 20.344137904269942
19.376912678464564, 101.93809117430396
60.06245559931559, 161.01410483777238
63.57218649194995, 170.7182472574711
90.55694204857922, 93.16224205679244
55.82011626161953, 130.446017427039
66.37459101133408, 36.11447250921569
70.79014213820184, 110.64475780603328
25.14291077578028, 6.4543246523801585
13.31188158596045, 22.63260466878139
28.088633481990946, 102.30411219677788
40.01167782910268, 7.7545879863206935
66.35017488103261, 152.94367754544984
35.20227960719016, 144.11104452994022
77.49205566506033, 33.57146412688152
86.12159836847508, 50.508491437024915
48.580037924896125, 51.48309089263814
22.660191898874725, 23.17866442833545
81.7673475083024, 25.75274996526997
89.90400324339538, 57.8540821079214
15.97265114809806, 80.43525786352986
21.76827580829205, 37.900894670484384
60.475205285823094, 85.43514961276463
71.02041731806756, 55.173966055818504
75.79896746050981, 71.97607080203123
1.2325976261973182, 102.88131249285509
49.93689634827864, 23.585178453107545
35.0432149362432, 70.68467575667081
21.082057391485552, 130.63327333626074
86.7983144009687, 154.67835629371942
73.1136112285216, 20.752748409536114
3.025600698063602, 169.27264163284545
85.9407319914336, 105.46448679024563
47.69258409264469, 146.34221551930437
24.306637758101413, 3.859042961587811
21.47315191740343, 90.37106815315991
2.49406664031695, 0.37348666100560646
79.95300702473128, 64.74803134886456
7.188672021889008, 175.4490989252245
7.669635347928816, 178.70243920904028
61.72589377584077, 128.32177379579966
64.42689035432436, 185.06089852844843
65.95652707235273, 94.5953670272203
37.976718635634235, 159.5591147594016
68.4499195259094, 36.25271300795472
13.086059746050783, 186.5208331507642
14.546052302124469, 154.26167186658623
35.942407505389006, 151.81550761930066
33.0919618704406, 1.6453092546452996
30.143549661756474, 175.7418383031039
6.959539084941313, 26.153114841383584
1.1790450972704924, 18.800413824691155
67.33953989051373, 63.66991100279813
91.72926374061618, 162.78908240884752
74.98404111266993, 76.637221722009
5.54086668775462, 32.65900442797059
5.5405692910268645, 21.57389055455965
19.991081354966056, 190.24536626730188
68.49282575744914, 40.08699723489582
1.2000226971782602, 189.93634078264628
35.53643513206413, 95.27194282373517
33.183659204334845, 6.145436170649199
52.15381791570112, 21.39044939426875
47.66408581459435, 83.01642365946044
90.12084106036703, 113.96014110125319
58.877446247086375, 108.5520417268062
7.77268528905819, 110.92360998477153
83.51229417446717, 99.85122803390807
28.0548700718799, 106.16353643896144
48.86566934065909, 123.84471122772338
44.02181951239847, 29.023772035813945
62.08252234003052, 110.3426235158385
82.13220504541673, 149.31916642075404
60.18502943293792, 49.87143095534723
81.58565967923833, 82.08083386974596
90.05659249554041, 145.63270036144394
83.10715008483007, 140.15036189327037
79.25921310984056, 94.48557977882295
70.59878816777847, 43.17096968827465
123.22018133813548, 159.76411179515716
142.50129162128198, 15.969446630480588
126.82743141385653, 146.91065585726238
104.9957056003977, 5.039711157476345
171.8458315830591, 162.46924265665936
162.97133410757743, 62.22049617089185
199.03771040438977, 87.61499967700215
160.62098685449826, 70.30191610983236
130.41714322564764, 166.74831348823994
145.9914799527187, 173.32972140887105
119.28346147095927, 41.33755301622184
149.94210173303404, 184.8356416357455
118.57860536757127, 30.596102541088154
173.74776998933348, 60.53294416324664
146.85208413882225, 87.44362024594936
170.40610838866206, 82.92935379251088
108.06226507901958, 63.79856786453564
120.39870876509913, 143.03170345567696
108.93512559449556, 59.206054758190454
150.20748460389348, 76.81287500801785
171.33930649809372, 159.09479484275263
135.35237573466998, 63.138993864171944
123.51713436020331, 164.16063256657327
185.9547481616684, 53.92190491029793
163.3340010977508, 91.44254394107098
143.64039478122552, 68.13424248048214
106.47180987352694, 105.969079399447
145.98552939858914, 104.04057202527682
167.71712470798815, 43.85939410648136
156.75288556263223, 86.72898321707478
123.97292520145476, 139.3820199170299
154.404860955754, 68.96612652187686
162.79151450684316, 28.37251016663864
160.89778628633368, 176.17491713431562
162.31151958031742, 81.52905802860487
158.03812516974142, 129.64733265411695
152.67467485271342, 103.26982899075372
139.34814884016933, 185.6348429222406
128.59591956581397, 113.66043503878838
138.53308662463334, 16.934344660444232
127.6394470053474, 58.173129822035264
148.54432361167846, 31.040999377492827
196.9477673258756, 85.77815180057033
160.8629333672129, 37.02286817370044
105.14678729391711, 130.56951149490476
129.73381080817379, 120.92578472722633
121.34706606286765, 53.24852558906845
156.93100708955947, 169.81381835884523
142.63309381317725, 159.70442972163207
159.91704647383912, 145.3657351475235
100.40930399632227, 41.033784056424324
117.76792885032735, 187.69883324721292
165.67082945567006, 58.67496870704316
148.94093271008288, 113.3504598594411
198.3565871916109, 99.69834132308402
140.7630001817416, 51.721550386768314
170.21610156368263, 31.994107934323466
121.16833229883167, 189.78523570311694
165.41837104693303, 137.24293062757417
162.71026768845684, 149.76971822878545
117.84537749081733, 45.38617907753078
165.05290181696682, 27.680988204305223
107.4120397516581, 88.66638666507242
121.449277583751, 76.64111418063797
191.42360026967117, 122.48645264538976
143.98911953545354, 75.36568816932514
113.8963538075473, 166.26211328178493
139.9375444006844, 161.01410483777238
166.57639211564185, 103.0299845870888
123.14245907078735, 126.43290130543024
136.8644803118924, 60.82595904157515
153.31280993023194, 64.05429213358357
132.92028608910394, 38.42077674862501
162.58133366856686, 34.57112721466016
154.69688539119352, 40.34481012095013
170.86906137475194, 30.43938011609939
147.01944693947007, 36.0194907174378
139.4447646401681, 173.27474372022724
164.79772039280985, 144.11104452994022
113.77226071375539, 45.52547482102125
