160
16.200768278793596, 53.173399429374854
61.020725523366195, 144.3213612756819
22.043415605708137, 39.285700360756316
41.44276552114374, 92.91844608994964
79.91355181044837, 4.938960243893442
75.97535373112397, 77.89901229916664
68.82130792118299, 104.4261257454874
56.81099140132617, 120.31532605298649
77.34435946374457, 60.77863458784729
67.77532706203327, 50.13117950536863
29.216508467736645, 115.22857526517825
59.597348857045304, 60.83784722230854
69.53723836949732, 18.977258815739212
72.0044306085412, 181.6166420161651
45.92638087860404, 175.273812660553
49.706839914079346, 183.8870841265684
96.92127517492031, 127.52482221087091
67.09983589395975, 73.52346615801342
95.22351273617832, 168.66125661113384
48.98108576248749, 79.0190218062368
48.35874526686656, 113.48467100656275
72.01330357450098, 79.03959140927164
85.46246397315281, 187.89599643937393
81.64206183629571, 103.95122823854199
97.22732822390876, 16.544234070309763
25.972944465902813, 37.50211591753336
21.09769766431454, 158.12794070424022
39.365205923954015, 76.17028818913978
62.60841489284674, 104.74336786461332
92.6021220538719, 184.68220951935209
23.196980722296633, 109.70357144068569
80.67306021742718, 53.613291215401325
67.16385184914182, 191.13065761980573
55.96181457384727, 110.177736277597
41.71437664957375, 35.87174167975855
50.11298299669663, 131.12231931473548
28.704423147496392, 157.84819123989075
81.7809488804698, 47.338973317931135
92.25693333107267, 19.761222014491693
95.14633901327564, 180.87806005443895
38.360984382435355, 152.397019494961
36.805591956280516, 109.75024631933658
87.85713263187469, 171.63345500835072
78.60739106989465, 14.822149266643358
82.81995866969959, 6.988669886866772
34.73450582672733, 56.8283618914517
49.040922572675996, 102.35165469863045
50.32261773038422, 146.5022156529487
12.997175666547022, 145.19569795559676
71.9653248433832, 137.46383864577192
52.95076602318224, 70.86544673041193
43.06209563174718, 113.41247461812168
47.53677462199326, 165.54853008684012
57.71320955117313, 132.574078510116
88.87054924983393, 138.87805040073883
92.73952337703109, 179.12981806778524
74.65849582024411, 171.08229996776842
27.67925029946077, 118.09513602111849
78.42961072087337, 83.50775908494738
99.98321626909687, 86.19394289173219
2.2057906807506384, 181.8813219504375
88.65361612270695, 127.65040844356871
16.188475824664582, 145.80220074032133
66.49077155068913, 170.89977638114672
79.78572629387729, 27.062793430124188
93.76381758654352, 54.776045776040945
29.5109654044538, 0.9291016989937333
60.424940471186, 157.89017928483932
57.07456956174656, 74.94236717757998
18.987151368562508, 65.59006434116583
88.61140982650552, 178.79410880657844
65.21120028123146, 23.07078452004292
16.15871560969724, 117.51634448809413
83.91024116856242, 43.31968837400325
61.888355338102684, 41.639204834242975
97.70731262998996, 44.89893168212318
60.70051360652943, 141.98582648393113
32.02684323879692, 149.43500901445975
12.276886993226842, 85.1306924903683
90.33291012638355, 106.82374118553275
122.53723435666646, 40.36472331300196
138.9792744766338, 144.3213612756819
177.95658439429187, 39.285700360756316
158.55723447885626, 92.91844608994964
120.08644818955163, 4.938960243893442
124.02464626887603, 77.89901229916664
131.178692078817, 104.4261257454874
143.18900859867384, 120.31532605298649
122.65564053625543, 60.77863458784729
132.22467293796672, 50.13117950536863
170.78349153226335, 115.22857526517825
140.4026511429547, 60.83784722230854
140.40409534898316, 44.985447259328296
127.9955693914588, 181.6166420161651
154.07361912139595, 175.273812660553
150.29316008592065, 183.8870841265684
103.07872482507969, 127.52482221087091
132.90016410604025, 73.52346615801342
104.77648726382168, 168.66125661113384
151.01891423751252, 79.0190218062368
151.64125473313345, 113.48467100656275
127.98669642549902, 79.03959140927164
114.53753602684719, 187.89599643937393
118.35793816370429, 103.95122823854199
160.31786936657303, 63.48189137766991
174.0270555340972, 37.50211591753336
178.90230233568545, 158.12794070424022
160.63479407604598, 76.17028818913978
137.39158510715328, 104.74336786461332
107.3978779461281, 184.68220951935209
176.80301927770336, 109.70357144068569
119.32693978257282, 53.613291215401325
132.83614815085818, 191.13065761980573
180.3393570946589, 132.67114774725277
158.28562335042625, 35.87174167975855
149.88701700330336, 131.12231931473548
171.29557685250361, 157.84819123989075
118.2190511195302, 47.338973317931135
178.68713335365382, 41.81475309982498
104.85366098672436, 180.87806005443895
127.15774453771687, 173.27249768640087
163.19440804371948, 109.75024631933658
112.14286736812531, 171.63345500835072
121.39260893010535, 14.822149266643358
117.18004133030041, 6.988669886866772
123.42011133997397, 17.696305796094315
150.95907742732402, 102.35165469863045
149.67738226961578, 146.5022156529487
187.00282433345296, 145.19569795559676
128.0346751566168, 137.46383864577192
147.04923397681776, 70.86544673041193
156.93790436825282, 113.41247461812168
152.46322537800674, 165.54853008684012
142.28679044882688, 132.574078510116
111.12945075016607, 138.87805040073883
107.26047662296891, 179.12981806778524
125.34150417975589, 171.08229996776842
172.32074970053924, 118.09513602111849
121.57038927912663, 83.50775908494738
103.64071944910214, 129.46663851530295
174.05844129745012, 151.00171325773678
188.06422058475263, 93.43077393936153
183.81152417533542, 145.80220074032133
190.53337547525595, 91.41987897332584
120.21427370612271, 27.062793430124188
100.23777427705457, 93.36925524051291
107.21701928367486, 77.78542136160611
139.575059528814, 157.89017928483932
123.88669159814543, 82.08918675940842
107.76158329901318, 48.734845136467065
111.38859017349448, 178.79410880657844
134.78879971876853, 23.07078452004292
183.84128439030275, 117.51634448809413
195.97014664298575, 72.40744521428397
138.11164466189732, 41.639204834242975
102.29268737001004, 44.89893168212318
139.29948639347057, 141.98582648393113
167.9731567612031, 149.43500901445975
187.72311300677316, 85.1306924903683
109.66708987361645, 106.82374118553275
