144
83.96179123390661, 110.92359745245504
96.84147807183014, 45.6930113122671
9.387913490166245, 79.01104665200582
30.58863774204995, 87.54050235647036
29.66207993630855, 38.23918314000634
7.922885638234966, 86.82500331767177
55.783485246615726, 132.38912577724426
29.69745712662991, 128.84944486924675
36.74528333553911, 49.107404445486466
69.80346358143893, 151.77975740248618
20.696681974279564, 95.71736647089726
53.673401577419135, 21.6941655818639
39.1244324509656, 46.95134122570248
87.91721321190262, 103.76015853190803
43.00921502049457, 84.41549084762694
90.15394911978137, 189.06636256803586
95.3707677940993, 13.330429485249873
44.421762630543526, 116.74109832734068
46.11504587533156, 130.7434242525256
76.65204212640926, 50.84515498547433
85.02309728800715, 54.82564813527651
89.71351668154827, 80.65873862439001
72.5466119201373, 83.99972410905517
85.38191188979343, 118.85332827631159
77.81642231297725, 143.3173151923856
40.702165485881345, 60.93684448833603
7.6532917717186955, 134.53614704173583
9.29360807232924, 112.14794832904454
80.33311317544735, 67.20710546210489
83.55616991307245, 73.33887600740134
38.20941236106441, 159.17772796364775
76.33287297817836, 30.44665626923053
39.87026023881338, 121.13515399368472
99.3792328056845, 3.1233285965099444
56.52956150356645, 80.92245815296484
49.21049850507649, 155.93731785733914
79.7007437369886, 127.93044007638761
54.52540848254621, 179.72624503892155
87.500443427945, 58.85490020229438
96.35324825396935, 113.32515846235198
69.27983015758129, 38.925378219543916
9.500072493676814, 125.16131177780298
49.827200111232926, 164.50172258133162
50.998345507961695, 118.28769213892527
76.54593845714273, 107.1852138284729
61.22625875125978, 139.9193680384363
88.40330134569732, 120.44737149825382
84.8498493551371, 36.1076412713019
69.3153898797634, 85.80776453563645
42.21563897887388, 149.09365326675575
84.83640862653114, 195.91751711937516
39.7969152890305, 63.59850519080792
21.20654490949596, 70.21291178104204
22.37799830356947, 162.85906683908445
27.165623518915883, 142.55054804104327
59.26682804806636, 117.63045021714503
55.68166110081595, 141.53110685482338
13.628582869480855, 55.577882562169755
42.4804908175428, 40.3148530005957
10.157691561103011, 99.97395528928634
44.699939908019694, 124.89997488350613
29.58047703186487, 102.80351116652236
87.32902033157987, 65.99169462280916
33.43267071990827, 85.2730324020031
116.03820876609339, 110.92359745245504
103.15852192816986, 45.6930113122671
103.82758488909596, 193.63739621333065
190.61208650983374, 79.01104665200582
169.41136225795006, 87.54050235647036
170.33792006369146, 38.23918314000634
153.5488025540018, 69.59595855899285
192.07711436176504, 86.82500331767177
144.21651475338427, 132.38912577724426
170.3025428733701, 128.84944486924675
163.2547166644609, 49.107404445486466
130.19653641856107, 151.77975740248618
179.30331802572044, 95.71736647089726
146.32659842258087, 21.6941655818639
160.8755675490344, 46.95134122570248
112.08278678809738, 103.76015853190803
156.99078497950543, 84.41549084762694
109.84605088021863, 189.06636256803586
130.66735584319116, 26.661565566432664
104.6292322059007, 13.330429485249873
155.57823736945647, 116.74109832734068
185.35579156476066, 106.67550190977491
153.88495412466844, 130.7434242525256
125.94433697530093, 78.0929913129649
123.34795787359074, 50.84515498547433
103.81657488323329, 128.70324998208034
114.97690271199285, 54.82564813527651
110.28648331845173, 80.65873862439001
127.4533880798627, 83.99972410905517
114.61808811020657, 118.85332827631159
178.02202937338313, 47.831638384693555
122.18357768702275, 143.3173151923856
159.29783451411865, 60.93684448833603
131.56444192210222, 176.29600425865783
192.3467082282813, 134.53614704173583
190.70639192767075, 112.14794832904454
119.66688682455265, 67.20710546210489
116.44383008692755, 73.33887600740134
161.7905876389356, 159.17772796364775
123.66712702182164, 30.44665626923053
160.1297397611866, 121.13515399368472
100.6207671943155, 3.1233285965099444
143.47043849643356, 80.92245815296484
150.7895014949235, 155.93731785733914
120.2992562630114, 127.93044007638761
145.4745915174538, 179.72624503892155
161.210071289574, 97.57246648672955
112.499556572055, 58.85490020229438
103.64675174603065, 113.32515846235198
130.72016984241873, 38.925378219543916
190.4999275063232, 125.16131177780298
113.62751459695691, 147.91566107579615
113.81452179050618, 13.846196221080698
150.1727998887671, 164.50172258133162
149.0016544920383, 118.28769213892527
123.45406154285727, 107.1852138284729
138.77374124874024, 139.9193680384363
111.59669865430268, 120.44737149825382
115.1501506448629, 36.1076412713019
130.68461012023658, 85.80776453563645
157.78436102112613, 149.09365326675575
115.16359137346886, 195.91751711937516
160.2030847109695, 63.59850519080792
159.44800150820635, 85.02666405663317
178.79345509050404, 70.21291178104204
177.62200169643052, 162.85906683908445
172.83437648108412, 142.55054804104327
140.73317195193363, 117.63045021714503
129.27075491522984, 77.368379504008
144.31833889918406, 141.53110685482338
186.37141713051915, 55.577882562169755
138.92823956592434, 67.04448959284359
147.2303849425835, 29.176000793466606
157.5195091824572, 40.3148530005957
189.842308438897, 99.97395528928634
155.3000600919803, 124.89997488350613
170.41952296813514, 102.80351116652236
112.67097966842013, 65.99169462280916
168.6887851327697, 30.75726338639675
166.5673292800917, 85.2730324020031
