240
19.802533774957553, 34.81270219647604
85.22498972076805, 159.30557586756441
81.73716395530309, 136.47902841995847
41.018985624756404, 26.80488878867741
60.042516014233655, 105.41280190568546
46.48411183735529, 162.3457976113263
49.33009504756655, 87.75189802603506
15.749949408852718, 86.34997543832267
27.914345730714203, 133.60676694272797
28.441487137089453, 94.93628774265001
51.948530827201395, 14.747866435841264
84.46597777570335, 106.8369274417512
5.7287739025011035, 58.371804905079486
80.11626449791476, 49.381739645198195
13.844484168744323, 174.90029203859322
92.84155845626667, 94.70470187059685
55.27962583033557, 60.78691418464338
67.56083834706558, 71.82228948640541
32.05136527014055, 31.997034513112048
59.20277791996577, 93.03914299198956
79.28263636331795, 64.54411465826051
72.51423151003564, 146.1150066786417
84.5625114248393, 197.7624115222921
66.59959419457225, 48.73126634114786
62.725556373962604, 186.1710313320914
74.03185363192372, 72.67684763477322
34.67287448049146, 99.74893143260336
70.42951709858258, 118.42503133639609
46.39779065341415, 149.0713986162702
3.3041814336943816, 81.4088152734554
32.16494706598883, 132.72914388115376
28.00067391583144, 121.90591841841588
7.9559072105396496, 65.8019342268243
3.1011878362194167, 136.04221979645257
20.94266781386669, 145.60228373000888
68.7271791908914, 155.93670835776285
30.21012306502883, 61.784204211565694
37.52242142021727, 198.1724417226759
83.13344053246198, 45.16495895816291
90.60611021042995, 59.671451619212895
10.172685415587836, 96.53817955076063
51.2040480653471, 131.85846548591587
38.012509977969174, 81.17511848724398
74.70519734122662, 150.74711367712354
89.15313961358262, 87.52227132988043
42.2747939618815, 94.27989382528857
71.51621630077196, 39.00965462605242
47.01621927041002, 78.94092706916813
41.643191046930525, 83.87553661903807
73.73780615481812, 79.74433219206213
65.34425690202342, 64.01682503723896
15.829472032338764, 1.3840835874715154
86.02846699069175, 147.4845015630879
68.63304596053831, 68.58377127608242
76.56449102295967, 10.893953105615523
3.865277216696512, 78.48915942692383
69.43128944375417, 9.109803410062938
8.113163125290612, 73.07507117552572
87.96495581179343, 145.476249084153
1.8516774250819878, 131.76804020049104
33.187044173158185, 194.13231525125332
8.0537802523138, 120.18396446942882
91.10702973412397, 64.97000815492586
30.78647039457319, 190.53943768275033
73.18103175349879, 180.43392901192598
46.34802986438812, 54.063170647433594
20.553376721153683, 174.12768066901685
3.3751259269705827, 173.6735103447931
3.248464442516749, 105.33252454906018
48.31325348255225, 66.93103612331326
69.2587715106016, 52.83605271112871
41.077135032812734, 181.96636336178304
48.15359640855015, 53.44316857807139
16.679146324472875, 193.81199822587152
6.9607459244391805, 78.67145702554022
57.78774805495125, 67.91326724474447
75.76496507754204, 99.69580035793435
68.70415746142164, 157.72592298263226
15.410200486675969, 65.22072070341787
80.2250558012624, 12.072026193431029
30.6601463834252, 108.38675607636046
40.886835316141536, 35.811817692032854
64.78558808692499, 188.09242435809418
65.9290371450544, 16.4424539826576
75.84603171480688, 49.77746701963741
7.408231355664007, 55.15406660387852
74.36845244104556, 111.03336548873995
51.491542325810336, 102.97479823005789
34.14792609150379, 107.1380587934799
49.232820633523446, 181.96966773375175
39.58681271361261, 68.7245283299595
27.53855042068516, 8.635884829733897
27.62888375341982, 179.57777422895552
54.48976489453954, 174.2392435380801
84.50994698669673, 162.54858257543782
47.73841181547853, 55.59935827990956
9.424377117403793, 64.72918266316807
77.57102567132861, 75.03994406341639
62.272943118690016, 78.14223410494954
11.942304689461968, 21.978858049999197
38.84360684769388, 116.5273786612953
38.824643515913024, 25.202437310757265
95.70041309905695, 37.697407031026444
32.533080998653695, 152.63444014775337
33.07458372063401, 184.38156401023042
10.151038921882105, 48.00681159215707
46.481054106259144, 166.84529389452194
57.627887923819365, 146.4585563594905
50.83237180297605, 35.466632550584755
84.34440295400518, 152.43800245508461
60.242133200410855, 89.18170326366896
68.08951371586896, 6.122245292607809
24.185153090296964, 170.86315679468643
8.737084209960777, 88.98417234401296
47.34126581393551, 168.62016822497907
77.06745769000138, 129.66634520579646
85.70628707898311, 156.65223270144187
40.936669544903125, 118.99123433110968
62.552875974716684, 4.7514269934019415
13.798165636065507, 84.82886132041212
2.9493214122939038, 147.37996672577063
64.46968117062045, 127.00652375519167
60.648696860053604, 101.51390905847413
86.4438532137062, 139.4266254229178
84.24240482685418, 94.57165548807271
22.324132349886238, 86.98430997001194
27.07625440427274, 167.4759336045657
27.65088954456829, 160.97823450623093
75.70899497727346, 93.40519477759624
16.44255766733629, 186.36658315593795
31.02923249927676, 37.077277057420524
5.408604842269405, 19.472404095760677
96.7304196270878, 198.9004281654912
95.88435131422558, 160.06734120649134
52.42899237552094, 74.22361533495075
12.242346824841144, 109.50300307048472
29.835573408292937, 13.022122312828333
22.720525528075363, 2.4503827675829815
28.805010047743373, 165.66198883127447
65.19380937283078, 24.148560598816072
4.7471287294987725, 136.5612053994885
17.31480207904613, 114.0760646544644
56.899844866253645, 196.80538186960524
22.11343320287518, 181.42927484852794
47.42103247096298, 31.17812325743565
65.57595766661771, 14.696705198553373
9.732579008595188, 61.24909253405435
64.15728433687148, 181.59525316946628
29.07682529122335, 185.4613312386388
40.194156653476085, 147.98764544597302
61.90520583704709, 69.26268310706047
72.8260301206744, 29.413524557208383
8.104574316542957, 81.32269164148862
9.903375469300556, 172.79250654279795
49.36446679893902, 74.9364534936046
57.2426825399587, 194.49337512798414
36.068219000402756, 11.944542923857671
32.42089326035303, 101.16653931999873
25.976260458123647, 130.57747820751038
38.12692680110017, 83.247402926922
100.41133449770663, 86.72852919429927
175.60295114636452, 98.67717289858653
138.94952961853087, 97.8344254501098
105.26660710143904, 54.396119950470975
159.0670848935427, 164.29388231998786
166.858404008841, 94.77585357887087
143.62758118036987, 138.1163522461341
188.1188505883136, 84.57045075077995
102.36834349430855, 179.73574128738747
132.32795077969195, 124.24638885385757
114.33327000550717, 1.9077958967833597
146.28478331638937, 47.23594568053262
135.6302119433383, 65.76442192554903
109.71811960766036, 118.77704489486752
139.22665578299365, 152.5765811878625
179.39741702539968, 44.95146458259107
146.083044454831, 82.14534368136262
149.17221831386598, 132.14394652889862
146.28139384705207, 41.953745732120474
148.87028210727834, 71.2128036122369
104.55679329462711, 0.9911639838276365
159.1282020915458, 173.8220720531462
121.49455621878087, 157.65227817505829
113.27733667592864, 8.956344726636045
153.58035201030006, 142.20480815166073
126.14370379240862, 40.220303842405734
105.43322106202669, 122.46989645806036
149.17896455790847, 172.9162758679942
125.04161678005099, 188.727931186445
145.63918141782705, 107.15190358383808
109.91073724729019, 122.20092585636935
128.93739925891, 154.72636110650095
132.4190533402337, 127.61249811956208
162.6291367266939, 82.38775428737878
125.6221673266486, 130.93674602277002
120.82314447162256, 106.83114845300108
151.19729760200659, 15.316910737206758
108.20992386691786, 134.39215277796214
137.8934472030819, 50.11094687599835
113.00098192967857, 26.250607045100914
152.52557294216587, 164.05583126361105
100.2568362479945, 143.5268142758925
165.61114831935578, 154.91672658390442
123.19665964304573, 87.46257383537962
126.63213483068508, 124.57224369513105
111.49108534472654, 14.904354019690103
102.92760439094756, 52.99368299809808
127.21203955083979, 7.842291656249434
113.62935818625522, 77.91577879517881
143.83245247398438, 73.92556784740304
112.33053095162117, 18.320068604885176
179.01416409357338, 54.09781326607652
141.43776100929279, 109.91098609728007
186.8057019185223, 64.29362720994942
101.45177496015127, 67.80528268821205
123.42162096715944, 9.188789730105018
166.14357324405537, 88.15469701647922
126.63710901823492, 23.277292889125167
176.10557777007966, 123.55338178629283
131.3851139579767, 169.40108237816005
141.68563244209594, 166.3551625070029
155.1074921080903, 171.4925448722096
119.20012629707217, 29.790496351823357
174.48362277491586, 129.3310319942099
137.97969992617925, 150.70549023338225
113.33353620352929, 38.62818620176232
100.17502571568903, 162.68585200433765
155.61457775848817, 161.22410139504336
142.1042349841089, 86.40099956794639
147.42542101459938, 125.81145253677381
138.35637328151347, 31.83789241050834
134.94793927309814, 123.72900644190625
140.82955749216262, 84.82989199814195
185.61026221298405, 133.75460666932665
122.55380313881969, 150.28954907289085
113.04281220447379, 66.04797808867926
165.47341185907692, 84.06766516759711
138.25620798040688, 169.60285083847896
153.2664918752604, 114.49646216170835
171.80582375764328, 64.73042251979433
