192
6.201880884146746, 86.6283925363846
12.453292139063322, 132.31577505412974
87.88142444321475, 51.800787403476534
41.8725607563526, 44.27717025261193
86.23881222499415, 117.74535634877192
78.62437749364436, 181.28686213415298
25.028836329905708, 179.86501924109353
90.1513618693284, 47.28377734117368
42.51740531065886, 129.94129968750013
13.050981184428368, 104.03735178496805
39.90843380253275, 114.65696185712895
84.04394976992833, 12.57475027460413
99.61237918952037, 63.287006460624774
28.441573384608766, 32.41253699496891
82.50325558583901, 55.265415168917144
28.964980805998422, 91.74997199927257
29.71286206574623, 28.625061177108265
42.578785766394155, 66.91988499139431
93.10141379222777, 97.90469600928948
22.566300156071428, 92.80101691301003
80.47083032650598, 43.8565031854099
72.69544053625503, 58.535254601852515
91.58550483441907, 57.70878207141248
53.19480516876373, 167.58150728749015
10.267467976568645, 102.43492294823464
57.548476089970094, 31.35264268890168
79.64828690817362, 183.33814483549867
16.531862879096803, 74.63691467511508
57.39927217196923, 21.692401810781003
76.25542277131669, 172.86769409664532
16.712085674937555, 72.0506398352307
26.041431629096948, 101.3103805542235
38.27246754507099, 128.51128986910035
77.0297710581396, 38.04198027951602
80.47306152016745, 178.78748967244107
96.92793106840803, 99.07256757799212
49.690120785204485, 175.23853862515668
39.61350350364818, 37.955322875476206
51.997277360314925, 143.6722828923784
73.34951773692114, 117.13510506339931
31.518731548952168, 109.52334057393661
81.97014507894453, 137.80342175054903
19.634676599355053, 18.65836422235507
48.25355807484872, 79.4752580169102
23.06663362869137, 116.26667858145399
48.74855050376784, 62.34357312138028
72.91191868478612, 125.33795924298097
37.05332611137352, 142.03177020480877
95.54506065193308, 123.02637196946995
99.08435364556821, 2.372241791772356
86.29061100608894, 115.02676036265251
61.60533222952097, 56.70927527078333
30.377862895030834, 172.75500610426647
48.890575498355105, 136.50984994648636
73.21091488446447, 65.76127334890799
24.02722909471928, 63.85143824929236
70.14122550942193, 183.91854165922433
91.56385268135355, 179.74260148070863
19.741360372234716, 93.99807560545914
57.549668725872664, 18.207941361311274
99.04905439334283, 160.54089287878648
60.07643277635865, 127.66896261542124
77.54272546587282, 138.62486205410835
39.31767931005786, 93.5100103017655
58.36059042375547, 64.78659761747795
45.38578548481155, 60.48381366154437
22.142819155737683, 55.32626721016055
12.798992473868623, 86.85760638388301
89.01592428578644, 74.2904189936565
4.454937087461914, 189.39851368652103
38.244554403588296, 160.40329238564374
71.13981933287138, 8.666650644826701
31.74792628933837, 37.42235893924881
55.120896817442656, 198.65433664585018
76.95947043958566, 141.45983062798396
89.32512243567085, 132.0013130982064
38.40597354730723, 143.3916073962488
69.60774600932018, 98.6242685975267
65.50243864932965, 7.135458358686386
33.215881164127445, 34.33531752890897
51.4374136320657, 177.66980196409938
68.06908250735954, 150.86859455780007
70.8525439803757, 168.92081529132975
60.834891653860026, 119.53504932779637
31.989801778669257, 129.88201981861533
4.5896220202696565, 165.1962784708984
55.75753203139663, 165.01863026953495
44.43324524984135, 110.22851586276651
88.74071422859616, 77.6763541080485
64.80132466572005, 149.2166323722679
85.30381326612059, 19.73936283750333
66.31992304257295, 1.7567575410753822
9.870881952811061, 195.51230800694205
10.854686232690069, 90.71236442947365
97.71163279758865, 21.413812628156293
22.69895248056382, 34.65353739204813
68.76659794301558, 58.58745420345104
46.03856941635283, 37.28579785551447
39.61655233707556, 46.07596606907476
3.090719726533009, 167.04094708648952
31.108910443218285, 23.000480560850068
21.96063107580256, 128.68962533300194
66.19648948540161, 83.18377151990532
24.394217881935308, 127.86428845979702
2.681120337220344, 146.68541501137076
14.692469339331193, 82.95654913796326
47.084214691430894, 8.36521676806019
42.8433845713805, 122.51447167876125
88.80566166374699, 12.99547903332643
51.91673057166686, 27.357428344528813
94.75999813054266, 166.1942755497572
72.88103708780947, 90.84195681598719
135.20985383767845, 16.92846905754719
137.68745576073977, 61.15580604411559
112.11857555678525, 51.800787403476534
158.12743924364742, 44.27717025261193
133.10807489815437, 95.94694276032662
121.37562250635564, 181.28686213415298
159.200231467608, 155.58865504277117
109.8486381306716, 47.28377734117368
106.31493151891345, 192.5052477640272
186.94901881557163, 104.03735178496805
160.09156619746724, 114.65696185712895
115.95605023007167, 12.57475027460413
100.38762081047963, 63.287006460624774
171.55842661539123, 32.41253699496891
117.49674441416099, 55.265415168917144
132.1809844517755, 103.46353577309854
162.4409772086766, 100.38680277961657
157.42121423360584, 66.91988499139431
184.5751759244531, 93.260074178912
177.43369984392857, 92.80101691301003
119.52916967349402, 43.8565031854099
127.30455946374497, 58.535254601852515
108.41449516558093, 57.70878207141248
146.80519483123626, 167.58150728749015
189.73253202343136, 102.43492294823464
142.4515239100299, 31.35264268890168
111.15858783104355, 160.7484705276931
183.4681371209032, 74.63691467511508
142.60072782803076, 21.692401810781003
123.74457722868331, 172.86769409664532
112.76503703226723, 100.19128751761602
193.46105329365923, 94.8131368963635
161.72753245492902, 128.51128986910035
122.9702289418604, 38.04198027951602
119.52693847983255, 178.78748967244107
139.91028984616116, 175.0346090100624
150.3098792147955, 175.23853862515668
160.3864964963518, 37.955322875476206
185.35275264099926, 86.61635979044257
105.31281720761986, 105.0915069836023
120.90993862965647, 39.07296092307577
118.02985492105547, 137.80342175054903
116.44583547503943, 15.874448293007681
165.55542177444468, 83.7402623904514
176.93336637130864, 116.26667858145399
151.25144949623217, 62.34357312138028
127.08808131521388, 125.33795924298097
166.10394288258738, 95.32469393271295
178.42953592638253, 147.78586312952245
100.91564635443179, 2.372241791772356
113.70938899391106, 115.02676036265251
138.39466777047903, 56.70927527078333
173.0335868570116, 142.05528067990934
151.1094245016449, 136.50984994648636
141.77588660353928, 55.910604683044916
175.97277090528073, 63.85143824929236
178.93700420048106, 115.14585613954675
108.43614731864645, 179.74260148070863
180.2586396277653, 93.99807560545914
142.45033127412734, 18.207941361311274
100.95094560665717, 160.54089287878648
157.32329498904957, 69.71011381553245
102.83394221690365, 82.03469620663692
175.0840256205195, 36.84253782193352
135.81908893615116, 112.16937114836034
167.38620074860896, 45.92629144965361
108.77928089242909, 40.894850894126364
128.09633927587288, 47.78112119012472
124.0061159816284, 85.33823293659239
148.95828956829143, 140.7409295458147
161.7554455964117, 160.40329238564374
128.86018066712862, 8.666650644826701
168.25207371066162, 37.42235893924881
115.54285813962053, 177.89399406370393
123.04052956041434, 141.45983062798396
110.67487756432915, 132.0013130982064
161.5940264526928, 143.3916073962488
130.39225399067982, 98.6242685975267
134.49756135067037, 7.135458358686386
166.78411883587256, 34.33531752890897
