160
94.18516650042514, 147.81324202601058
68.8424646828868, 81.22405365386905
39.096168435124504, 10.918890401979112
57.28187022146678, 158.68003368471565
82.14886519103605, 172.19002449128033
51.74350424627548, 99.08811386904239
42.05774715417709, 63.91110842545852
67.98912854616584, 108.85826263974081
85.43524092725472, 139.75613511265385
96.9493126630153, 23.073770542637995
63.30678856430347, 142.2971843132489
15.606351449659101, 85.28983595661906
8.47037856789838, 25.430106767156204
20.50656412561058, 196.19086318723242
8.520752331507548, 120.05400356349878
80.95815590173798, 74.44489396017808
65.59705656435938, 57.58180959664267
78.98678398374962, 94.23512509032463
43.25246608536657, 167.595937058247
61.62533509345716, 15.107130364274894
80.13050185482125, 29.97860139612211
84.01944463032547, 63.96112513569574
58.104985814502626, 76.99001729327897
87.88463304399501, 30.45157553652059
44.332033527461256, 148.68773846021634
52.45008735897579, 48.33960025797516
48.095856571283505, 102.96150940228969
51.57086592065012, 175.4030083423576
91.50744690692886, 93.51303421061672
23.036288455702593, 136.88774626324175
18.822959284414374, 121.15685028367761
39.579366572944316, 24.874773542182993
76.31088586921031, 45.91981430651116
54.749908189590954, 59.51152820954319
96.14080805646645, 128.15731118072392
28.639831702637697, 110.74495529940933
23.10773076073461, 71.39692847473731
21.00957165269215, 59.428069827843814
81.41322172373512, 162.00957627345835
4.461769906290002, 112.48837979937487
22.883573527039665, 9.22736665086235
23.505612016834142, 167.08797389586562
49.690452989057945, 137.31044462633866
42.12244892646595, 97.11212764800439
35.05180201825475, 61.63584327284718
9.008419559432923, 152.39798147044806
85.20523447500116, 197.30613024288635
62.989532590013106, 89.13190557701
63.85978424835456, 116.68209228305234
19.81060755741815, 29.566922158798896
65.50371895487213, 123.1833888258786
43.006585943415764, 183.63313051143854
52.80547014705118, 62.58982646501403
69.53569626081216, 36.68524541642626
19.23309383090708, 47.377419909879976
84.71936310778683, 82.47593608486574
51.63661071534837, 35.72359555644182
5.730328053691046, 60.72070368812109
70.7329743064274, 126.47327244786011
5.4416977042917, 76.34445387379064
97.19598485945953, 116.1883531956897
29.055488241659845, 46.87824289919371
25.604375197113228, 82.66208147230493
92.13009635359415, 122.04431939938046
2.264651243020907, 13.133280134296932
29.10370056308905, 11.38993062786723
23.350648684927556, 54.01877731195427
97.42410974773898, 24.982953651604078
54.43808536601614, 100.26220845946008
83.91371976782352, 24.511426445024767
38.17320066975941, 165.98501244828202
38.228200989167284, 94.01347046547082
47.79437375960281, 50.78790752805162
40.786858032526276, 53.714917656982486
94.47722618464785, 128.71313330188718
34.37689653226448, 119.5629916043942
47.740966695020404, 168.8371557075015
43.153390624287326, 128.6620438776822
78.18075374001528, 62.29209375124864
12.172663744226057, 107.09905353444182
105.81483349957486, 147.81324202601058
113.34426253578509, 4.997357580700279
101.74640382806734, 65.15674772416283
142.7181297785332, 158.68003368471565
190.08420920282657, 103.74853230506771
161.21829556209016, 117.1951136063471
126.29978197214919, 79.83465547970094
113.73829892116744, 47.606648443803
134.40832468787528, 176.97809138140295
103.0506873369847, 23.073770542637995
144.29528143650782, 169.98394059222449
104.64883221394791, 158.55714247308023
173.230275984452, 95.02439996036132
109.68872110275083, 192.07327676992284
181.49746518848164, 147.9629176986237
158.81838140609602, 135.95748900435888
142.69896813988862, 96.04897810782862
135.42242373157472, 27.690175556765894
196.30349114228596, 125.8154666055539
198.1703712912301, 88.07077640683698
150.42093038649483, 22.180854929464978
120.04738311515919, 114.44727296374819
151.8160791144217, 88.62081781165038
141.65654333822516, 13.731743676110408
180.8368847341028, 102.01956384713515
160.03987987153252, 73.40481086665494
151.9041434287165, 102.96150940228969
118.21118657195693, 157.0180952571151
177.54888587578023, 147.49998367285008
182.53923328330458, 127.56739859674495
179.4110931035145, 137.90111708079365
160.4206334270557, 24.874773542182993
126.09787319353906, 58.150917378901966
100.5790902791348, 96.51190940848527
141.8836415972145, 183.1539937707186
171.3601682973623, 110.74495529940933
176.89226923926537, 71.39692847473731
178.99042834730784, 59.428069827843814
118.58677827626488, 162.00957627345835
147.46050703025458, 138.90665555875555
134.13494211308864, 37.52625818576827
163.50257092901145, 106.6095588613653
150.30954701094205, 137.31044462633866
140.04649493542462, 22.767717713588386
105.51173634204596, 87.731537905064
121.41867133476916, 121.06608790415332
145.37039706082402, 158.46105651409854
116.6222638053978, 129.39595926874074
134.96552585601762, 77.76232692621774
127.85258486326563, 61.45157903900469
107.0757538201391, 71.08890646022236
139.58593841155715, 189.41953942005352
147.19452985294882, 62.58982646501403
154.3471042536433, 40.90163768805461
108.07337671859088, 74.6341348567487
120.23855375765835, 10.999144433989748
132.44864627507238, 17.26047320217141
132.22825649373073, 115.4195786716978
129.2670256935726, 126.47327244786011
185.2648768898826, 123.93949738961967
138.49255345189013, 125.59964728587838
189.52444474461117, 114.34539175962499
107.38097197374185, 85.40380119708628
159.51466855374477, 129.6807518254296
128.39507112243848, 48.32975898757503
163.7047788454772, 77.77092721240166
147.6335416858833, 20.54768133968736
102.57589025226102, 24.982953651604078
125.19672148284742, 62.678935008326505
112.31788226898357, 13.557652608038694
163.27896622203764, 150.54177529076458
161.77179901083272, 94.01347046547082
194.87426523948488, 94.42348962560389
159.21314196747372, 53.714917656982486
141.90195999776623, 165.1304056819572
154.26068015017285, 62.61208899051178
125.12776174850903, 113.55876744780606
107.34780712793923, 166.892130380774
121.81924625998472, 62.29209375124864
151.15764749112853, 107.70162966399761
