160
41.58121269353413, 3.777265300817316
65.15540910940484, 192.997810364896
36.70658457186109, 191.4194970896974
6.462238559590652, 81.31021445605568
89.45124697474284, 74.93304524761166
59.83231281118046, 116.05585141482383
89.04068470138094, 77.12878193091024
11.729590440855409, 68.74869278766312
99.10165090031899, 113.02372459942333
55.425533760411895, 117.43639242588716
3.0773806723719943, 108.72645591975694
38.94613090952778, 125.10663883492346
20.482644722989136, 192.28584969102076
17.169211634962622, 40.410340952827745
35.772940400831054, 55.41489591051485
63.25329941003449, 59.41828952813428
4.326002756480811, 79.15506005023181
11.315893093845819, 76.38606268781048
72.79714925027882, 27.312909089564585
36.24077439001504, 66.79438217680436
90.3953004693879, 122.81955750543447
76.33798166185557, 57.25278751240653
82.29916882588971, 34.00161266475844
98.79695988665024, 155.40362981731923
47.93819341616526, 55.48403994715376
57.99329001567543, 41.64577400543344
94.73592958321674, 177.0836726067669
80.27708019180241, 182.79295884141666
60.34889523727574, 30.965484677915427
81.9091608707858, 151.12275383091756
26.598802363326215, 169.38008769842588
85.7275121813291, 59.36258863563164
59.5090821403098, 16.319322555867277
20.20964230681291, 93.25421760213699
40.27430682631443, 104.93420505010319
16.134560467533575, 155.800715750841
81.88873150409736, 30.67608899721317
26.277645946001197, 76.25884396479822
27.2730401461608, 142.62160917549517
86.24238737922965, 74.91253312647791
78.41377229448447, 138.2676680479648
53.41162382334209, 155.51330422496864
3.7595602731749693, 138.94453384753172
93.23039287234232, 139.39348512984654
85.68726640203452, 78.51810341426322
42.16431764919888, 184.77604772560528
89.36646283464404, 41.24680890247146
19.340950576923035, 42.92478696166205
68.98908867900155, 36.957414438277624
19.257673288818957, 139.27039980685973
85.33516710893704, 163.46539839744943
53.506804034195916, 191.5473193533772
93.94918544117361, 96.22587376202421
48.18406604782393, 80.69523142582298
88.93852083998108, 49.1592288222819
28.69823431902593, 42.5635591433176
49.554780085863385, 114.32010401356064
97.15005164138118, 2.9196637737355857
4.527785273269814, 70.76429493846345
39.67125485068877, 61.65469599462496
72.4455491085563, 155.86795752076875
65.50751003166353, 139.8021124715065
99.20799995835844, 64.3930104090661
52.23178421796996, 90.75600080468219
92.1402864239908, 87.62393549155729
68.13021715830196, 82.76833520550262
38.402675076510775, 167.62103594754615
23.075333766049553, 70.15024534620142
74.53474118958151, 106.2802133006645
21.911813951880838, 102.99654432189507
45.979625366023555, 131.32397273710467
31.55861763406055, 58.081577871410374
83.63260820248347, 24.959873202775142
34.25299529413129, 127.11011193190339
5.963760256427314, 38.472274228500694
52.559563032582346, 57.90224384564024
70.5788644500947, 120.82582815339467
86.89134096519335, 26.224174228194343
10.980263322305444, 183.3673262291138
24.894344654861584, 170.90612273948034
135.49415605501127, 21.97294462887214
134.84459089059516, 192.997810364896
101.41317739290658, 136.7238536475834
180.856541694477, 72.01202870186123
110.54875302525716, 74.93304524761166
140.16768718881954, 116.05585141482383
110.43787228734467, 45.72617773580006
188.27040955914458, 68.74869278766312
100.89834909968101, 113.02372459942333
144.5744662395881, 117.43639242588716
156.717975080106, 56.78832845534796
123.16851459303089, 165.46360257034368
166.06674952161126, 152.5160975389047
171.85561748919764, 60.88352305083151
164.22705959916894, 55.41489591051485
144.81617960354862, 60.12129704546578
147.09808103981243, 146.58583612808405
188.68410690615417, 76.38606268781048
127.20285074972118, 27.312909089564585
163.75922560998495, 66.79438217680436
179.3844506338271, 93.36378910876304
110.14512828918895, 127.05980934172871
112.29900681627052, 29.227679768892134
101.20304011334976, 155.40362981731923
152.06180658383474, 55.48403994715376
182.3111527402255, 52.31877063909447
113.77998578442332, 135.9989722684317
133.6279361551293, 191.23888125904185
148.4693829666116, 61.02381272128152
113.75821017442371, 129.67045888203708
136.5322671387555, 156.51222702082254
114.2724878186709, 59.36258863563164
140.4909178596902, 16.319322555867277
134.7114957868127, 87.13667414384993
170.46708530286526, 94.78360708282281
145.5957911531842, 188.34626617619173
118.11126849590264, 30.67608899721317
171.6619175322786, 152.03151067823896
172.7269598538392, 142.62160917549517
119.00382694877149, 88.35436507394996
121.58622770551553, 138.2676680479648
146.5883761766579, 155.51330422496864
158.06921171735485, 169.12880549241973
104.13530276507575, 111.33914385572079
114.31273359796548, 78.51810341426322
166.87157303875557, 131.3363905584137
171.1954392766076, 107.54140160778572
124.68363603102624, 72.01257554984647
180.93593517386645, 115.65100199836313
180.74232671118105, 139.27039980685973
114.66483289106296, 163.46539839744943
102.53342218211927, 112.94884014104554
109.1645012054714, 64.12305545057615
151.69586171844674, 29.34435626060312
111.06147916001892, 49.1592288222819
171.30176568097409, 42.5635591433176
152.5282737584924, 39.022700604550664
115.04904905913655, 1.6285541100115708
195.4722147267302, 70.76429493846345
102.4174728349832, 127.43551170306104
127.5544508914437, 155.86795752076875
134.49248996833649, 139.8021124715065
100.79200004164156, 64.3930104090661
186.1142152608234, 134.78023209448685
107.8597135760092, 87.62393549155729
131.86978284169805, 82.76833520550262
158.27512462030177, 150.18412711782992
176.92466623395046, 70.15024534620142
177.73247739784279, 42.151764952697434
149.27185707890357, 173.88987519738242
133.94456665771372, 116.41110330080966
168.44138236593946, 58.081577871410374
196.2533929516075, 86.05952884581873
127.31338946402849, 124.06044692507756
165.31185248385867, 26.14200378827576
107.8061990473714, 123.1548578832817
129.4211355499053, 120.82582815339467
119.8439334325583, 18.797410608235012
194.4595691069596, 130.43645006784232
116.29836514462743, 183.07757802439474
