160
97.9216471675196, 44.40087654011185
36.62038138429733, 18.133689094252205
55.36250680529279, 85.69483861951535
0.6679505420276257, 59.689402085028306
18.92259318617519, 94.96224819438707
39.89424957678248, 101.57141532884899
60.36166172545339, 141.99300428628376
74.84503252797374, 27.73223086260016
31.908587131830338, 65.90652609535863
40.990670266128255, 142.7828860975555
22.097931716534006, 71.78775500117013
1.2939159387115495, 56.69347362187344
94.41834014931999, 125.12714592874053
43.92107256873926, 47.390211044947144
79.71187067753922, 15.529083974183514
58.4165886592578, 194.3725807030487
30.083379618685072, 166.78537851858195
17.59941577661509, 144.96777521113995
49.793430223871155, 97.70684603738623
96.53840560329827, 121.23903200828836
70.04675795258694, 82.42344185785636
85.77912211164434, 169.31707217122437
77.51004769647682, 121.51117087927382
43.86817070040649, 66.22761911646069
49.83339412180071, 4.984274567872696
68.37008457268735, 137.17351085606114
48.676837651222314, 80.11133301641885
96.25290156753304, 136.07744827787053
1.6273539098931167, 17.9155768157229
8.062285491809625, 119.92739329322015
44.84227888803145, 22.205727701874935
78.14515419542194, 46.97369994168069
43.72075985375379, 50.409338909643985
6.477634692275213, 124.22462326833443
34.82477865318705, 7.859426989654228
65.47867936532047, 93.6849664038421
61.908093496908336, 54.85211098702974
57.913796265415876, 93.12603317266561
37.8658198612894, 87.17607603026543
8.659263273082772, 110.42656502545584
10.102472567064474, 66.52695430446093
65.74382920838967, 65.68449253459437
84.54194087170013, 29.338574930468127
36.11190646986395, 4.73974071189501
54.24425366784283, 175.01523685701508
96.31539513800361, 109.23139613289926
52.0791882005195, 133.81190813388935
21.917819690319234, 59.72196335617603
61.7522292933153, 69.20984038796188
14.428813068529315, 115.59580490567103
59.2148648321201, 77.62729606478895
8.609372667402937, 51.095371790456255
20.9031860677417, 154.811957511097
81.97480211231323, 80.95786918128717
59.886079628822806, 107.5915688839831
20.588396920930236, 115.15437362162939
43.928228193785586, 109.85661583576152
53.90467591612253, 16.721963559301734
2.2988504182852765, 184.44598646732604
99.28634259939723, 121.55026449326803
77.5534430329551, 105.53951220219082
32.972610762905376, 138.789124608797
90.37772972630246, 144.34804720934557
39.899953707179364, 140.5572836175159
38.2525676557063, 53.33734277395895
61.03980212209275, 71.21491964422412
91.17779809815354, 27.291324901822605
77.67452546596583, 44.250592184826274
26.8392975897428, 28.239641775405012
19.393600591502477, 35.66734955438369
38.25145911035453, 84.20146454028192
29.54769115858314, 113.70610934527346
16.946011221457603, 34.80963384557804
78.03757981613326, 108.92650362414062
20.964648847934335, 156.7574753041941
33.05116488805241, 147.15587027004256
25.373870655995134, 54.09239546207094
39.66468486972818, 40.694762420502755
55.23471663281451, 102.726189877035
30.68602812855029, 129.25116310601092
128.08129937891664, 101.80759120682458
138.34549704685534, 86.49810014131312
119.67317150734377, 78.48583735620419
128.58482573366254, 104.01626926534206
102.41543086627937, 141.26374439050542
180.92427199832446, 78.28556985516278
103.27043222212441, 71.20215611733374
183.67944421465054, 68.76287701171029
105.0825058112986, 28.77581400973368
126.27193503937583, 117.83510836776816
102.75749455681425, 15.098776181787876
156.64363152848995, 18.767399070066727
149.49609173599748, 178.65867925449425
108.67489917188723, 38.39196963515601
170.6718631303039, 48.39739061608013
105.47948233577722, 187.36570004524023
194.0936514375439, 120.30535048368716
112.54336823622158, 123.21342961815719
108.32772502273197, 147.87411512624226
177.19143368047793, 156.01160679752343
171.52552183719652, 72.07908678840171
162.27301029761506, 118.12069792431372
147.02486554286605, 130.04809483992895
162.41070035871448, 37.757326705752114
176.80513033787196, 54.67420478507001
137.92884789281345, 128.90468383259454
130.91304501745694, 23.11829741872833
103.36639362255015, 150.57678735237565
141.73706263783723, 33.50693247355663
143.84234432387976, 161.94021338795673
137.46076150468926, 67.67876172575768
134.4320026858915, 8.32481069904405
102.00287603369803, 42.1613424247687
176.4907600046216, 158.0610902117266
107.1115493580527, 27.71881716332798
145.78563399582282, 87.69124365429406
177.47189050724148, 114.11295820465214
112.13582497102806, 18.195602393220067
193.50397624568313, 117.22675735030114
113.87307336000342, 157.65505293136465
136.64314743600823, 103.91491704705487
113.6918770895353, 43.917002612324474
107.0368208873641, 86.6410919515945
121.20606919082958, 73.0205753630873
170.53589671318178, 110.67065102255702
122.01096317395542, 71.53614309516645
166.52637864101172, 172.7547557398941
133.5544109846386, 35.715696466332545
179.69243958812476, 83.65910869307511
182.9688540848194, 63.85208697349305
105.39646071958597, 35.72501225405698
115.61026546411539, 130.4576519540093
161.20242371665717, 119.57844464346444
144.170378851637, 128.30859274436187
172.66743796040606, 115.32676131770532
102.23746032881674, 188.56933014134898
125.11583065186173, 98.22086245583299
118.99563766824406, 29.920102314987098
154.5670199341897, 168.91493142318936
130.45970837940337, 126.94955924940507
123.82429834608564, 83.8339836436791
171.4373863154815, 91.42312581966212
101.68680163021592, 195.75172738637116
183.48659838527158, 73.45284901755127
123.75522017951184, 69.08947232010694
116.24724211921875, 92.83372561043721
131.05221564810688, 28.228015491723625
119.68458756208113, 101.85389787846194
170.67768163454468, 65.10459366197546
116.05787772118133, 84.89526619154834
143.7471326523874, 71.47194124431067
114.9169141499519, 189.08590480233184
165.5503500143182, 85.67040399562214
171.22493954601978, 151.71710323490043
182.73831267536823, 115.12961289513086
167.80916662015457, 92.59493438594883
113.40462074188518, 66.98503621577687
117.01254276526724, 74.00110332581909
103.96417628738658, 80.52990539316171
100.02120036095373, 166.97662941881242
