112
22.998866424205154, 36.642709150122556
90.88794298632965, 21.905451312122825
0.8732600082570596, 101.33090546197872
97.10222383577933, 176.99515808273665
44.22800975877461, 24.275997859331966
63.55423527593273, 90.64134345995411
38.01460661980119, 123.01092546550964
76.54440476109227, 41.32205359605723
49.61622870938614, 92.40486058120918
56.26809740220492, 55.44622102511818
54.92058782168184, 57.190356290025115
20.093713950314275, 159.1067580667024
41.84246729845151, 139.70743041695738
15.035728213163612, 77.3185437729807
91.43044378882117, 157.06283222047804
61.18509391730033, 143.58400233268026
5.896017521237351, 69.54627424264956
66.04554176448656, 103.40821209183319
93.53272480787335, 119.71254114262084
13.363833120859702, 68.6635447064718
91.75176745313979, 141.90679526508384
91.46607433607163, 70.37357003604771
19.42167739261914, 150.65268751323978
36.33712380060846, 50.7486401379619
25.522076912050206, 160.5904608306884
49.135509638049044, 153.22734592219632
81.62725217551554, 61.59131563382174
45.19681316374346, 116.63705942038354
66.16643542534578, 24.70892147392929
58.44891574825325, 189.70295242683497
56.689191354159775, 63.71417686439995
93.55852516174552, 2.454140388868864
120.33737380949425, 143.0696256006046
177.00113357579485, 36.642709150122556
109.11205701367035, 21.905451312122825
186.16985700666743, 111.43344994566912
199.12673999174294, 101.33090546197872
126.2606098038576, 109.824547854184
166.3698913870376, 128.17323635385986
102.89777616422067, 176.99515808273665
155.77199024122538, 24.275997859331966
161.11762158112975, 33.16833731404558
140.27803611622744, 60.1640247148459
136.44576472406726, 90.64134345995411
100.58085503797558, 65.0540064394502
116.81584955250355, 196.32062026700575
116.80254156679862, 176.30495840637735
161.98539338019881, 123.01092546550964
157.27380099641903, 114.31116585015756
123.45559523890773, 41.32205359605723
188.60000398964436, 108.41686318690348
109.42124071911202, 50.81934699084012
118.07201271728562, 28.831187925141478
148.70193207457234, 179.81568190902405
161.03877281959694, 30.539594487066246
150.38377129061385, 92.40486058120918
173.6108234274229, 165.54503889501083
111.55812225628297, 181.57960757175366
143.73190259779508, 55.44622102511818
132.577360417596, 157.71298402709039
145.07941217831817, 57.190356290025115
179.90628604968572, 159.1067580667024
115.39641868552035, 116.719370667582
190.20467498931262, 125.04232392095653
158.1575327015485, 139.70743041695738
132.31539209798242, 60.86574904289608
108.10728062595852, 58.359415930892446
181.70150647450936, 64.00815503612401
166.8669387786283, 110.86516635559241
101.87289239861896, 174.03110895281827
184.96427178683638, 77.3185437729807
108.56955621117883, 157.06283222047804
123.29401793387363, 174.7204357573291
138.81490608269968, 143.58400233268026
117.02615331015835, 51.8270958502528
145.50550025175232, 184.49354328481144
118.82481501597594, 58.28724142510997
194.10398247876265, 69.54627424264956
122.0983523530021, 133.66846430703438
133.95445823551344, 103.40821209183319
106.46727519212665, 119.71254114262084
169.97025767782543, 41.48895933301786
159.6504369979864, 53.17087158997258
153.4134511093069, 151.63722438631592
185.33215209754002, 70.31384250256103
102.33267675970758, 95.89134271842647
186.6361668791403, 68.6635447064718
108.24823254686021, 141.90679526508384
163.45441036982672, 147.7048773896754
111.35381787948528, 107.19953909784587
148.97331575278622, 49.83801363726301
108.53392566392837, 70.37357003604771
111.34155956442267, 95.56747182231598
129.4724651879264, 181.2718546610234
144.07142450176235, 186.69081649508718
172.12307220603114, 52.06303181475309
116.3751713042379, 127.02867584836146
180.57832260738087, 150.65268751323978
163.66287619939155, 50.7486401379619
174.4779230879498, 160.5904608306884
153.6151759728155, 174.12069495131817
143.7946739912137, 79.53647617937803
182.25647617218223, 111.85825249674859
150.86449036195097, 153.22734592219632
121.45217309598092, 2.9901568884407315
118.37274782448446, 61.59131563382174
120.69365910738085, 121.09978073359333
154.80318683625654, 116.63705942038354
133.83356457465422, 24.70892147392929
141.55108425174674, 189.70295242683497
143.3108086458402, 63.71417686439995
106.44147483825448, 2.454140388868864
