160
47.82400215841272, 50.89350252994842
57.966311218152, 24.14605873511455
96.40951590354497, 82.63395805850173
63.65223166845803, 115.2732104470292
30.687849061940597, 160.6611050797233
93.5809229875596, 52.726198622845885
18.02648235188382, 93.13676236269414
12.001784586054553, 90.73373623104919
88.96325429942151, 187.31415092010548
92.99006440482273, 96.49380994173222
12.719361895929016, 77.64040704859896
62.3883725188187, 179.68199085758303
42.25303311116334, 158.57973671452058
31.478240332312403, 107.50189596904367
13.060968263060024, 56.638943055636815
26.454491136574852, 108.57269707350706
34.279242419420505, 144.7778486727817
72.90349687130553, 64.12698385578561
98.07375287066044, 145.16641952224882
7.990559771883299, 84.8072802409275
8.18977967678144, 93.33796459002615
56.28776249838221, 52.768799795548716
26.188108419685797, 99.35812088385718
68.63490129861806, 104.75187361862935
5.906169160555241, 108.2995812986171
81.51935301597149, 65.63196135148155
97.27945874999557, 125.71393617810325
26.187154799586033, 153.11572684343733
62.24866860037499, 61.95633064436914
44.146912887145525, 180.8931760876885
76.26895537501099, 59.14796717163955
44.78170767893903, 52.910797336992374
88.60509518688178, 178.991111792749
47.13376717096691, 85.0958180431541
26.35232871474361, 113.08756957508636
9.879443964864587, 69.41960598793871
65.87575964830198, 33.333099151323545
60.577594560555994, 19.880303993455527
15.14259874756182, 100.35987122508243
90.77491828266486, 71.56306508296053
50.55063053356776, 158.66533211411766
52.81344148398881, 162.12134749439758
67.81676602647852, 137.40651883717035
96.60773901196642, 137.03171468180827
24.475385890169033, 135.8120184068508
69.14164663015993, 39.946458180957165
62.826259989341814, 71.21078896189539
81.98225586829713, 31.330239863338495
43.07232453755666, 147.430294982381
97.24386930171585, 186.36195809132738
79.04937578743841, 100.10228895220573
46.12702559641379, 97.06735893053053
31.229722297968323, 142.67402989139117
84.49500313495656, 178.04235785456112
94.94571241842584, 104.6040592898302
88.2976722697649, 7.322539834912956
46.93095275881175, 147.92018445293223
60.552840762916304, 131.66346401333396
17.825190021143346, 63.096278817706434
53.899954562302064, 147.74493950863237
88.51956154706012, 174.69460769827296
53.38244223318621, 158.92245245620643
34.42532591549611, 30.02128703239888
93.47388785591323, 12.597106932502932
87.5276404840957, 74.50023785510716
29.451217664343467, 127.19946327593811
56.48488112581369, 33.103346399769485
92.42017082256746, 145.32522721096933
37.91936956616427, 155.05900489561645
7.1940668051453605, 77.83327842752672
39.653947787868404, 35.240439219265184
34.079950434492126, 140.6345324025367
34.75218769367957, 95.09721437324916
7.521326333227818, 117.85416704567153
90.53762430185692, 189.30098490503354
63.660944590617376, 11.476129542392698
57.50840295351315, 63.50175373428242
49.46121122666008, 179.87570108080612
72.02608859390786, 30.733468995800962
10.182287682779545, 77.34994791435992
152.17599784158728, 50.89350252994842
142.033688781848, 24.14605873511455
103.59048409645503, 82.63395805850173
136.34776833154197, 115.2732104470292
169.3121509380594, 160.6611050797233
106.4190770124404, 52.726198622845885
181.97351764811617, 93.13676236269414
187.99821541394545, 90.73373623104919
111.03674570057849, 187.31415092010548
107.00993559517727, 96.49380994173222
187.280638104071, 77.64040704859896
137.6116274811813, 179.68199085758303
157.74696688883665, 158.57973671452058
168.5217596676876, 107.50189596904367
186.93903173693997, 56.638943055636815
173.54550886342514, 108.57269707350706
165.7207575805795, 144.7778486727817
127.09650312869447, 64.12698385578561
101.92624712933956, 145.16641952224882
192.0094402281167, 84.8072802409275
191.81022032321857, 93.33796459002615
143.71223750161778, 52.768799795548716
173.8118915803142, 99.35812088385718
131.36509870138195, 104.75187361862935
194.09383083944476, 108.2995812986171
118.48064698402851, 65.63196135148155
102.72054125000443, 125.71393617810325
173.81284520041396, 153.11572684343733
137.751331399625, 61.95633064436914
155.85308711285447, 180.8931760876885
123.73104462498901, 59.14796717163955
155.21829232106097, 52.910797336992374
111.39490481311822, 178.991111792749
152.8662328290331, 85.0958180431541
173.6476712852564, 113.08756957508636
190.12055603513542, 69.41960598793871
134.124240351698, 33.333099151323545
139.422405439444, 19.880303993455527
184.8574012524382, 100.35987122508243
109.22508171733514, 71.56306508296053
149.44936946643224, 158.66533211411766
147.1865585160112, 162.12134749439758
132.18323397352148, 137.40651883717035
103.39226098803358, 137.03171468180827
175.52461410983096, 135.8120184068508
130.85835336984007, 39.946458180957165
137.17374001065818, 71.21078896189539
118.01774413170287, 31.330239863338495
156.92767546244335, 147.430294982381
102.75613069828415, 186.36195809132738
120.95062421256159, 100.10228895220573
153.87297440358623, 97.06735893053053
168.77027770203168, 142.67402989139117
115.50499686504344, 178.04235785456112
105.05428758157416, 104.6040592898302
111.7023277302351, 7.322539834912956
153.06904724118826, 147.92018445293223
139.4471592370837, 131.66346401333396
182.17480997885664, 63.096278817706434
146.10004543769793, 147.74493950863237
111.48043845293988, 174.69460769827296
146.61755776681377, 158.92245245620643
165.5746740845039, 30.02128703239888
106.52611214408677, 12.597106932502932
112.4723595159043, 74.50023785510716
170.54878233565654, 127.19946327593811
143.5151188741863, 33.103346399769485
107.57982917743254, 145.32522721096933
162.08063043383572, 155.05900489561645
192.80593319485465, 77.83327842752672
160.3460522121316, 35.240439219265184
165.92004956550787, 140.6345324025367
165.24781230632044, 95.09721437324916
192.47867366677218, 117.85416704567153
109.46237569814308, 189.30098490503354
136.33905540938264, 11.476129542392698
142.49159704648685, 63.50175373428242
150.53878877333992, 179.87570108080612
127.97391140609214, 30.733468995800962
189.81771231722047, 77.34994791435992
