224
36.66752129510776, 25.39439568340171
79.11890374011557, 13.122641929444008
50.426530745429304, 188.3231508929727
54.33915960037263, 136.28518791433734
18.315339436430044, 48.99182257164889
38.17412171799182, 49.577993693328324
71.58261663962226, 129.17780443844873
24.143415981571003, 125.80736873814949
43.78911814717075, 127.8719567713962
35.90336074814598, 74.23292761234711
74.90411185565333, 106.7133865346857
45.96141836437705, 16.61355589327328
17.820784603147175, 85.7627809633708
70.65396094762853, 167.40900696278385
17.975715423508078, 119.63597738127639
1.0899260744502186, 87.36063767056349
10.713913496006395, 34.65827409976573
93.84630462021626, 98.8310616081973
76.21363090470356, 149.5852289063883
16.14352065272314, 142.372015387997
97.15187399079768, 24.771450634075443
62.65136296835555, 141.32053473784364
43.69462628889561, 171.99397072616725
40.74308753382815, 18.350329617380552
25.233609621502794, 86.324339918746
80.85790582460575, 100.18688908790041
62.571418088200915, 68.47630445318529
16.479777424457303, 132.47020735932085
84.77823408838924, 137.43773863559792
50.20665956131632, 58.48806507218065
28.30489433188764, 169.42150404841817
82.623696224134, 151.31185225842654
7.537795830312319, 18.037934671717835
4.17184125842903, 157.80879380835333
90.51867661769097, 12.558825209423162
9.840932277719872, 52.88303112819559
57.70870950181715, 39.27097608393366
82.01126495567799, 48.52291282407084
57.2728483717144, 104.17978483660066
17.05989061377265, 57.19020454022606
57.31308096447225, 157.03618062363032
17.952374581275738, 122.4872313988491
61.84977297843732, 101.52551223651488
8.263574810470246, 110.58135160961918
42.56715558903884, 186.00165992309746
79.90412249482976, 181.02610532799503
84.4867717221334, 45.96531202757288
24.85479575306435, 42.9848359779347
26.521160473906964, 133.9970309095067
4.773411621852475, 101.15238742426588
55.96570731069009, 117.54446754775027
56.824880592036564, 170.1913196302037
57.08904249875853, 154.78838060504913
22.21539426196616, 44.65231310784823
65.80544352348618, 173.00697068383147
41.63484934205539, 170.03228106035422
43.978939091228334, 45.7362859039687
5.392470824220894, 132.35332680826718
56.43409493988989, 138.77113657092235
84.68823769439783, 198.93043244144116
40.45657041392389, 58.90119692662352
86.10188724349395, 133.59042743887602
40.76784989358228, 79.1929086016487
35.9002871520473, 83.70852970769155
65.83312618121451, 166.55845518706116
49.235952360647, 52.260136395515076
45.254367579505995, 99.61106026838256
34.17902281685241, 130.4203889685449
66.91502661104903, 43.49082498970314
62.54349418834316, 144.36856654043595
20.674074081172108, 174.06940588109708
78.05839544841281, 87.95435248631702
69.86802382166233, 86.07333814512386
44.15775403473695, 85.2882120879807
58.69175613576356, 160.57892999491193
97.31790093013765, 179.9477273005786
32.74582962803612, 104.3262000452169
52.1587272990533, 194.26746725892872
18.562343556505155, 90.801101393083
31.427511383467042, 105.33454501431423
92.55902312290156, 72.3425821330965
31.56518469171764, 27.180490592202066
34.881298439277245, 3.761771751861076
94.53681090981968, 132.38170085489085
74.88046256482362, 143.24731937506778
25.977030467360397, 76.36510072294462
99.9729684918522, 48.97282698341257
88.7520030020772, 143.4576695146833
30.80759904081122, 69.81257231134902
30.173707107730262, 67.24220731921358
49.036897070029084, 128.91229322487646
7.764745594815614, 78.12696625772742
63.61082750078882, 161.63988386338994
68.34530965334827, 156.86910459673507
28.517714175264597, 149.2752806415432
83.94645376899119, 44.44752826448231
20.700590571781852, 132.9995299649209
47.3481782813596, 140.18315554118047
22.793762164126473, 108.92173358231372
53.14639837691525, 0.09960479819111079
63.9681823356257, 90.79080919597651
57.77277225830846, 41.99560464122074
92.35985175272555, 35.39437412989379
82.36907024762887, 127.70760260618283
65.34201566708131, 142.1871170868199
93.46572038448218, 13.151511460952946
60.472566790319625, 63.24143433338474
8.581363664290976, 50.88434371581363
93.48629186359234, 197.1100948003303
32.004074035041505, 148.34207618185422
17.862802968808012, 64.26742156116588
51.191385012123966, 98.93927774124589
70.60802759043986, 90.62475886924277
24.908520060291593, 70.38506015469714
37.966503013401955, 69.49455499008619
90.21583348572622, 2.30847854022036
43.575776739685956, 110.0712065694896
86.27658640325508, 8.444348706712535
28.24198112306212, 12.021522579863975
8.686052255776367, 141.06451384919495
84.58381838929398, 13.615627026904153
35.2180046374994, 194.13503897121063
35.408164804947376, 26.76588739027659
39.459468882205506, 20.513728657602503
93.8240379908265, 38.94994613168365
85.13046745306889, 32.228355136748156
66.61244077885489, 161.90878514960448
98.55251996306653, 123.56833655268599
67.49564441320419, 29.093936950319033
93.84838960016747, 185.72638367139882
56.34634990309969, 166.8669032824357
87.83263548473361, 198.35414163333053
64.6770873467465, 46.50703870076798
99.51291303292187, 191.08420242300923
57.03472780763721, 101.24244402661833
6.866417901242694, 94.72189368638048
93.06281874202547, 86.07863339543054
63.269765769117626, 154.49974789754407
99.70577266124484, 145.346967092309
58.214491669958534, 187.26136008982266
96.15049368435024, 30.992951528007893
73.20838858010451, 156.12505972997027
81.1302871726749, 116.09825098307726
49.60876379342963, 40.08922278004279
110.41917767346247, 82.77768603800453
129.50330877908496, 33.21945104142845
104.23021425494883, 187.70198258768127
145.66084039962738, 136.28518791433734
181.68466056356996, 48.99182257164889
128.54953241027897, 19.135550709916505
177.71306325056818, 110.74869031392755
155.27367420295903, 58.802545221563165
156.21088185282926, 127.8719567713962
165.46028506271773, 115.61664305428397
137.53384300816055, 47.41257500800313
133.4830475887188, 30.864768389571417
121.61301912896138, 16.447827573445274
104.19051352619645, 128.83444490822828
143.1608178121961, 180.13936530896572
131.88314777491956, 152.38264501587935
187.25740963725264, 81.34916622913977
141.7696016670717, 35.96419536550071
106.19076848760247, 199.33885039215485
138.73255723240842, 90.75124490270564
102.84812600920232, 24.771450634075443
137.34863703164444, 141.32053473784364
109.24886315371097, 146.2653960048005
154.65109991856056, 51.92526244786988
108.24098875314169, 6.755823679272255
146.23478348164286, 175.75492233647546
137.42858191179909, 68.47630445318529
164.9117308844907, 157.35153450668008
116.26396542694508, 155.3299155446438
149.79334043868369, 58.48806507218065
141.61355945415488, 189.96249417346468
159.15325816076813, 136.09214212092266
125.13882689382993, 44.911504180063886
176.37828620184354, 138.51751616923437
184.53164997001534, 71.05767713187959
128.9475850644763, 96.40934561186477
166.13687110672387, 113.9615633255967
191.20166789854284, 65.77246424400249
103.23146802655604, 69.7932576207208
140.07584112626836, 129.30887767229865
182.19061532629527, 147.30993866732442
168.15339170268297, 129.03211013791392
141.3780386616457, 118.79205598099998
166.19418183215495, 91.09162225852154
156.4827141392955, 156.33101187339506
134.09425764530926, 101.32933430325663
115.5132282778666, 45.96531202757288
175.14520424693563, 42.9848359779347
189.50203989375194, 138.64039366512117
150.60910791660996, 159.54128673780437
111.49810170863465, 102.32907740208819
143.17511940796345, 170.1913196302037
118.08769274506203, 193.14411022268374
177.78460573803383, 44.65231310784823
163.71944593865533, 170.6504688234861
180.3782909077305, 141.0422090970106
156.02106090877166, 45.7362859039687
119.37665037076384, 95.12197422017108
167.42096784772465, 150.16941996659043
142.88741320349027, 173.58833673315394
122.78569479530549, 49.02760885123099
143.51154436550547, 146.97796113331486
173.50841876505032, 119.80798522724712
164.0997128479527, 83.70852970769155
102.18488437393327, 132.62291658357725
124.64572518558977, 3.2233897164159364
111.60611253865198, 88.6430342176666
105.40152849422239, 142.90291115052383
112.77982331099456, 13.051673662695794
158.33053497801467, 165.50563807030863
140.17003369763896, 122.47945899639763
169.35734319690513, 157.49722172896017
130.13197617833765, 86.07333814512386
155.84224596526303, 85.2882120879807
103.33087377287946, 181.8170905599001
118.28018453889939, 178.6447429321171
117.9408282177976, 176.5462456334107
126.4164427475431, 182.3777757877418
181.43765644349486, 90.801101393083
131.71892176335047, 89.08535651331428
