160
84.11531616657479, 143.581966846589
54.780866942792564, 40.409559001764165
99.32645284067438, 108.55234968864279
19.656886335051496, 140.50089678701397
48.66305543131395, 105.39258723613209
20.506984572849014, 147.9730916190765
4.133515090657113, 127.93369912303575
7.786100679899526, 165.79619171826897
1.3509083656419918, 68.037834789835
98.16643756795949, 34.529110234749496
49.58672558576167, 12.627311068598445
35.67156688118399, 157.88186365009284
69.14751164046314, 15.901647045890073
60.40096436501654, 150.79817333451481
62.31417525451809, 143.14593785262912
69.59489066786115, 73.34379878780825
0.9067234911412569, 61.44926255345882
86.79447568176357, 86.99111610197957
63.23675069636479, 171.33921142757157
63.50439471781313, 100.96114659564893
19.39484872244116, 83.46042428434033
22.02411431250502, 130.93352545418398
17.808719854832304, 86.41940067002281
96.38357849616852, 99.65739980093656
31.084566218650977, 56.55746530903285
91.14465026016546, 188.31295132050585
37.414465825984905, 69.11638328691252
39.768763873990075, 102.97463239409589
24.17079636773378, 96.87432748896336
53.77003275044207, 43.88296419963082
12.728535426358434, 163.51460823352488
78.20180722213986, 26.327119625454777
58.70383647548605, 79.98126554242906
93.60188535439819, 116.6599850701251
27.47292089135683, 94.06224227544836
79.47246687639836, 28.108577295464116
40.90153986829003, 170.41219488762377
26.05323951970071, 8.085068578485043
43.85721039744218, 149.59772338727066
50.40911264146444, 182.04544292283816
25.899195458713066, 111.39124880121238
29.26402426354706, 87.0440596568494
66.62380168035699, 26.338479519705473
98.70863781247489, 120.19167522894759
60.01268543181229, 114.58435399796792
96.52283073183006, 167.04386859142298
96.93520697927434, 24.272154080570687
20.50156980411133, 70.86925570311706
32.581009557448695, 132.19361765815722
46.33238463931079, 41.58828091395439
42.382963038332406, 182.62361782163794
5.104794603905098, 94.00984300186829
30.026707240423576, 78.66748865666119
35.11298596001595, 97.3382638385721
31.026001740688724, 145.647133175909
29.2981858747913, 149.96491513154587
53.164382555957005, 34.68220685999952
28.72149759828057, 119.00317313287465
14.019953830336796, 115.76987840837147
53.74513348889423, 89.45988467448367
87.92972110444258, 173.96845193562615
76.4351043640636, 13.309043360063527
27.900791850148455, 158.6908766922758
42.651469178421195, 136.01450863719108
52.81018620510298, 176.4977304096535
26.300516519800908, 37.13814189982637
26.828475607088034, 119.77919509794967
24.38068277130475, 83.31542911989101
62.48561142640488, 129.69939057854833
47.56124029780919, 73.15170673738254
46.65339356740128, 88.28885561490183
64.93092167820303, 22.29216205106588
95.49542850339138, 187.51408117242147
96.45734623292161, 143.85367232090536
86.26262086725009, 94.58135847605931
81.45433026738013, 181.08756886594927
79.55494219851943, 175.84647048990104
40.95000358763723, 146.463087428145
60.29919998350627, 108.12728212568017
34.94048090473045, 193.98435573437865
192.8575095136163, 83.35636520165515
153.97004513011527, 25.519919383942067
156.85037148768208, 122.90937495366849
134.58200372079804, 179.84327230322518
169.91122448118074, 100.275209325147
122.21054421801168, 177.10927557242374
123.82402701325904, 83.78398324811917
172.98797379494528, 143.24757679814863
166.77822166237513, 126.39010688518044
101.83356243204051, 34.529110234749496
103.44958730810463, 36.24118199396334
164.328433118816, 157.88186365009284
131.258786909494, 42.49740686527872
139.59903563498347, 150.79817333451481
168.78518076614705, 88.61722288290879
154.34983894938148, 123.14557775253323
149.46354585954398, 117.65768585046432
138.48250311147808, 111.47966403763161
136.7632493036352, 171.33921142757157
136.4956052821869, 100.96114659564893
119.7003361984429, 91.34683076381948
135.7575705422625, 148.94417237526432
129.5427179549576, 52.147476262557156
124.09930250859136, 153.04419792435692
168.915433781349, 56.55746530903285
108.85534973983454, 188.31295132050585
141.50041300509966, 59.99950278880766
148.95831393656297, 51.0195911113829
120.61146418838872, 167.8090284343901
105.39363081802446, 68.70702855539119
133.1132167035987, 110.6326671873622
182.28928873810133, 50.14282932242444
123.4462251261815, 90.75889911476492
175.33195793359164, 162.0282778679413
145.43723380861599, 118.38269751825872
106.70739731104068, 85.44133360939318
159.09846013170997, 170.41219488762377
130.1445130110955, 39.539920362510436
156.54364800158748, 72.65526820883498
173.0230195160931, 154.48605962631535
128.41508872422258, 81.67797126958956
170.73597573645293, 87.0440596568494
133.376198319643, 26.338479519705473
104.53272834733353, 197.43916813634098
113.3059555909672, 51.34709052912354
140.27528657501085, 157.35828504016632
134.1396950260193, 65.51383259358926
179.49843019588866, 70.86925570311706
141.96419847468783, 177.175398826395
153.6676153606892, 41.58828091395439
182.65086810555258, 126.79493558763888
164.9431011825799, 119.04199952292198
117.12527037215577, 30.250026842572076
110.71700788202777, 65.11496914871013
168.9739982593113, 145.647133175909
102.09419487909874, 141.295710360864
160.26773149579176, 65.43688016869889
193.41854326965378, 112.86640550460938
154.53466538229523, 62.43507277446692
121.69502020104996, 102.47004205403225
190.03972897545117, 99.48837770118584
101.8219041609683, 58.23069328231354
172.09920814985153, 158.6908766922758
112.63870163018677, 128.6127020627046
181.03380115948363, 117.86663306173175
131.0864989078961, 6.479232557222225
194.79833414139262, 123.11187017885135
150.55186162603093, 140.80213874558075
115.24202302303449, 71.01155423930278
171.90020523004256, 51.29873368960551
153.34660643259872, 88.28885561490183
156.41293883755395, 42.81923639840266
118.41370020351569, 191.6396069775099
155.78049758240155, 139.52485742198166
113.73737913274991, 94.58135847605931
132.6437813649988, 122.46830335010257
181.5132016280715, 100.5997587900832
136.47694973888758, 184.34096085517297
186.5790086741586, 108.0742404237104
131.53909220361456, 148.247861595366
