160
12.313939447572636, 124.7183201797489
33.514158341680876, 69.48246374318876
56.86451947936049, 98.90184802007452
52.12414698402053, 47.90715124747728
67.35145941676134, 95.27663966116822
59.42106827884696, 16.71768618780841
27.30991912327269, 103.09435461929196
56.284324754035566, 149.84468554710918
82.42793642097052, 30.93951458601384
32.85171452957711, 34.73359936512847
19.6316103261682, 9.040335841671979
88.1133665201581, 75.28664148452816
84.85675304791482, 22.875151124833465
77.50247004047694, 161.10573912188636
77.20405507218987, 73.30148294011043
8.081059678628094, 30.398696659956535
26.312418862809487, 166.84861291875848
51.341671507004236, 159.41081285345334
96.53640841282125, 124.23070300542578
69.76545433793542, 188.04543291349742
10.466876159623608, 138.45182246063428
96.88669886203209, 16.551452253993425
36.806162854529404, 137.9694132937841
81.02791368058718, 8.956673194871541
4.345797672877133, 103.96243957715245
22.526271935208662, 82.98455134132014
10.035151961299348, 75.41107280726963
17.9634472830813, 60.091527281557376
90.50701191161531, 10.069670202942106
69.96993495297392, 159.8130891027708
37.25224480501719, 79.76633155776932
94.0757098517602, 54.085022763222376
94.23677264324724, 157.51122086462385
32.38743482531247, 80.75406894194793
47.332096881834644, 163.55659841421706
86.52173466239861, 69.14848158008802
9.62926318366165, 156.70719087736538
79.90280893234531, 138.25634465353906
18.69032867404895, 41.656797967666435
26.717143146107446, 137.3406277199417
71.6214426758556, 96.59147461258877
93.45134494839033, 166.1386545894765
55.345097384525424, 111.68721572862496
15.20353015418382, 132.92993081025602
43.83918466351095, 126.95673312747466
65.60793391187752, 127.2299986629137
98.95456455124747, 30.952335940568823
29.651606958658483, 59.02447600704012
25.590994160564208, 52.20722252930669
92.87615094681553, 9.072184590012977
94.8814457523386, 105.08958611327826
90.23614825381199, 73.64247869938957
82.76755961624411, 58.12969068709249
1.5244528352845066, 131.10688413207916
35.195628835132275, 2.220932713369635
7.75367497017001, 0.33012850898225565
46.58001694226492, 176.52567768504724
63.757036051596685, 85.40950872627621
29.03262764190284, 90.81389260069463
96.41102049411839, 171.47741162450032
62.27086836199361, 116.87340782408297
49.1555390911097, 146.7430744452401
66.69391283730441, 113.25732094102669
94.38199256943388, 162.36057931271367
65.07012101305077, 48.47030217090213
47.17070605117799, 128.99119232341604
18.615050126209326, 51.016704263563746
25.56227043908027, 110.651787710603
91.53164606438708, 140.25762003444652
52.1591627491573, 150.97154782911977
40.62161979334738, 127.975531439923
44.34196917392063, 21.80014088837616
68.93859405085738, 5.860114423376558
28.861768758341228, 51.54626638572165
18.1156038597346, 170.21648294370593
82.33168182933156, 83.54768143578445
80.54334130915551, 22.841427410128933
80.6208818491202, 156.37284822295004
95.85808155696766, 60.04478833687581
93.69169457621031, 169.42208462775662
114.85550655724558, 196.300811153701
183.67935753481802, 59.632250282486375
138.17639228394603, 91.43586205635243
147.42145618774487, 62.64085341674872
150.5279391574894, 48.904353283689204
119.66854476723479, 55.66713510928856
168.22107061830494, 137.67246442773126
150.04980123548359, 170.74539726739746
150.8117094498244, 20.186746765791863
167.01190329096158, 56.2038749722386
122.29057812523988, 19.959300038206496
109.55408010220788, 118.42357426779361
161.84565334610144, 90.80247217013506
195.38064360374983, 109.35295885953184
122.79594492781013, 73.30148294011043
191.00152585021902, 58.922461465826025
155.19747934945352, 166.15774911223983
196.06497947757632, 92.3578416141736
100.13106136267423, 188.385835910755
124.64883001319257, 160.88730050401543
198.60822597272843, 96.26759989455851
112.33246315878642, 44.31065593921857
112.76635088071146, 144.48590461601063
161.7416831846993, 36.389330332853476
146.93884209690233, 116.72019933162659
179.05717605768166, 42.417799681469035
145.9227867021687, 66.96356881934248
182.0365527169187, 60.091527281557376
130.04489367581007, 81.38848387240178
112.74289689009403, 194.69868553002738
151.65716431568706, 97.58423945091404
105.9242901482398, 54.085022763222376
171.2304232517936, 112.54733101778605
141.08171954519742, 55.29404729528713
102.43206241551809, 185.57639511547518
113.47826533760139, 69.14848158008802
150.201036513986, 159.38525044226643
120.09719106765469, 138.25634465353906
124.31252075168123, 18.172197430947424
128.70758398183378, 115.64693853249048
108.21365372990306, 134.48722728183938
129.62126485318336, 181.668508297832
144.65490261547458, 111.68721572862496
184.79646984581618, 132.92993081025602
116.67291485933505, 109.8283724904144
139.69943685578502, 168.26494281211953
157.41326673222605, 71.572793649582
124.93659897584887, 28.173263993692377
151.81315473306913, 72.85349748695691
107.12384905318447, 9.072184590012977
103.00537735955268, 72.44530540153119
159.58737633917636, 137.19758869136308
144.8830475289521, 116.16187256998131
130.53438632975974, 56.777020913283785
156.41503664511006, 58.492187232765815
112.70075093852813, 37.59878885497865
118.66809419605033, 111.42254669368523
103.30584497997269, 35.37371096496711
170.96737235809715, 90.81389260069463
103.58897950588161, 171.47741162450032
131.5117069116368, 150.18180026434783
150.8444609088903, 146.7430744452401
133.30608716269558, 113.25732094102669
103.15128316807873, 157.76007786865875
176.54189892682976, 122.82559274118921
111.17398045554316, 178.5803555002321
127.32255649511144, 40.7693267957308
174.43772956091973, 110.651787710603
108.46835393561292, 140.25762003444652
179.4763599512301, 139.59339825137863
159.37838020665262, 127.975531439923
123.71545235695073, 23.047073923591466
145.33212469010675, 63.25849454087118
180.1375659770294, 115.89245083092867
146.19378781652102, 92.09622938947064
119.73828043745614, 38.56432457948333
119.45665869084449, 22.841427410128933
170.14388600240133, 82.24868260708536
121.26342726729847, 122.0933227352673
128.04701810352236, 127.8553671760518
