160
21.309247996939497, 74.02662912956598
90.95641729469793, 193.2288523661199
52.53859825075365, 31.016397114403805
14.800158710581945, 127.97962309424982
38.446543847271556, 154.25895057085705
45.31763220223567, 68.47170632142381
20.786476236507234, 143.5647871567221
52.383443659635795, 162.37594344500735
56.36137586051239, 64.3162846108825
16.070976503349797, 109.48248085862112
92.15811044456989, 20.516580564716925
72.15411199155398, 142.38935451759204
94.39413853625305, 11.311619438975985
78.5944777910915, 165.92869494758898
0.32794724688258725, 93.74141824884931
85.07440652748363, 112.31341474158252
83.03376652484631, 179.90124165943925
45.84380349348667, 43.81274409079592
99.28712943667158, 173.45914201724182
45.45033019527735, 182.8033181581831
54.23127272651932, 134.6417432224825
9.947944249270558, 140.8081415512607
57.15408303285211, 180.35644274362673
58.92638493625276, 54.87036287362621
62.60693771249556, 140.0762835562618
85.05649259853494, 102.6132387857298
38.17089468563447, 49.81795193740937
67.97111315644622, 125.7951776894916
40.61463992345099, 160.93483219089185
78.07567378684097, 59.328531785612924
69.76019908405762, 18.639413817633365
95.68075078931143, 180.07330680101862
72.85799011624137, 50.09292691912077
57.85008211559715, 49.638105554542776
0.9260151783229698, 107.96839237640174
62.35757903243871, 138.31169873676924
62.903215071546214, 191.68940092151712
69.33712636020094, 54.29765238202668
76.09104080684193, 34.14901222678202
50.2192475836529, 185.84104718991904
68.20533174053855, 154.73457771939033
48.726354464375454, 49.403651710386384
50.45861342073016, 177.08881956403292
77.31166168980252, 29.492313524408797
34.569642325955996, 154.21330486054737
53.62385741766005, 128.22895401965658
71.43625486556499, 188.42157184573344
13.106695414930481, 72.18030672239213
33.57084726726701, 169.89067519919865
87.60831000147648, 110.33504609045728
27.239508945342152, 87.16947196805778
37.82187085327755, 53.35039640867591
45.344432240826436, 144.32695957952862
80.29038666878718, 87.82347071229968
15.629435269384228, 125.56067267648262
83.14829589467637, 122.33541516115987
32.85310114574563, 120.8310851282475
52.97009942627658, 176.4006933505669
75.33757099172246, 67.2729100903866
91.8223811168941, 7.011712196507891
93.81220243476652, 145.34693116642657
24.004638229586895, 48.10796132570538
79.1304401708053, 131.6245816610198
42.301176506635144, 32.04772551726731
45.417129150640434, 178.355956311137
25.888372659108494, 41.47409360290475
19.296252527815927, 103.02197204414023
43.989179879297744, 23.181122977196388
18.908530269441258, 84.87051868821031
51.87121510538824, 151.38195607857955
27.114284078061978, 109.09893335646179
56.40808110592026, 90.50071263479363
61.8543294719824, 169.00037707680139
75.5505533499667, 134.00644188495426
20.247311341776186, 153.6543044498529
40.49632239984435, 20.34029278871281
99.20646109001233, 162.54170770639968
91.09937429993545, 109.45195519941812
59.57863178217494, 150.2379220066946
40.01300309959065, 33.60417250805084
178.6907520030605, 74.02662912956598
109.04358270530207, 193.2288523661199
147.46140174924636, 31.016397114403805
185.19984128941806, 127.97962309424982
161.55345615272844, 154.25895057085705
154.68236779776433, 68.47170632142381
179.21352376349276, 143.5647871567221
147.6165563403642, 162.37594344500735
143.6386241394876, 64.3162846108825
183.9290234966502, 109.48248085862112
107.84188955543011, 20.516580564716925
127.84588800844602, 142.38935451759204
105.60586146374695, 11.311619438975985
121.4055222089085, 165.92869494758898
199.6720527531174, 93.74141824884931
114.92559347251637, 112.31341474158252
116.96623347515369, 179.90124165943925
154.15619650651334, 43.81274409079592
100.71287056332842, 173.45914201724182
154.54966980472264, 182.8033181581831
145.7687272734807, 134.6417432224825
190.05205575072944, 140.8081415512607
142.8459169671479, 180.35644274362673
141.07361506374724, 54.87036287362621
137.39306228750445, 140.0762835562618
114.94350740146506, 102.6132387857298
161.82910531436553, 49.81795193740937
132.02888684355378, 125.7951776894916
159.385360076549, 160.93483219089185
121.92432621315903, 59.328531785612924
130.2398009159424, 18.639413817633365
104.31924921068857, 180.07330680101862
127.14200988375863, 50.09292691912077
142.14991788440284, 49.638105554542776
199.07398482167704, 107.96839237640174
137.6424209675613, 138.31169873676924
137.0967849284538, 191.68940092151712
130.66287363979905, 54.29765238202668
123.90895919315807, 34.14901222678202
149.7807524163471, 185.84104718991904
131.79466825946145, 154.73457771939033
151.27364553562455, 49.403651710386384
149.54138657926984, 177.08881956403292
122.68833831019748, 29.492313524408797
165.430357674044, 154.21330486054737
146.37614258233995, 128.22895401965658
128.563745134435, 188.42157184573344
186.89330458506953, 72.18030672239213
166.42915273273297, 169.89067519919865
112.39168999852352, 110.33504609045728
172.76049105465785, 87.16947196805778
162.17812914672245, 53.35039640867591
154.65556775917355, 144.32695957952862
119.70961333121282, 87.82347071229968
184.37056473061577, 125.56067267648262
116.85170410532363, 122.33541516115987
167.14689885425437, 120.8310851282475
147.0299005737234, 176.4006933505669
124.66242900827754, 67.2729100903866
108.1776188831059, 7.011712196507891
106.18779756523348, 145.34693116642657
175.9953617704131, 48.10796132570538
120.8695598291947, 131.6245816610198
157.69882349336484, 32.04772551726731
154.58287084935955, 178.355956311137
174.11162734089152, 41.47409360290475
180.70374747218406, 103.02197204414023
156.01082012070225, 23.181122977196388
181.09146973055874, 84.87051868821031
148.12878489461175, 151.38195607857955
172.88571592193802, 109.09893335646179
143.59191889407975, 90.50071263479363
138.1456705280176, 169.00037707680139
124.4494466500333, 134.00644188495426
179.7526886582238, 153.6543044498529
159.50367760015564, 20.34029278871281
100.79353890998767, 162.54170770639968
108.90062570006455, 109.45195519941812
140.42136821782506, 150.2379220066946
159.98699690040934, 33.60417250805084
