160
41.03128503369792, 42.058737489732145
91.06203873356857, 73.37430755368702
51.54708687679296, 166.68195222892936
68.85773893396386, 98.72302801978034
2.8718461841027776, 87.39740016675815
80.02897074674547, 147.67084095974644
94.64156637420935, 66.52828735395721
75.29251715931385, 19.95802792021508
69.13819864489254, 12.046184267940063
70.25396816803926, 18.621957124110256
12.685223985975536, 62.49584887076682
46.922223512673476, 82.36923208369066
73.04863581680902, 165.84927945312702
96.51872303639935, 181.43994714462966
62.99716369797645, 26.74067117677299
40.42292047461126, 166.92037817027523
59.686177432884776, 42.12748651495928
77.61641164151956, 158.90801083571216
60.453714292320385, 111.84652494188055
49.9893804797196, 124.50946972438717
11.546241967721082, 96.17090825541024
76.35629614240344, 45.57488999847947
92.82408155829042, 50.763679955590455
56.691882301269814, 33.146643219851015
64.95972163556868, 129.13915141634152
21.44534796474812, 73.73383031610435
48.34487257024846, 48.34796543954207
71.9045665740328, 86.03254078305451
54.89089224149244, 49.739982201899835
63.31973386891796, 79.75623210323745
26.806988063709237, 38.511968484855764
35.173563287017764, 70.5998735268859
96.44051666615903, 83.87177903268224
42.65771581809776, 102.95160234630313
70.4245313014086, 121.60077523760005
97.42111034297979, 102.56154529095632
98.04112545084821, 12.005165412470497
79.70712995787301, 73.31530324278015
58.11652451559778, 187.23417808123892
76.36785246577897, 52.180385894309026
92.14686743526241, 75.01515131396985
98.81121322320963, 86.38536930878202
9.870001303993824, 107.55364941097261
2.3977308928712415, 107.9609819948215
61.57656455414347, 183.58451879492682
20.142432644084373, 137.10529929062426
63.33053643214244, 181.06549608304954
18.80449286248038, 50.854502448674886
27.277652340475754, 70.45651564209068
44.24828713521847, 142.47914239615542
78.13953437153589, 27.97824048891222
85.52196285869195, 1.3073576526515085
37.12172572669324, 95.23109867620478
11.031370317477274, 123.12036425349558
24.888038134526536, 127.16814548864532
61.31097576294847, 188.3295029615789
14.750857802602713, 76.77714859535834
89.0550323480743, 171.658397645145
72.8972395972646, 194.77509588002528
86.5390870972827, 163.32120963488396
49.874408889792996, 66.10167839899542
41.69348703674272, 96.90124675246139
35.35843202201986, 171.30557376146135
44.07275870127134, 52.09469034267173
57.11776630860862, 140.8296568529073
55.60169933414316, 113.88128886886034
40.11117620665783, 155.24120829906892
89.5637504377933, 4.162788629962244
12.06299220806687, 108.24961506026362
9.078356348617934, 113.3052270646042
24.96023896207895, 122.56623698454815
98.67618986387285, 45.42634367953566
98.90882313731835, 140.23093699776837
43.16299332501698, 46.91829764830526
78.66368053593305, 95.41312084704332
35.02324422380274, 89.89329689705544
53.82708315326041, 79.73839924190638
29.721946959569678, 125.56362602024514
47.11041758409932, 141.69960782270604
35.074922409451304, 85.71977450232681
158.9687149663021, 42.058737489732145
108.93796126643143, 73.37430755368702
148.45291312320705, 166.68195222892936
131.14226106603616, 98.72302801978034
197.12815381589724, 87.39740016675815
119.97102925325453, 147.67084095974644
105.35843362579065, 66.52828735395721
124.70748284068615, 19.95802792021508
130.86180135510745, 12.046184267940063
129.74603183196075, 18.621957124110256
187.31477601402446, 62.49584887076682
153.07777648732653, 82.36923208369066
126.95136418319098, 165.84927945312702
103.48127696360065, 181.43994714462966
137.00283630202355, 26.74067117677299
159.57707952538874, 166.92037817027523
140.3138225671152, 42.12748651495928
122.38358835848044, 158.90801083571216
139.5462857076796, 111.84652494188055
150.0106195202804, 124.50946972438717
188.45375803227893, 96.17090825541024
123.64370385759656, 45.57488999847947
107.17591844170958, 50.763679955590455
143.3081176987302, 33.146643219851015
135.04027836443132, 129.13915141634152
178.55465203525188, 73.73383031610435
151.65512742975153, 48.34796543954207
128.0954334259672, 86.03254078305451
145.10910775850755, 49.739982201899835
136.68026613108205, 79.75623210323745
173.19301193629076, 38.511968484855764
164.82643671298223, 70.5998735268859
103.55948333384097, 83.87177903268224
157.34228418190224, 102.95160234630313
129.5754686985914, 121.60077523760005
102.57888965702021, 102.56154529095632
101.95887454915179, 12.005165412470497
120.29287004212699, 73.31530324278015
141.88347548440223, 187.23417808123892
123.63214753422103, 52.180385894309026
107.85313256473759, 75.01515131396985
101.18878677679037, 86.38536930878202
190.12999869600617, 107.55364941097261
197.60226910712876, 107.9609819948215
138.42343544585654, 183.58451879492682
179.85756735591562, 137.10529929062426
136.66946356785758, 181.06549608304954
181.19550713751963, 50.854502448674886
172.72234765952425, 70.45651564209068
155.75171286478152, 142.47914239615542
121.86046562846411, 27.97824048891222
114.47803714130805, 1.3073576526515085
162.87827427330677, 95.23109867620478
188.96862968252273, 123.12036425349558
175.11196186547346, 127.16814548864532
138.6890242370515, 188.3295029615789
185.24914219739728, 76.77714859535834
110.9449676519257, 171.658397645145
127.1027604027354, 194.77509588002528
113.4609129027173, 163.32120963488396
150.125591110207, 66.10167839899542
158.3065129632573, 96.90124675246139
164.64156797798015, 171.30557376146135
155.92724129872866, 52.09469034267173
142.88223369139138, 140.8296568529073
144.39830066585682, 113.88128886886034
159.88882379334217, 155.24120829906892
110.4362495622067, 4.162788629962244
187.93700779193313, 108.24961506026362
190.92164365138206, 113.3052270646042
175.03976103792104, 122.56623698454815
101.32381013612715, 45.42634367953566
101.09117686268165, 140.23093699776837
156.83700667498303, 46.91829764830526
121.33631946406695, 95.41312084704332
164.97675577619725, 89.89329689705544
146.17291684673958, 79.73839924190638
170.27805304043034, 125.56362602024514
152.8895824159007, 141.69960782270604
164.9250775905487, 85.71977450232681
