80
110.0644427333097, 21.577741275946426
167.12247230678184, 139.22445579789496
176.68181880154322, 127.76989625290969
116.17922575472932, 34.44201933790227
117.71989320686835, 175.9047194260428
106.69324426496208, 135.47849675746414
155.35294208314514, 113.0589584637633
150.15282797611138, 75.50581740463471
108.5485925595543, 98.3762045054178
120.72922415775227, 87.82986118926439
130.32281697635514, 48.87107072460455
118.04645330889643, 38.38079459148762
117.59845248390684, 52.818459815832774
140.160077545894, 143.76648059900646
132.0107103993349, 28.910394458925246
101.54367331370753, 132.23471957980524
162.04570186180453, 130.55446345394466
134.3837633771966, 61.33136452660257
133.01162773120922, 44.60753890652829
178.64034031453298, 152.43776872047766
119.82732804249254, 18.39931885679935
155.95238258234855, 54.49475969821231
166.73298776921342, 87.30003769054551
103.61224270659257, 179.08131379074516
172.62438355626014, 135.01232308884877
168.4822718294364, 100.70247643532831
126.96347327931419, 109.61407557074132
193.4885562295717, 126.19270743020572
146.21023931638825, 60.380761738847944
109.3016680603234, 19.3708081462447
116.3036506535277, 139.12389331760366
125.12064476052957, 49.28927595489463
164.44646338541764, 73.45783260806007
178.9811163831917, 128.34524332362838
166.19821520994952, 32.72269827572312
134.45479853300117, 93.28333709122552
115.70461834809666, 107.10778940043735
110.9186324993486, 82.40158936962116
187.45834798368182, 79.4765341854034
177.398781760327, 151.14820481752312
138.3620483204583, 49.892632913895206
104.59424450755473, 25.660725357465132
138.89642658586638, 125.56980290055024
153.11719120271513, 178.3024278638925
162.6724721599728, 85.58377234233667
107.62675183465053, 12.947799321176866
192.0211685421348, 94.79103983555162
111.53478872086423, 174.97741268224968
183.02570490363036, 104.74985902254505
183.7695050729966, 151.03857433682677
112.24289564172824, 31.93143580119653
139.6863495666591, 180.21307948757553
188.7393506956318, 60.9368927713063
137.06222790520152, 104.62434468287982
138.84277433670815, 188.60604124507293
151.57325781542647, 46.00185528866054
118.48626941904742, 71.7976384132852
106.47904767516286, 83.58478695091019
114.70988543833471, 116.15394405897167
114.5779859200721, 71.24145823682049
152.92535097361247, 161.6832216367046
141.43704877779257, 82.79911985334145
180.461793342281, 137.0581757402751
122.6752859526841, 96.0206570771032
113.56005525012208, 76.17092691879893
147.7612200197487, 58.37417135384659
148.11899125879944, 161.7839356180748
137.6358849912108, 126.63203188472379
151.82674060027193, 96.2717549116637
128.31581373975916, 138.52438668174003
126.81063026371535, 103.9634412473599
167.5722547376363, 166.82468816453937
111.6160765214493, 44.831349883933
186.88024000289795, 60.93054094527612
149.97715142363765, 42.91781374082389
173.07369560589737, 115.61716290006451
137.89320254725976, 18.34539359544658
142.71496481493102, 165.6596951618763
141.78235655898135, 177.72972365072167
114.85045648518376, 132.55160009101655
