160
41.02663864271711, 142.29218204264095
70.80614012626296, 114.79687757918451
41.28390486053287, 113.34836533305352
20.695386866783267, 55.70801593707358
54.311189116169324, 63.68725047528149
60.33374793456339, 50.53389550218133
17.18528603668013, 48.907563143487785
96.42158699684704, 89.00238778352634
78.95840178799111, 33.592448178958975
99.98018511202153, 163.71179770362733
73.82907727787347, 185.4997343727485
97.94852444148637, 72.58512621769032
55.0933050924404, 147.0830080749489
75.52005571072709, 47.61251615315724
9.2531749373005, 98.36723033363018
71.08119610275145, 10.070742643003868
36.195372385372465, 29.64024459568737
12.332633261146327, 139.80613366061476
69.53489164136133, 21.861692719498215
73.79274461228916, 86.7381392700716
80.06255191293467, 112.72867008420945
31.202901054975094, 107.31953126341531
45.31371300019334, 125.50969296423027
2.1308356427114177, 20.363787414258542
86.33566674382138, 107.97754661009716
63.99359555503858, 27.699449404001626
60.89711445282809, 162.1192590627594
43.20828897939341, 133.86548351161719
20.1213822902491, 29.107956942963398
78.54866317614113, 170.3577251496594
41.52446767544765, 133.86423449477354
84.64836542227859, 35.854102719680114
96.04804530486129, 163.40492325882303
47.15897913328642, 152.28581955073972
32.38016558546176, 129.68958035627958
19.466084897521654, 20.82659504423102
34.886500605512715, 82.08326011806768
15.848815652346392, 20.938782291883626
95.53148627465832, 108.62519336025557
99.30705323118035, 48.81452550638673
48.92789037919606, 166.1637687507914
61.08823349401183, 115.39562997729311
49.430629948981654, 93.11584932944541
68.32188497107401, 56.62864564099196
34.463905321396865, 71.0397060376227
4.3301485647277005, 106.9725466719162
67.56207955189926, 81.44024798350311
25.987872396610122, 36.48840754379991
75.53912202923814, 40.85892882593251
20.50299466946128, 153.09538096099251
68.29633365578614, 90.35423622023455
50.73929433433193, 161.8568584305662
29.640415983633794, 87.24343989693651
48.467973443090514, 161.58571470345044
72.70413550299887, 96.35605806792026
54.64948685084666, 157.7475933822937
88.38339194244558, 168.46760846494522
53.30793320380046, 44.588883526439126
75.08887559593724, 159.81152981893086
71.04694198509625, 92.0122963008126
96.38439383325584, 1.1261818476990442
52.62877926077618, 54.10500221851222
14.087876870747401, 29.26284974095846
29.180171567271884, 182.13827568611177
12.453637126574222, 149.20020011791271
4.527313448250063, 75.62337717330442
33.780572159117554, 66.43880643819102
45.74070966390395, 147.86296596335626
48.106488524073235, 27.55256417568448
75.11112208205171, 129.76918945976786
27.362003855556623, 106.80747811985533
10.805629916134208, 60.32658054154571
63.38685321570699, 189.49479382408552
78.29301776398778, 102.13818177474224
55.53843171609947, 70.58217152601897
79.3262289127137, 65.46839632121664
88.59214240223807, 141.92810450881106
47.200762686476175, 74.4263257526577
75.492445613904, 92.89682166299177
55.74925535013443, 127.4639837125402
151.94675472362073, 172.48451014993182
115.45554854028092, 96.6201136774133
104.22801322145754, 147.68342939883112
112.15790270981209, 86.54337183097994
117.31845847359521, 83.60463858228509
103.09669334737, 62.12647486745622
184.3695962133938, 51.66818064820604
165.77155281789493, 82.87305657301043
125.73629127766709, 71.75373762286725
119.2893708319165, 163.06772149609483
136.09210237159087, 180.22746088475859
158.54149545338868, 144.8409649239147
131.61309000422693, 153.8968295698805
192.4440125031544, 100.18776918820527
141.33545420297816, 31.449344477616137
106.62404003675005, 43.94241623188573
128.437445236415, 73.83123879869615
164.74343875975103, 158.7315802282706
114.33104108077772, 46.25808367910913
113.16432765436404, 29.643811987827995
134.3939172547236, 191.26603495929317
114.37743630424049, 91.17095637060268
117.60530566423924, 155.5144705175625
143.86486858218166, 12.142417155248953
146.8477351098201, 46.218869929438085
187.72785630956344, 100.29301253967957
143.81661744827295, 98.45654241915476
156.65970371381584, 153.5023793171045
177.81617427863392, 57.688444913542995
113.66607406748815, 178.78103854242232
162.38980737617874, 121.96506401651877
193.81790487286003, 107.97281103990521
107.6844587492653, 164.32288539863282
131.1619145822046, 84.65730447556214
162.32331087697833, 163.40498436324305
151.2031063249151, 28.33718908041174
158.9185584019448, 124.9949886866861
175.83796315518228, 89.31109209004913
165.77237082251088, 172.8096116897548
129.92508910865945, 29.53111035760476
109.09540073520132, 173.28303310368
159.85760667381754, 84.93859590184265
146.262415535876, 19.332633082310657
118.19471864079122, 7.876486297118035
152.64476987942618, 55.816066878925355
162.85217768610826, 96.62269967986398
113.21352879508527, 114.66219187743387
132.7207953089018, 48.40526590220959
187.14724325355564, 57.97611578935571
171.50259215668686, 124.56401586619728
155.52629108341108, 44.31542491080251
102.61308609020304, 154.32101481753423
135.00493025272672, 124.61670389161456
111.93032815855723, 187.01454544821357
108.42130208716493, 45.25455525751594
140.37994562136828, 163.86326567290675
191.47094950183208, 126.0917563679327
102.59183046906307, 5.107887592813687
110.70211242195343, 110.17816983607919
146.21775036565614, 151.2663653512781
155.85598696312528, 76.75661367647002
108.61508288748034, 12.953533586579958
149.55424619069348, 74.05959160045124
117.3117462317851, 167.1611327740385
127.0957120595554, 132.2269605769795
193.7213366614184, 127.34500632864278
123.37094802174077, 37.913960628473895
165.04324902096724, 132.2387444619857
195.4827785302721, 95.43400196564164
136.7570759394615, 189.38109495852905
109.13362347071862, 80.83000481059305
151.05218037022667, 25.30031305871563
158.1881577959473, 147.37964126040808
146.79499968081717, 169.69228137107305
109.8186452183439, 76.74605383988305
176.67855924287795, 125.6460474023736
122.1004984688095, 89.08877747456793
148.42876062986286, 115.78630951978657
144.89720177889234, 124.60291876058425
117.66324778278118, 193.1435213558773
