176
71.4916945334913, 32.64014239625135
33.62274851639494, 167.47817376582043
41.304592047626564, 158.29311405638097
94.30581089907608, 112.0300174741168
86.79884489192024, 15.7530164921601
57.87786919780934, 74.38248253365818
63.137829932909916, 9.319747825089685
25.133745801902307, 62.28355234927649
29.382229147014428, 151.3421607107051
63.56328546539187, 57.879708449731204
89.45576243968641, 69.211337190455
59.602251734446995, 28.136780669298744
73.99269985712614, 136.99783711356196
55.31745018637299, 36.98637043960203
30.773610293281184, 69.77190089046961
75.54107846716383, 100.14871627792348
89.44198208724212, 10.994927417952894
68.35715024146921, 173.45956309576727
89.38762454281672, 182.4926026182726
92.3655330349316, 161.32998961639316
26.231762654146163, 150.69794395725089
94.6541358114105, 34.15838491282792
98.25848745921188, 140.78992302497227
88.09674127974245, 128.6871879282893
98.85715041566017, 193.37435851280281
56.585250057645574, 160.20662711803675
91.35362374176795, 178.21743223431668
38.26851499388641, 77.41888396077381
39.8994191190283, 114.41142182258264
73.32043931146127, 129.79079793706865
44.35926605883063, 87.29879552961826
31.853070678336714, 71.19805286678098
57.667616967917446, 127.86562308408764
49.38292281284835, 134.7845840346331
46.70397522252616, 141.9772051129895
68.96723274443922, 114.36843520165074
37.491998733713906, 90.12509333989026
70.72875969296764, 142.9524085584347
74.09347121846524, 87.2244119449322
75.47233293856672, 79.74937414229505
57.055268091318545, 134.84812304903843
53.161488876524956, 46.26794900624667
53.44762200924985, 137.59542517218094
49.11968312326073, 180.1740985776604
97.18553798668442, 187.50315236211836
25.21436677007213, 157.30188690812918
62.04369561017597, 54.102542340038795
89.36792349902187, 148.76028118137148
78.19479831425252, 139.8718145926523
92.05055612693388, 142.3181230166106
18.28364320741307, 59.219430852600354
70.76340162045321, 17.545688521102765
11.420448036202435, 91.8159052664677
89.58521777723611, 129.8341478566275
76.13109932105382, 115.31283602931646
19.28128608086075, 104.01401250587226
4.667547227653468, 110.91453764002827
62.46710612804721, 135.69051565329437
95.35598304474303, 164.59161839686405
25.428730003804144, 92.01191355971694
80.83855257912496, 16.40639400731052
90.7726828410173, 190.85695538898037
83.98971120708464, 80.70257871877884
82.32274360535145, 78.83482891881519
77.70969835752402, 156.0555443999152
22.602165214959136, 63.02237262399133
91.73393085715597, 105.05892727637377
10.750281562949283, 68.89255576049631
13.077546886959002, 115.5905215027808
93.99186710434391, 195.59785810380657
35.97333848937376, 57.85169618110064
28.50463342259171, 93.45902549733896
21.14762403089998, 120.20753847183823
95.89198674876741, 90.26589155723215
76.31902788232632, 170.27642365462467
23.749300893506685, 101.96847916075995
99.13813172448023, 167.74022505906285
4.312040623530788, 121.07606169427649
21.27661297641078, 160.9520500904079
22.720728454882476, 81.66657738552105
53.537835725018304, 96.04369480113635
13.88904415009109, 126.73380099860513
89.89365361661454, 112.94176976384122
13.586006378699423, 44.352835487112955
54.82236942077689, 27.33828202673745
45.74486067931084, 46.43297504334769
41.33279331773397, 4.232036102269232
52.73207208644871, 154.94032154102567
63.278721425282455, 46.0754944155977
0.6049515449056964, 75.90652568062862
15.992684286954816, 16.22525567489643
65.59070865176251, 121.82224030472577
61.49559119319058, 112.54907531323646
87.7615930378024, 59.020935435745756
91.48364895676694, 20.39849468587873
26.75984186722061, 46.97419370680367
128.50830546650872, 32.64014239625135
166.37725148360505, 167.47817376582043
158.69540795237344, 158.29311405638097
105.69418910092392, 112.0300174741168
113.20115510807976, 15.7530164921601
142.12213080219067, 74.38248253365818
136.8621700670901, 9.319747825089685
174.8662541980977, 62.28355234927649
170.6177708529856, 151.3421607107051
136.43671453460814, 57.879708449731204
110.54423756031359, 69.211337190455
140.397748265553, 28.136780669298744
126.00730014287386, 136.99783711356196
144.68254981362702, 36.98637043960203
169.2263897067188, 69.77190089046961
124.45892153283617, 100.14871627792348
110.55801791275788, 10.994927417952894
131.6428497585308, 173.45956309576727
110.61237545718328, 182.4926026182726
107.6344669650684, 161.32998961639316
173.76823734585383, 150.69794395725089
105.3458641885895, 34.15838491282792
101.74151254078812, 140.78992302497227
111.90325872025755, 128.6871879282893
101.14284958433983, 193.37435851280281
143.41474994235443, 160.20662711803675
108.64637625823205, 178.21743223431668
161.7314850061136, 77.41888396077381
160.1005808809717, 114.41142182258264
126.67956068853873, 129.79079793706865
155.64073394116937, 87.29879552961826
168.1469293216633, 71.19805286678098
142.33238303208256, 127.86562308408764
150.61707718715166, 134.7845840346331
153.29602477747383, 141.9772051129895
131.03276725556077, 114.36843520165074
162.5080012662861, 90.12509333989026
129.27124030703237, 142.9524085584347
125.90652878153476, 87.2244119449322
124.52766706143328, 79.74937414229505
142.94473190868146, 134.84812304903843
146.83851112347503, 46.26794900624667
146.55237799075016, 137.59542517218094
150.88031687673927, 180.1740985776604
102.81446201331558, 187.50315236211836
174.78563322992787, 157.30188690812918
137.95630438982403, 54.102542340038795
110.63207650097813, 148.76028118137148
121.80520168574748, 139.8718145926523
107.94944387306612, 142.3181230166106
181.71635679258694, 59.219430852600354
129.2365983795468, 17.545688521102765
188.57955196379757, 91.8159052664677
110.41478222276389, 129.8341478566275
123.86890067894618, 115.31283602931646
180.71871391913925, 104.01401250587226
195.33245277234653, 110.91453764002827
137.53289387195278, 135.69051565329437
104.64401695525697, 164.59161839686405
174.57126999619587, 92.01191355971694
119.16144742087504, 16.40639400731052
109.2273171589827, 190.85695538898037
116.01028879291536, 80.70257871877884
117.67725639464855, 78.83482891881519
122.29030164247598, 156.0555443999152
177.39783478504086, 63.02237262399133
108.26606914284403, 105.05892727637377
189.24971843705072, 68.89255576049631
186.922453113041, 115.5905215027808
106.00813289565609, 195.59785810380657
164.02666151062624, 57.85169618110064
171.49536657740828, 93.45902549733896
178.85237596910002, 120.20753847183823
104.10801325123259, 90.26589155723215
123.68097211767368, 170.27642365462467
176.2506991064933, 101.96847916075995
100.86186827551977, 167.74022505906285
195.68795937646922, 121.07606169427649
178.72338702358923, 160.9520500904079
177.27927154511752, 81.66657738552105
