208
53.936952999723665, 174.50928035313717
42.456921885890786, 163.55409334472728
77.99271342133984, 27.845331028927056
78.78395308333232, 92.77539888280684
34.46649210882765, 69.92476064208238
95.40773669338452, 105.38168028984056
43.41811736196547, 98.50613843520107
77.88748734169661, 124.73672005185502
95.08598997272907, 195.84593706702657
43.45744309858307, 110.46503011002838
87.68453383958087, 187.85196860903096
46.08425031889549, 121.19371998200839
59.86566467284795, 16.381063580418065
51.23641864628787, 122.60812010499258
37.07057799687079, 25.357379718893093
66.8696852068359, 147.08069115441083
61.7099731681578, 40.86010320633606
40.500265048644025, 120.93314288566737
35.44287848751192, 60.86124833949811
96.22056678594174, 158.97786297738568
23.46484009034857, 158.21165017559076
20.217329744449863, 81.87649186949511
73.49180621670051, 56.269910564113346
25.22350401172364, 34.91184365243163
82.81123521734607, 192.00740822575483
75.26385239220379, 186.50736463432978
47.42345605897383, 103.36038488978151
47.409843319773515, 44.63442924784462
83.59338913644233, 27.965078719736457
61.11599582697347, 91.00329429635225
74.14267555470312, 8.771881454826813
46.20692969376403, 30.24485999742861
81.67768463627343, 119.10864980528002
48.70101575299435, 140.26491874388475
14.789477262878792, 97.25557401847624
83.94553760724412, 48.33392161058345
36.57415081278259, 77.02198217003729
75.73731401458475, 192.11768289027444
64.28707859577887, 72.96479239447662
54.5608992878264, 47.81021385790345
43.10164717611502, 148.61192778473625
37.87573358333258, 51.41144134342361
13.335812328563179, 103.74925305774248
35.00978374820144, 146.7460852562181
83.77067844944824, 78.57710458271903
72.18427663795184, 16.062920383680137
33.06865526680729, 153.22258994479296
98.88723079488112, 185.6007850709663
45.741603325582425, 167.37006088888137
21.368203602781243, 64.45464844471917
48.89833100521707, 104.6271145903797
84.90812933279321, 153.52161863631636
50.60589980581784, 20.938327134048706
42.43829888705206, 153.72981236933973
48.17153433349293, 95.86966474362251
30.22257044762523, 104.17648253242193
61.07601458100245, 159.8423665093365
46.21292033253822, 68.39462226084126
11.738557560683693, 70.261984087822
62.720939964349455, 76.91642077528027
44.8119419214631, 48.74321599230542
81.81063769797905, 89.87964484732107
64.92930182689618, 46.207053300152445
31.644837024476413, 131.82021965083064
57.85757224446473, 54.39645046511266
19.14715279792112, 151.72933185803268
75.00063386280941, 179.3748198316599
73.31179982906835, 134.36500468247075
39.83482128128243, 125.20327556450599
53.6392670675955, 68.3084937945913
63.90215804614795, 89.35078178227913
88.04026245214361, 76.86363710609893
64.3352489206583, 168.16334360966755
36.51236036495866, 112.22256052652477
90.7575379030671, 194.64934508834736
93.0167484330169, 25.446548758942853
33.694181944238466, 124.38204163556277
93.19986366413679, 155.4049206415864
65.4557490878279, 163.99365219100957
95.21052979271794, 57.19943393035758
2.6036212155102434, 31.541023367202172
48.6152888389642, 7.725267785143841
82.00030399260768, 100.03657165580633
31.824234852366416, 198.09963115589673
72.14566133329956, 140.64969128522563
86.94406942429926, 34.7332715227598
55.09000358983123, 33.43672403343467
14.033777078049226, 75.7733948257453
25.331250580609467, 98.84790781812778
50.419999354211576, 119.38894946951433
70.71334639872646, 193.04657756424083
4.2892744209219185, 48.71557093119101
64.38228081117579, 157.7164971006012
19.022825174243152, 41.2747831991829
36.46243032318884, 190.66453409641886
30.532762407803983, 156.3245867595378
75.20811154365332, 85.73588453480482
30.513193768190096, 164.58411081603091
59.272655900515446, 14.571049502905996
94.45614646917664, 161.38640834776942
90.65629355512668, 176.73543267401385
94.17412593936848, 192.85499643114846
38.927514576896925, 16.31380537043887
12.911686911431207, 184.63377619577756
81.11948975068412, 40.68907595177404
27.30095751649575, 167.48883557836606
2.0170532211836067, 28.700368198210093
8.307489611380348, 115.88151880011799
73.40600529991428, 72.79690262390226
61.06649455448094, 27.541196896999097
59.31034034245211, 86.05376658907711
46.49482621487475, 49.70446477834849
8.097482298940728, 42.37692621628939
5.298252677850456, 19.33057480734346
87.17910470918385, 63.49273986385371
93.37381262931697, 169.8663080669051
31.801172305834346, 165.56681680989644
56.689946583761184, 149.04596859041627
1.4566892368291007, 107.7524501594133
86.79910975207076, 174.1162561924978
85.03206120873037, 2.3513025740553806
59.23590652779161, 31.624899648085304
89.10132865912333, 15.02864554315404
13.842522215740738, 28.20874101240203
78.40685828248897, 80.46987848971176
95.91512930237349, 52.95149476471923
68.9730626518216, 90.41952096241903
48.587277553715325, 183.3917421576309
146.06304700027633, 174.50928035313717
157.54307811410922, 163.55409334472728
122.00728657866016, 27.845331028927056
121.21604691666768, 92.77539888280684
165.53350789117235, 69.92476064208238
104.59226330661548, 105.38168028984056
156.58188263803453, 98.50613843520107
122.11251265830339, 124.73672005185502
104.91401002727093, 195.84593706702657
156.54255690141693, 110.46503011002838
112.31546616041913, 187.85196860903096
153.9157496811045, 121.19371998200839
140.13433532715206, 16.381063580418065
148.76358135371214, 122.60812010499258
162.92942200312922, 25.357379718893093
133.1303147931641, 147.08069115441083
138.2900268318422, 40.86010320633606
159.49973495135598, 120.93314288566737
164.5571215124881, 60.86124833949811
103.77943321405826, 158.97786297738568
176.53515990965144, 158.21165017559076
179.78267025555013, 81.87649186949511
126.50819378329949, 56.269910564113346
174.77649598827637, 34.91184365243163
117.18876478265393, 192.00740822575483
124.73614760779621, 186.50736463432978
152.57654394102616, 103.36038488978151
152.59015668022647, 44.63442924784462
116.40661086355767, 27.965078719736457
138.88400417302654, 91.00329429635225
125.85732444529688, 8.771881454826813
153.79307030623596, 30.24485999742861
118.32231536372657, 119.10864980528002
151.29898424700565, 140.26491874388475
185.2105227371212, 97.25557401847624
116.05446239275588, 48.33392161058345
163.4258491872174, 77.02198217003729
124.26268598541525, 192.11768289027444
135.71292140422113, 72.96479239447662
145.4391007121736, 47.81021385790345
156.89835282388498, 148.61192778473625
162.1242664166674, 51.41144134342361
186.66418767143682, 103.74925305774248
164.99021625179856, 146.7460852562181
116.22932155055176, 78.57710458271903
127.81572336204816, 16.062920383680137
166.9313447331927, 153.22258994479296
101.11276920511888, 185.6007850709663
154.25839667441758, 167.37006088888137
178.63179639721875, 64.45464844471917
151.10166899478293, 104.6271145903797
115.09187066720679, 153.52161863631636
149.39410019418216, 20.938327134048706
157.56170111294793, 153.72981236933973
151.82846566650707, 95.86966474362251
169.77742955237477, 104.17648253242193
138.92398541899755, 159.8423665093365
153.7870796674618, 68.39462226084126
188.2614424393163, 70.261984087822
137.27906003565056, 76.91642077528027
155.1880580785369, 48.74321599230542
118.18936230202095, 89.87964484732107
135.07069817310384, 46.207053300152445
168.3551629755236, 131.82021965083064
142.14242775553527, 54.39645046511266
180.8528472020789, 151.72933185803268
124.99936613719059, 179.3748198316599
126.68820017093165, 134.36500468247075
160.16517871871758, 125.20327556450599
146.36073293240452, 68.3084937945913
136.09784195385205, 89.35078178227913
111.95973754785639, 76.86363710609893
135.6647510793417, 168.16334360966755
163.48763963504135, 112.22256052652477
109.2424620969329, 194.64934508834736
106.9832515669831, 25.446548758942853
166.30581805576153, 124.38204163556277
106.80013633586321, 155.4049206415864
134.54425091217212, 163.99365219100957
104.78947020728206, 57.19943393035758
