192
74.69170940528215, 56.95365916672009
91.9576604283314, 156.6436193545377
22.579010700403057, 132.16206306917357
21.945867351132897, 91.83885743881837
50.06079917043128, 68.18513442926366
85.80766860371757, 66.96212802811499
63.313698208234456, 166.7909878141932
97.40818575317942, 70.45513969664896
37.31558768688298, 165.42207558305063
52.670029337918855, 79.44226718964981
64.13845178726766, 144.68406430042003
79.49620503632542, 69.66164301819671
80.20479912032471, 11.984828057981645
41.60043304652887, 97.7613233185214
85.01977373070537, 198.3684971732374
77.36075197837353, 179.0935155974875
43.048627856272816, 108.46578808040819
40.91792722886076, 145.84716351849323
36.50487740403384, 100.61008938187356
46.34990652685443, 37.27753740597248
46.77787552463259, 112.36836129178411
47.94504940930878, 104.14829471060405
57.87925308892613, 134.66062335440924
42.77428275319619, 164.03506476856055
9.238910285415669, 85.2578505113824
92.04511720014115, 6.213058671419125
52.77706396682507, 63.130154503380844
85.77457564464926, 131.5184430226011
64.16341046935615, 35.55298363445052
96.6847667688817, 118.43659415880859
74.10283289970745, 132.73250744520868
77.88115003537747, 92.2351507295553
63.99672972132263, 45.64933892267295
39.29443287051219, 63.37639683422582
68.02784188751967, 189.2561220765113
86.19384686142783, 149.7985526274826
76.5920773401363, 96.94920955956601
49.71047427394778, 60.46732631241882
21.492850468600466, 52.15857962305226
18.521079050007206, 48.301239994825536
28.99791223803483, 83.12497148511888
41.979625651442944, 152.25263954538158
71.88271943506804, 60.854444383346326
99.35802276351714, 184.52806677040505
28.884676989547632, 52.381742108672235
22.774965255790313, 114.37179993103761
50.16118147106259, 111.40632474140295
42.62435852462922, 159.89925132697502
40.810784729291484, 122.89073653946008
28.1807770749805, 129.84339244847072
93.9983245067993, 173.01614522058648
61.56218897981286, 79.26594792016711
61.27247662012325, 106.78060770627135
69.22922315298561, 59.634327678990104
54.458098129146315, 113.66482941087285
90.96072124576092, 92.98709754033302
39.67205154640601, 67.71209590822083
39.72634411106709, 58.48009779213397
11.266989877350497, 65.34205645212963
61.582003681122956, 175.55534255259647
70.15776763549512, 171.9688505209167
62.8352589510038, 86.22775071756085
42.315402113263886, 71.82003981919347
31.27025730153393, 119.10331217594705
69.79107823174317, 44.30802449067463
28.93920085417253, 107.90555254568733
54.87920402307712, 50.95673404748246
74.86288454560624, 6.137239583294241
45.60012821803158, 169.22669056863043
22.856977512182898, 145.2420960890167
4.099864620797566, 79.97563905944372
47.93775770704817, 124.47928362095924
13.723667534833062, 78.21624902710609
62.89871627161363, 90.47431052315436
84.75126019783464, 122.24619019471663
82.11412867156858, 55.54723174331493
33.70835340265954, 71.0223804661511
95.77795730087958, 6.067995231325152
53.77898480642356, 72.13215527570812
22.180796287778705, 140.83817947972872
43.98400752583458, 64.42377372023273
19.82311697200053, 9.327757360841016
43.32076417072259, 196.93779009354614
12.594003454999047, 183.66184097191925
49.73620648246935, 65.34313204099197
18.75017614101362, 55.125155748033116
99.54544717435361, 41.93147172609517
52.69892130383052, 130.22970616013788
31.269262333667914, 73.28386612312592
6.735803990214517, 167.24923641212473
25.167156662239588, 131.88815685527214
88.20965261899147, 27.501974192102875
75.90878117912632, 139.65957596195747
56.00576121691212, 74.25418471655965
23.40532191649407, 176.8358494300487
0.28288177150607163, 163.76859593175828
57.16740150779051, 4.639877173102325
63.842486840282184, 18.68903072575212
9.613553889757497, 161.12403817593614
96.06987819894177, 134.9978467127708
20.56250809726673, 100.90523493001695
35.537608710073734, 148.28939738105663
56.398184114967975, 26.59655726008905
63.4985235313982, 174.0607242352326
59.024181913250175, 28.864516572831644
50.88955613068558, 7.884744359071294
85.5359463670083, 170.78644077335665
3.4242303723400203, 1.3104858747054138
35.40264277358672, 162.5958793038926
22.029160440246276, 58.90592260170404
33.374868967606695, 172.33463207178258
15.428262607777011, 155.47468824922683
125.30829059471785, 56.95365916672009
108.0423395716686, 156.6436193545377
177.42098929959695, 132.16206306917357
178.0541326488671, 91.83885743881837
149.93920082956873, 68.18513442926366
114.19233139628243, 66.96212802811499
136.68630179176554, 166.7909878141932
102.59181424682058, 70.45513969664896
162.68441231311704, 165.42207558305063
147.32997066208114, 79.44226718964981
135.86154821273234, 144.68406430042003
120.50379496367458, 69.66164301819671
119.79520087967529, 11.984828057981645
158.39956695347112, 97.7613233185214
114.98022626929463, 198.3684971732374
122.63924802162647, 179.0935155974875
156.95137214372718, 108.46578808040819
159.08207277113922, 145.84716351849323
163.49512259596617, 100.61008938187356
153.65009347314557, 37.27753740597248
153.22212447536742, 112.36836129178411
152.05495059069122, 104.14829471060405
142.12074691107387, 134.66062335440924
157.2257172468038, 164.03506476856055
190.76108971458433, 85.2578505113824
107.95488279985885, 6.213058671419125
147.22293603317493, 63.130154503380844
114.22542435535074, 131.5184430226011
135.83658953064383, 35.55298363445052
103.3152332311183, 118.43659415880859
125.89716710029255, 132.73250744520868
122.11884996462253, 92.2351507295553
136.00327027867738, 45.64933892267295
160.7055671294878, 63.37639683422582
131.97215811248032, 189.2561220765113
113.80615313857217, 149.7985526274826
123.4079226598637, 96.94920955956601
150.2895257260522, 60.46732631241882
178.50714953139953, 52.15857962305226
181.47892094999278, 48.301239994825536
171.00208776196519, 83.12497148511888
158.02037434855706, 152.25263954538158
128.11728056493195, 60.854444383346326
100.64197723648286, 184.52806677040505
171.11532301045236, 52.381742108672235
177.2250347442097, 114.37179993103761
149.8388185289374, 111.40632474140295
157.37564147537077, 159.89925132697502
159.18921527070853, 122.89073653946008
171.8192229250195, 129.84339244847072
106.0016754932007, 173.01614522058648
138.43781102018716, 79.26594792016711
138.72752337987674, 106.78060770627135
130.7707768470144, 59.634327678990104
145.54190187085368, 113.66482941087285
109.03927875423908, 92.98709754033302
160.327948453594, 67.71209590822083
160.27365588893292, 58.48009779213397
188.7330101226495, 65.34205645212963
138.41799631887704, 175.55534255259647
129.84223236450487, 171.9688505209167
137.1647410489962, 86.22775071756085
157.68459788673613, 71.82003981919347
168.72974269846605, 119.10331217594705
130.20892176825683, 44.30802449067463
171.06079914582747, 107.90555254568733
145.12079597692286, 50.95673404748246
125.13711545439376, 6.137239583294241
154.39987178196841, 169.22669056863043
177.1430224878171, 145.2420960890167
195.90013537920242, 79.97563905944372
152.06224229295182, 124.47928362095924
186.27633246516694, 78.21624902710609
137.10128372838636, 90.47431052315436
115.24873980216536, 122.24619019471663
117.88587132843142, 55.54723174331493
166.29164659734045, 71.0223804661511
104.22204269912042, 6.067995231325152
146.22101519357645, 72.13215527570812
177.81920371222128, 140.83817947972872
