144
34.75243341386, 47.82189387298743
55.35032242035642, 50.36957412109038
59.691038759796974, 108.00558823477814
23.019174705382106, 81.0511541663553
81.95701925962709, 19.293935511346326
69.84931479150993, 109.44613907668534
22.101422933136604, 128.25431618738003
90.59625919418762, 113.69108462826576
30.171373124700896, 156.50328938925813
86.26248057286888, 188.54653898395836
69.6057728488122, 164.1901328524184
67.94854401863324, 142.22578139999874
70.76866092427598, 177.83385999069262
96.16227085137513, 24.900104539451018
78.36448816801085, 50.774636947938156
98.21130062133034, 113.4658911276241
87.33585484347822, 145.16113484291722
77.84421955589902, 191.8562267535989
29.137924469814457, 141.32072883281458
16.887120529084456, 141.3777625971974
42.223360379797256, 116.4047289617426
2.5431441644973574, 121.47793265223532
21.17465820818254, 116.68844234011044
36.255486430421634, 28.683124748146092
91.06654998332043, 107.04477262410504
67.49200174723173, 89.6014703482123
54.536332426570034, 77.4660942140913
65.81430658413805, 69.039678041661
6.026436635439792, 93.49241237264185
58.69317083995696, 119.39343312125632
81.27209604888083, 39.419257597843014
47.67901487562424, 98.91878821181541
84.49215033197322, 102.25302344995583
79.24455457257605, 65.03508418146336
94.49252579430866, 193.365677175906
62.238038678588104, 146.42451546922132
47.27300271278838, 32.853512815011655
32.69430322061284, 48.3185410445774
69.70100605482537, 106.2669917189498
38.74994214728077, 171.4931821047328
89.00588984577647, 13.18081705237173
78.80518429311849, 14.785980818721312
97.7385890142337, 157.4202450269666
18.923895619821373, 93.63638307003457
56.64614826483644, 86.66968087159783
49.691334547502876, 16.20884812194847
35.32700939781982, 141.40494757897088
78.06754736441279, 54.59577833264881
76.09288943495028, 54.339068140645466
17.37485648787265, 112.19211128659978
70.73161933915308, 87.4603016633011
58.08610055668046, 65.6456088156572
74.34939912148579, 31.11288762420459
73.79714371959159, 156.50287167286774
39.943567775499424, 104.08497257182012
83.59792819895927, 114.8498761802184
90.2357138245794, 125.60377849179896
60.51396759465389, 117.20929076188007
16.49941257755203, 75.3204247485147
93.57268398052449, 25.482209300063708
66.36508813871369, 79.92200555524785
97.03771884735723, 116.5211985361822
27.277886141064876, 50.09569036643779
71.08589214849397, 175.96197136906702
165.24756658614, 47.82189387298743
123.26572314721125, 101.56898746469136
144.6496775796436, 50.36957412109038
140.30896124020302, 108.00558823477814
176.9808252946179, 81.0511541663553
118.04298074037291, 19.293935511346326
130.15068520849007, 109.44613907668534
177.8985770668634, 128.25431618738003
180.01129069527065, 57.39366115628104
109.40374080581238, 113.69108462826576
169.8286268752991, 156.50328938925813
113.73751942713112, 188.54653898395836
130.3942271511878, 164.1901328524184
132.05145598136676, 142.22578139999874
129.231339075724, 177.83385999069262
103.83772914862487, 24.900104539451018
121.63551183198915, 50.774636947938156
101.78869937866966, 113.4658911276241
112.66414515652178, 145.16113484291722
122.15578044410098, 191.8562267535989
151.89822339003456, 49.03323138209408
170.86207553018554, 141.32072883281458
183.11287947091554, 141.3777625971974
157.77663962020273, 116.4047289617426
197.45685583550264, 121.47793265223532
106.49655904239236, 7.384811111099943
178.82534179181746, 116.68844234011044
163.74451356957837, 28.683124748146092
108.93345001667957, 107.04477262410504
132.5079982527683, 89.6014703482123
153.44837704198946, 84.85984115881391
145.46366757342997, 77.4660942140913
134.18569341586195, 69.039678041661
193.97356336456022, 93.49241237264185
141.30682916004304, 119.39343312125632
118.72790395111917, 39.419257597843014
152.32098512437577, 98.91878821181541
149.3681092935589, 162.96350933038087
115.50784966802678, 102.25302344995583
106.20648121725998, 128.900767829004
120.75544542742395, 65.03508418146336
105.50747420569134, 193.365677175906
137.7619613214119, 146.42451546922132
152.72699728721162, 32.853512815011655
167.30569677938718, 48.3185410445774
130.29899394517463, 106.2669917189498
114.88755581214527, 28.442576049372192
161.25005785271924, 171.4931821047328
110.99411015422353, 13.18081705237173
167.06492721557674, 123.12197116204055
121.19481570688151, 14.785980818721312
102.2614109857663, 157.4202450269666
121.69490515964627, 60.65851684361119
114.3017920356281, 182.91959297913397
107.76878921313369, 43.162903725793186
181.07610438017863, 93.63638307003457
143.35385173516357, 86.66968087159783
150.3086654524971, 16.20884812194847
164.67299060218016, 141.40494757897088
121.93245263558721, 54.59577833264881
123.90711056504972, 54.339068140645466
182.62514351212735, 112.19211128659978
165.07306965288578, 160.20195846938265
129.2683806608469, 87.4603016633011
141.91389944331954, 65.6456088156572
129.5435402538622, 40.533311193526586
125.65060087851421, 31.11288762420459
126.20285628040841, 156.50287167286774
160.05643222450058, 104.08497257182012
116.40207180104073, 114.8498761802184
109.7642861754206, 125.60377849179896
139.48603240534612, 117.20929076188007
173.43966477219664, 42.15097782306052
146.11297154251406, 29.054003043894184
183.50058742244798, 75.3204247485147
106.42731601947551, 25.482209300063708
133.6349118612863, 79.92200555524785
102.96228115264277, 116.5211985361822
172.72211385893513, 50.09569036643779
128.91410785150603, 175.96197136906702
