144
45.52139238783438, 128.71843512929843
63.25397326713361, 164.5833797683655
95.0411276156116, 45.267762393801746
88.84904952635546, 53.12925198156411
50.46605420944421, 88.54182071385253
64.77409719355323, 20.740878855111376
48.980560573640986, 161.25220166464274
34.70338813492425, 138.7037516146047
87.52490339724243, 54.376399364764325
8.965305783593836, 104.25351458845631
80.01660098427801, 59.28925715829807
44.31398002545859, 72.47305693668982
62.213083019885474, 115.73747448424957
38.12876302791343, 96.89293680652777
80.89729985388408, 37.98128428835055
82.02176628166983, 181.10696469384496
37.175108069055916, 83.84587715560701
27.413559712233106, 166.75316892949465
42.35463365653076, 136.6901936289363
57.837298853242004, 102.5247333709399
93.46123214608329, 0.5903612010864867
77.68905437032436, 74.43260277973422
12.258809250248037, 74.90764771343052
65.76004550907352, 56.90571482617142
89.74299214230082, 157.01910614264153
34.68931110253379, 155.5644581586256
81.04068332578738, 120.33114926953678
78.85281409379795, 150.66440921351818
87.67220888380936, 59.33453933645831
5.0776259428762405, 84.86136111125187
33.70269846133232, 71.74216688495882
14.337123688722176, 119.12045961941715
78.3593408248741, 94.11386311722698
97.76677253402065, 24.520961112651452
74.02077174945396, 16.41682079745095
82.46030592288984, 167.25975920889016
27.778538970536093, 109.56674608395724
97.68213936260295, 181.07811481947527
56.08875874959758, 39.90379112939508
39.123445667261834, 69.58866654630802
53.181535359215935, 77.69552094268577
61.11132106668371, 14.173798363303657
55.889285623350425, 93.90824737884296
79.61705739019119, 81.00865809458642
85.22466108039211, 176.1500233509506
70.1359710907124, 53.212918606770245
56.65730840042197, 116.4971131723863
56.44352293314016, 113.54208785144363
65.33056953225412, 62.36958852459327
34.45258790827156, 135.84824662594056
36.133968343845446, 101.4161098063814
54.969813053790375, 97.00649136465655
93.53168755099291, 163.1608278692375
76.60738928914266, 65.04808456365862
35.934736446497915, 88.41878001552801
56.907389924375806, 139.3114585904951
72.2518484674687, 141.49241440143794
5.588988478321921, 124.35025694410878
71.241536451651, 133.33179902834843
82.24012324854061, 145.0720973196584
65.52227821103355, 28.109221167938927
69.55628405339073, 176.1189840676542
28.90133892642581, 129.07181947377094
71.28194520523735, 74.93386462143378
154.4786076121656, 128.71843512929843
136.7460267328664, 164.5833797683655
104.9588723843884, 45.267762393801746
111.15095047364454, 53.12925198156411
121.40014924199266, 135.05728657247664
149.53394579055578, 88.54182071385253
179.70794215366536, 155.86479790501423
135.22590280644675, 20.740878855111376
151.019439426359, 161.25220166464274
165.29661186507576, 138.7037516146047
112.47509660275757, 54.376399364764325
191.03469421640617, 104.25351458845631
111.63647562362506, 192.69077245695297
119.98339901572199, 59.28925715829807
171.27446062455732, 62.29708424628011
155.83108964626393, 158.4762201355837
155.6860199745414, 72.47305693668982
137.78691698011454, 115.73747448424957
161.87123697208656, 96.89293680652777
119.10270014611592, 37.98128428835055
117.97823371833017, 181.10696469384496
162.8248919309441, 83.84587715560701
172.5864402877669, 166.75316892949465
157.64536634346925, 136.6901936289363
142.162701146758, 102.5247333709399
106.53876785391671, 0.5903612010864867
110.42105473071906, 76.54110665436151
122.31094562967564, 74.43260277973422
187.74119074975195, 74.90764771343052
134.2399544909265, 56.90571482617142
108.74582597408147, 105.2993602619075
137.65102903207946, 112.81187473940837
110.25700785769918, 157.01910614264153
165.3106888974662, 155.5644581586256
114.88621605814092, 59.23588659181416
118.95931667421262, 120.33114926953678
121.14718590620205, 150.66440921351818
112.32779111619064, 59.33453933645831
194.92237405712376, 84.86136111125187
166.29730153866768, 71.74216688495882
185.6628763112778, 119.12045961941715
108.9990488030595, 108.90905757674882
121.6406591751259, 94.11386311722698
102.23322746597935, 24.520961112651452
127.79092569584127, 58.49042902249031
125.97922825054604, 16.41682079745095
117.53969407711016, 167.25975920889016
172.2214610294639, 109.56674608395724
102.31786063739705, 181.07811481947527
164.04325313224064, 50.80683965993946
143.9112412504024, 39.90379112939508
160.87655433273818, 69.58866654630802
146.81846464078407, 77.69552094268577
138.8886789333163, 14.173798363303657
144.11071437664958, 93.90824737884296
120.38294260980881, 81.00865809458642
159.8602951151621, 141.9822741060254
114.77533891960789, 176.1500233509506
129.86402890928758, 53.212918606770245
143.34269159957802, 116.4971131723863
143.55647706685983, 113.54208785144363
134.66943046774588, 62.36958852459327
124.82610589626006, 164.86354778485602
165.54741209172843, 135.84824662594056
129.77430094619677, 143.46581300938442
163.86603165615455, 101.4161098063814
145.03018694620962, 97.00649136465655
106.46831244900709, 163.1608278692375
123.39261071085734, 65.04808456365862
164.0652635535021, 88.41878001552801
143.09261007562418, 139.3114585904951
127.7481515325313, 141.49241440143794
194.4110115216781, 124.35025694410878
128.758463548349, 133.33179902834843
146.77951767600308, 22.872655529812413
117.75987675145939, 145.0720973196584
134.47772178896645, 28.109221167938927
130.44371594660927, 176.1189840676542
171.0986610735742, 129.07181947377094
128.71805479476265, 74.93386462143378
