112
90.47715552606034, 90.79029874883393
68.38365443673109, 100.26444352299966
83.90348566637178, 159.10633691286898
49.74694405015663, 82.00750959862484
82.90779691966385, 66.37598080127738
50.712142928057226, 26.64814206279489
59.43685549250826, 166.46021155718805
56.445128262122324, 58.14267112426261
12.663346555481315, 135.0678293516775
84.3616652518133, 142.67982665669425
63.686401875528496, 32.53141569601334
37.31518650935397, 78.78945967076423
51.74158764489641, 173.8051985810192
98.82116752437065, 156.40808967184645
61.68008671834762, 127.53124882586833
17.517139486866817, 149.97519552213922
71.36174954109548, 106.89651405196952
88.59766662070653, 171.9752423021076
60.61304896523602, 138.43293579296002
5.105641786575832, 122.02119628379815
63.377970320243534, 105.94961543148098
29.84888968339796, 90.81044839258703
13.622857580045578, 89.69036063028761
68.17125665521787, 30.946881536965677
58.14894402265658, 188.63416625008165
47.44641206302781, 149.81312096346528
64.03208191867849, 67.81375564998451
33.970876194855414, 42.85878030446262
51.5541968383761, 34.06981750570064
71.35316044154797, 77.13871929241077
91.72088352138968, 180.3586710245789
81.07230278751388, 79.50904274475523
102.43415206401252, 151.39546195139502
163.75205785195092, 63.30839975442921
109.52284447393966, 90.79029874883393
119.37752231745662, 136.72328079728874
136.24578457284235, 132.81848290249957
139.7102786100715, 131.8891360914417
169.17317937430533, 110.56312705564646
131.6163455632689, 100.26444352299966
116.09651433362822, 159.10633691286898
125.62461596843757, 38.82331871502258
131.93296417338675, 81.07282006090684
103.09056249740853, 57.79713159854369
105.75475053702519, 79.41848743774162
150.25305594984337, 82.00750959862484
179.8998747711094, 71.23692331337227
117.09220308033615, 66.37598080127738
158.45005735134163, 147.0893597031648
199.36807560784905, 96.59504804967062
149.28785707194277, 26.64814206279489
111.47299009122953, 198.00079419372742
140.56314450749176, 166.46021155718805
140.49782787649218, 68.59879160949932
143.55487173787768, 58.14267112426261
126.97083462608256, 63.21022143148032
108.03091651051513, 81.86649559050292
101.80088825813229, 34.14364099938805
187.33665344451867, 135.0678293516775
115.6383347481867, 142.67982665669425
131.10648252411477, 117.11436736467186
166.73107835638373, 130.44049427396186
107.57355653990697, 72.12031149958484
158.85333411458407, 115.12154387949553
136.3135981244715, 32.53141569601334
190.86860997012403, 58.77456975527202
162.68481349064604, 78.78945967076423
139.1320946922726, 99.89453503752328
137.05074816400486, 75.452481248211
156.02214216517658, 84.47173096000502
148.2584123551036, 173.8051985810192
113.52305360454487, 53.551537529544156
153.75524583149144, 128.3969572427905
101.17883247562935, 156.40808967184645
138.3199132816524, 127.53124882586833
182.48286051313318, 149.97519552213922
128.6382504589045, 106.89651405196952
111.40233337929347, 171.9752423021076
166.91332145277133, 68.2599817085983
145.27304866770655, 130.23974106657457
133.033090687746, 191.3776998966712
139.38695103476397, 138.43293579296002
194.89435821342417, 122.02119628379815
136.62202967975645, 105.94961543148098
170.15111031660203, 90.81044839258703
186.37714241995442, 89.69036063028761
130.26161871615267, 193.18455462574315
131.82874334478214, 30.946881536965677
140.9960851079806, 13.940126118849383
141.85105597734344, 188.63416625008165
123.71448045065667, 142.72769227661266
152.55358793697218, 149.81312096346528
118.9732984032477, 183.8124934715795
139.24726837479153, 29.781412150318577
135.9679180813215, 67.81375564998451
166.0291238051446, 42.85878030446262
177.21503223140576, 145.26621312145937
156.0363991932931, 65.23954413286968
148.4458031616239, 34.06981750570064
136.90558722855644, 17.669077121083188
155.3107520682438, 58.42684823146256
128.64683955845203, 77.13871929241077
152.00139356460096, 159.0430447803029
166.4676270494716, 110.37180447053609
195.29587548581168, 99.67935555160679
101.22787150736261, 114.29796204868232
108.27911647861032, 180.3586710245789
145.72183898345082, 22.088872096644273
118.92769721248612, 79.50904274475523
135.82172190877424, 172.02130721334768
126.42924451924034, 36.26831673620896
148.894411703571, 88.92943167761746
