160
57.32292099004367, 144.55629937103345
51.60922333853204, 85.47683721886497
84.69280545553691, 101.57375936894832
69.15650557491266, 26.235385470882953
40.15515269785199, 127.2907733392392
80.56595075518295, 52.172688067091165
58.57527511110463, 152.29612149747652
55.51221865922559, 54.238220809803
52.89606617192223, 145.99488025224122
4.40635307972963, 120.53313414790192
56.54749790983735, 160.6770955117109
59.32715726842861, 118.72128926672121
63.76866482415671, 77.7631683218114
77.17158278142699, 192.80789071722805
54.24777800671701, 165.03106809689902
87.56858261745238, 115.56584122614208
33.384776158118555, 146.92801605528135
0.7475159877286899, 53.6974843888736
95.6171077148733, 194.26277445213415
53.37844845478884, 43.878760260229456
21.249046821315876, 137.95489992296825
81.44500282548832, 134.17897698556712
92.72169452599024, 157.7433036829015
11.942803017714198, 94.53249409268315
92.30021575773628, 12.936560641447791
60.43348674124832, 81.4372181792153
41.059380923575475, 135.8452087569568
77.80576217582717, 101.51182274369586
55.082298725061726, 75.01774358992049
29.7668393735689, 121.17485751072566
86.99874958161865, 105.26823136474151
95.5365518915039, 96.59407118505285
76.37975442340408, 73.555747910319
54.47628545994066, 116.81013084916934
26.978239185052672, 176.74315551160635
77.66535569478613, 51.15547680849004
34.67094597603975, 69.98133124843102
69.47623225733862, 6.282099751097906
58.971914451332964, 51.79716016597802
47.636135334708264, 163.75323523921372
21.08206785902094, 153.84042160077013
65.49686226170974, 88.29804079020431
91.41773291542631, 120.47411585425026
77.35486695896061, 185.07256291562538
38.295585411186195, 150.2125312410373
29.818679942510464, 67.07432937205131
96.15004337692555, 46.88084560642729
19.77649182241604, 105.93884975292751
92.93913657737663, 109.36431615139878
50.19139035702768, 181.73320590000472
13.718404680219521, 71.30510883798698
38.411309818928075, 42.12943772981019
26.34047949100564, 98.60376318011828
50.2963270876986, 48.705426524349505
72.18947564190329, 76.77602900951894
25.092277402152984, 87.06694052005088
5.080113224647387, 74.04599009314184
84.83806160862372, 189.9003819184597
7.066730044306457, 128.93059952417903
88.1838272077978, 112.91025947360261
68.07979591868978, 48.754716121920325
78.9573880844393, 173.38044608882817
78.44230272146304, 152.2308716989901
22.590701653791058, 133.1960156028999
76.67968485525816, 137.57676965735394
34.79452519844428, 93.74171875205981
60.88413467686018, 95.72602940361338
96.57962975796428, 71.65848542174717
57.21778780715765, 73.87605181953683
35.93305138902523, 144.8189261535021
4.949571420713539, 95.099103744183
58.22894546086138, 132.85348900051136
52.36146515831845, 110.32372612598303
24.51638077481011, 51.49246695233298
54.75274405119593, 72.19899982854501
53.64346870817717, 55.32425627981026
5.075285878307653, 70.20442792102553
58.21634938253059, 140.72160671391018
95.0517668218815, 190.2135628776369
87.51519783224218, 73.55979411253367
184.3453469577892, 84.3188661533869
148.39077666146795, 85.47683721886497
101.04776371974744, 62.615424325450356
130.84349442508733, 26.235385470882953
159.84484730214803, 127.2907733392392
119.43404924481705, 52.172688067091165
141.42472488889535, 152.29612149747652
144.4877813407744, 54.238220809803
162.31844165829222, 167.15734011092093
195.59364692027037, 120.53313414790192
131.1867076703224, 189.32928168060837
147.1952373144301, 184.02353112476925
136.2313351758433, 77.7631683218114
122.82841721857301, 192.80789071722805
130.22803118286186, 168.81821116727315
112.43141738254762, 115.56584122614208
166.61522384188146, 146.92801605528135
173.36799305599513, 50.63294876533815
104.3828922851267, 194.26277445213415
146.62155154521116, 43.878760260229456
178.7509531786841, 137.95489992296825
118.55499717451168, 134.17897698556712
107.27830547400976, 157.7433036829015
131.4227958909202, 139.5675739604429
107.69978424226372, 12.936560641447791
139.56651325875168, 81.4372181792153
158.94061907642453, 135.8452087569568
122.19423782417283, 101.51182274369586
144.91770127493828, 75.01774358992049
170.2331606264311, 121.17485751072566
129.32732881328212, 74.32278099119074
104.4634481084961, 96.59407118505285
123.62024557659592, 73.555747910319
145.52371454005933, 116.81013084916934
108.83406181734846, 103.81979481853243
122.33464430521387, 51.15547680849004
165.32905402396025, 69.98133124843102
105.55163399090563, 14.197238398541433
141.02808554866704, 51.79716016597802
152.36386466529174, 163.75323523921372
178.91793214097908, 153.84042160077013
134.50313773829026, 88.29804079020431
108.58226708457369, 120.47411585425026
122.64513304103939, 185.07256291562538
161.7044145888138, 150.2125312410373
170.18132005748953, 67.07432937205131
103.84995662307445, 46.88084560642729
180.22350817758397, 105.93884975292751
107.06086342262337, 109.36431615139878
149.80860964297233, 181.73320590000472
186.28159531978048, 71.30510883798698
161.5886901810719, 42.12943772981019
173.65952050899435, 98.60376318011828
149.70367291230139, 48.705426524349505
127.81052435809671, 76.77602900951894
174.90772259784703, 87.06694052005088
194.9198867753526, 74.04599009314184
115.16193839137628, 189.9003819184597
192.93326995569353, 128.93059952417903
111.8161727922022, 112.91025947360261
131.9202040813102, 48.754716121920325
121.0426119155607, 173.38044608882817
121.55769727853696, 152.2308716989901
150.28385494921253, 65.03861980660571
123.32031514474184, 137.57676965735394
165.2054748015557, 93.74171875205981
139.11586532313981, 95.72602940361338
139.11088114547994, 86.61583419170952
142.78221219284234, 73.87605181953683
164.06694861097478, 144.8189261535021
195.05042857928646, 95.099103744183
141.77105453913862, 132.85348900051136
123.85254383473084, 30.985024711664376
175.4836192251899, 51.49246695233298
145.24725594880408, 72.19899982854501
146.35653129182282, 55.32425627981026
143.47971543424615, 14.126793825959805
169.72082951223297, 63.20954565556851
104.9482331781185, 190.2135628776369
112.48480216775782, 73.55979411253367
