160
98.43824279869602, 189.49920569425282
99.21616934265829, 166.50517457448325
26.53732188699679, 65.90262233916866
36.485864664668966, 30.898401623147052
6.945755179298018, 113.17247961511912
36.79396616725246, 92.45735239536015
91.39296294472041, 88.63735467279929
24.384205313905273, 93.13648966251856
86.28044872061946, 152.1106789758845
32.299489791047776, 56.55599989769422
95.95256420171555, 93.22282218164806
31.864777506574715, 40.42001126915871
15.910281299077766, 136.83286531559912
49.73270403252784, 64.26571890883696
89.00698042638076, 9.002060721893844
84.58794840930754, 51.72156354209487
47.18456443932354, 182.77253018641483
19.9964397956268, 107.92373374753659
55.43101706234065, 109.09016119466189
38.73422522649389, 152.94235477703833
90.78947599369333, 162.32898664438778
54.15803291132597, 129.3307897604039
68.51289214753112, 39.5446512428822
82.87979418192518, 46.53690452488364
21.18417381941282, 86.19582615057028
50.28097527335591, 41.951596147103956
27.2880018744194, 35.70432619101756
76.60722449156097, 54.605561336409615
68.30269674297791, 147.00536933387846
46.057322244109834, 149.09429944738665
46.13962941955069, 42.05111264619126
77.00421421745935, 142.68546836294445
15.117953977695375, 102.97569886694431
52.46832018418802, 148.77503486785807
36.41100574653298, 108.48484580813107
98.08304138350486, 54.265382722011445
79.18182436319256, 143.98484678352335
72.70399516132659, 6.517820765533311
88.77346950180397, 47.99762228211743
97.5562542938695, 142.61566304734544
76.64559623802786, 195.1273717811672
12.814359313373302, 74.25751697853099
13.774153010402902, 91.08833068265002
93.19237891913055, 183.5101952769628
4.7426247369028225, 110.91363628513679
81.31386309385107, 81.28626704066512
95.56725079432292, 70.0691914489007
26.64596345455258, 90.63107136155605
48.75887182361861, 71.28733582320257
80.375519766132, 128.1219440911862
56.874080011620855, 112.58114737425704
90.56390480118537, 127.06690758443739
75.97025306097039, 51.91608716258289
24.456473380951604, 45.52443468111509
85.90591749232705, 98.2415853662007
64.71472943301433, 131.15273004715752
71.21616247306729, 177.46866634705208
53.76147894150739, 107.51341947426931
4.143154801903526, 74.71052685050925
14.430773330252123, 140.3848657762656
97.482179880644, 130.4875423779977
55.36632749303052, 124.5294409353517
81.2346711309256, 112.63835595475904
42.43944599072515, 134.89153014339726
59.27579355586305, 159.29101503132773
10.56116962010768, 114.06991088017277
17.093483168237377, 77.8426228870333
33.31696802966574, 65.65970435901458
79.52789109224794, 39.46432827373554
23.471520410559044, 57.75108902008079
85.59093968048438, 117.23050651468093
92.94424212404198, 61.46863725465557
47.135172527507976, 172.1920067507176
36.7189811645676, 133.73770900765882
51.00967367011432, 52.39203848497189
72.35859211536648, 112.36620995270066
55.851852833043544, 48.059565515361236
80.56517545191338, 175.1008989542791
31.582569177093177, 155.79610027986942
96.35683882140407, 10.894754593077959
101.56175720130398, 189.49920569425282
100.78383065734171, 166.50517457448325
173.46267811300322, 65.90262233916866
163.51413533533105, 30.898401623147052
193.05424482070197, 113.17247961511912
163.20603383274755, 92.45735239536015
108.60703705527959, 88.63735467279929
175.61579468609472, 93.13648966251856
113.71955127938054, 152.1106789758845
167.7005102089522, 56.55599989769422
104.04743579828445, 93.22282218164806
168.1352224934253, 40.42001126915871
184.08971870092222, 136.83286531559912
150.26729596747217, 64.26571890883696
110.99301957361924, 9.002060721893844
115.41205159069246, 51.72156354209487
152.81543556067646, 182.77253018641483
180.0035602043732, 107.92373374753659
144.56898293765934, 109.09016119466189
161.2657747735061, 152.94235477703833
109.21052400630667, 162.32898664438778
145.84196708867404, 129.3307897604039
131.48710785246888, 39.5446512428822
117.12020581807482, 46.53690452488364
178.81582618058718, 86.19582615057028
149.71902472664408, 41.951596147103956
172.7119981255806, 35.70432619101756
123.39277550843903, 54.605561336409615
131.6973032570221, 147.00536933387846
153.94267775589017, 149.09429944738665
153.8603705804493, 42.05111264619126
122.99578578254065, 142.68546836294445
184.88204602230462, 102.97569886694431
147.53167981581197, 148.77503486785807
163.58899425346704, 108.48484580813107
101.91695861649514, 54.265382722011445
120.81817563680744, 143.98484678352335
127.29600483867341, 6.517820765533311
111.22653049819603, 47.99762228211743
102.4437457061305, 142.61566304734544
123.35440376197214, 195.1273717811672
187.1856406866267, 74.25751697853099
186.2258469895971, 91.08833068265002
106.80762108086945, 183.5101952769628
195.25737526309717, 110.91363628513679
118.68613690614893, 81.28626704066512
104.43274920567708, 70.0691914489007
173.35403654544743, 90.63107136155605
151.24112817638138, 71.28733582320257
119.624480233868, 128.1219440911862
143.12591998837914, 112.58114737425704
109.43609519881463, 127.06690758443739
124.02974693902961, 51.91608716258289
175.5435266190484, 45.52443468111509
114.09408250767295, 98.2415853662007
135.28527056698567, 131.15273004715752
128.7838375269327, 177.46866634705208
146.2385210584926, 107.51341947426931
195.85684519809647, 74.71052685050925
185.56922666974788, 140.3848657762656
102.517820119356, 130.4875423779977
144.63367250696948, 124.5294409353517
118.7653288690744, 112.63835595475904
157.56055400927485, 134.89153014339726
140.72420644413694, 159.29101503132773
189.43883037989232, 114.06991088017277
182.90651683176262, 77.8426228870333
166.68303197033427, 65.65970435901458
120.47210890775206, 39.46432827373554
176.52847958944096, 57.75108902008079
114.40906031951562, 117.23050651468093
107.05575787595802, 61.46863725465557
152.86482747249204, 172.1920067507176
163.2810188354324, 133.73770900765882
148.99032632988568, 52.39203848497189
127.64140788463352, 112.36620995270066
144.14814716695645, 48.059565515361236
119.43482454808662, 175.1008989542791
168.41743082290682, 155.79610027986942
103.64316117859593, 10.894754593077959
