192
36.67194111846095, 129.4392852055389
94.72305692327001, 144.2105934987613
37.64227408968753, 157.26645714006722
62.54115732868991, 159.55353905238871
79.943006536906, 168.6254207933126
30.484906128568777, 54.75723911759547
0.010968121023147148, 107.14617261044353
85.18762673496649, 22.32370034550791
86.93956528435625, 84.05944712985422
85.19971488982432, 173.34150354017828
11.371403194004692, 108.72443965183068
51.51809962205669, 124.19295105122096
89.92594924031863, 63.60254391832518
21.42349724730124, 143.30939581846098
52.77753168003537, 53.20898018768987
35.87823860049816, 140.46827455079696
71.44506015903805, 171.1171238270443
57.49442308774273, 153.28507685183453
59.28980851899398, 65.63200060530866
42.705142547906036, 133.599689248024
96.1285025185879, 156.21866542107884
49.03837244959113, 88.63580887326322
69.17078600428854, 149.5754228915873
57.817733954364044, 103.3644921407051
54.764719083360845, 99.5085587121421
33.910400929594495, 94.21561900178503
52.9921696893472, 103.0615650003922
45.13385308674339, 128.42430174005588
33.54369467363216, 140.56048940420982
14.562457318079773, 124.12316424586784
33.478834022065676, 123.25012734683787
91.5955542676666, 151.2620741558223
97.04553862574868, 93.9996086575917
82.17151076938842, 70.37108989434891
96.6566202875004, 35.62492114537934
52.64312519514313, 129.44930382385112
49.74816111785171, 27.324426128534828
52.08655989417527, 106.95255656244092
38.65932397662824, 192.82006875899438
80.32563163131255, 24.67503565050364
15.432403353478996, 137.29749979053722
15.699486632720838, 66.2759716213591
56.932039124838234, 171.7882724666859
16.67389394735072, 181.2737222098151
3.4510701383215103, 74.63147843638622
44.338536133748704, 56.90418432153921
33.63473499369979, 118.68787990550143
73.77683828241084, 50.82026503448238
36.18608758736481, 162.66729257122614
31.403530558887383, 137.443164298013
50.46576217661512, 98.2132415486898
70.5637730632268, 176.41481670600484
68.89010080263121, 116.66433497907016
65.6407193831256, 18.459495826685224
67.45035075159984, 45.866908735646646
59.57478191154448, 3.5920323177830227
20.877850210598904, 86.07525532496139
69.503912949975, 34.49310516733826
36.983808490452674, 28.92821467624367
94.4512889061239, 91.6129529895219
55.76165581460236, 55.72523824869715
94.95768206456307, 106.32229802918698
26.381658306700594, 172.1952121820339
86.76390401933155, 86.73210299268686
51.84712202191794, 158.25228098748636
33.7805519135884, 64.60857078996291
86.23236385986357, 145.76725818149572
15.929855114509039, 82.92448164187596
26.430961365639018, 116.20489944508132
92.96290219497968, 163.03766049999814
71.82439827197148, 119.53625875439089
60.873977840299645, 166.71194522275343
33.582751634779484, 25.08268433803994
59.348111922534585, 74.94787076256077
87.44166522301597, 107.40774928756211
48.198880669679234, 94.4668312644294
77.10496370164547, 77.41896867023411
13.992279739659441, 92.96729007831912
42.75309663754186, 174.19932649111064
48.26162510670295, 75.59747658329469
54.97306796100933, 181.64138939242324
84.33495264790774, 145.2139517114677
55.46865075215008, 119.4054154617072
29.064311492130514, 90.82166094921718
32.67363020114789, 42.17887918993186
6.331279239796228, 80.17513353367896
51.14005244471532, 14.58374734931982
86.86170940244402, 169.89850695026925
7.085537536349218, 57.85502710367687
89.78172325838587, 141.16491344526972
19.53616734602618, 111.32359143631285
86.54945705476338, 192.85816034352143
9.292961679949874, 186.24389887554798
43.99046478296158, 166.046696196636
7.59523036715517, 97.8252739685104
55.220505436102144, 103.26954454874102
51.30218715738817, 20.859501346578433
6.2117358504811815, 118.78222447095217
64.49979035378134, 129.14193730816262
21.30173115947557, 119.49409487347245
74.65525335679376, 14.55527117466573
64.19349548590985, 57.72698962059049
84.01615742990742, 120.47628302560595
70.82697864360739, 88.53950164283206
23.014490622456872, 25.136218197594708
4.432520852529132, 154.43793774374092
97.6660194699637, 63.54177461521884
47.90339480850251, 43.619446826675734
30.021611177799944, 18.25375320995708
64.20235782061523, 99.87713696551504
56.531849212572894, 63.17123452972779
15.960546146214561, 142.9852067193692
116.38114667147946, 51.38359686486484
105.27694307672999, 144.2105934987613
191.65013508395572, 99.12899877400932
137.4588426713101, 159.55353905238871
120.056993463094, 168.6254207933126
169.51509387143122, 54.75723911759547
148.81019985683844, 104.07996095853437
172.81393727370573, 75.13398395027228
113.06043471564375, 84.05944712985422
114.80028511017568, 173.34150354017828
188.6285968059953, 108.72443965183068
100.9153348665912, 194.27136413128798
110.07405075968137, 63.60254391832518
178.57650275269876, 143.30939581846098
147.22246831996463, 53.20898018768987
184.45283723764567, 88.90931960064594
128.55493984096194, 171.1171238270443
110.2306099388355, 91.07252006270974
178.21116026369523, 110.9006180628868
127.95004716255906, 82.63378093404505
103.8714974814121, 156.21866542107884
150.96162755040888, 88.63580887326322
130.82921399571146, 149.5754228915873
142.18226604563597, 103.3644921407051
153.3981343525633, 98.5842984878087
166.0895990704055, 94.21561900178503
147.0078303106528, 103.0615650003922
154.8661469132566, 128.42430174005588
100.74266548180543, 166.47585200577873
178.79016266835296, 118.99264754323042
166.52116597793432, 123.25012734683787
108.4044457323334, 151.2620741558223
102.95446137425132, 93.9996086575917
121.33700699920409, 150.11538986087965
103.3433797124996, 35.62492114537934
147.3568748048569, 129.44930382385112
150.2518388821483, 27.324426128534828
147.91344010582475, 106.95255656244092
189.0676969308097, 134.67704826571023
119.67436836868745, 24.67503565050364
184.567596646521, 137.29749979053722
184.30051336727917, 66.2759716213591
139.0044700678606, 124.98201500146517
111.83891519812103, 106.94922641970301
196.5489298616785, 74.63147843638622
117.76315973051115, 10.3085865846408
191.69032846522933, 131.72537185978717
168.37782813697234, 85.13874506539211
163.8139124126352, 162.66729257122614
168.59646944111262, 137.443164298013
146.43353769007174, 105.5790770760885
129.4362269367732, 176.41481670600484
131.1098991973688, 116.66433497907016
134.3592806168744, 18.459495826685224
132.54964924840016, 45.866908735646646
177.32344304564083, 82.76732609558944
179.1221497894011, 86.07525532496139
130.49608705002498, 34.49310516733826
163.01619150954733, 28.92821467624367
118.92255353502247, 161.32828039898962
173.6081755066321, 94.71135227736693
138.12359629342336, 48.156473991883274
109.92192544587083, 195.36917478718655
113.23609598066845, 86.73210299268686
176.74024214350584, 126.94862024472486
166.2194480864116, 64.60857078996291
111.24575607775336, 163.72825688991003
184.07014488549095, 82.92448164187596
173.569038634361, 116.20489944508132
128.00471613524186, 89.962718649226
128.17560172802854, 119.53625875439089
139.12602215970037, 166.71194522275343
120.03739269977054, 53.371132768429106
102.30185888562427, 79.6144426028905
128.29512994022906, 70.38004481764209
151.80111933032077, 94.4668312644294
122.89503629835453, 77.41896867023411
186.00772026034056, 92.96729007831912
150.40144917879132, 179.23082746933864
151.73837489329705, 75.59747658329469
