192
90.57919098690834, 179.68080545400292
5.353663876777293, 98.73874089740606
91.90733201696446, 75.62531636459073
49.16391413786312, 66.87254052792241
46.44233341131902, 74.30721009522259
50.505890415771916, 96.5745911222052
11.065897427271898, 131.28844201707764
95.67642000643491, 105.07598129249438
86.83087794765481, 127.46388316790693
46.875062326049516, 99.3948862033861
83.31112516125178, 11.77925304901084
14.441642296925615, 150.08359910013343
31.523491998279376, 115.4692103865665
49.98193596501048, 53.89615227068039
49.153951911385676, 44.40776980438078
94.17869818066193, 142.95407914893775
21.383215759404507, 96.7205637633194
35.26521139398542, 83.58394450074894
72.64705500816024, 30.067349200121217
79.47525377226374, 192.93184163499458
82.0782313206006, 159.016159965948
7.000750722831707, 144.04209390867322
67.73641100698725, 88.39918686165113
82.71755754738675, 94.93805478246169
29.419059185782032, 127.39658581074
56.35596780819657, 92.35769605213974
76.28353285541402, 11.456304918091458
53.522466263115916, 154.30110514578075
38.29632300194569, 152.57215450836244
32.35330625957983, 60.088389121032115
18.492009888251115, 101.3929200073668
63.73425483996882, 46.95231345948348
62.91215315991923, 158.78438931554052
47.25437434163449, 17.90876697963415
48.38068115496688, 70.41817318727098
98.71948096836014, 99.44511806959062
27.85250218711058, 162.04298600761533
46.48214366243272, 183.08365342262047
12.569070986391793, 37.612117612981464
65.7380288142547, 177.49446998513153
53.317539703251384, 80.70002547152428
82.01857221929295, 154.6349405581322
50.445520057371255, 73.88986077433918
21.50273500999259, 174.2356946411475
65.5180855927342, 28.550961846359723
71.12073829318909, 123.81988231570224
69.90575458362449, 163.49545750936306
74.5863312725799, 49.20772315899909
54.14493410396884, 186.50359686185388
30.145085325177345, 133.9511429740251
15.406192246743629, 152.66127280102285
54.2234850084974, 134.75495932068242
76.47989919523432, 121.70661234365927
95.8710789354262, 49.275724013709585
20.022030109388655, 52.90436048650751
92.37243649805717, 58.49218210613476
5.453323282937335, 64.1205494417105
59.98814891257604, 88.70246318315108
98.09885980294008, 65.03518382058064
41.25851968199713, 162.19763559222517
2.13331345360141, 109.72827880665983
65.44786318348345, 100.16333196505487
83.77498191575108, 33.83192071965031
83.10372451465608, 170.47290331566884
42.90420786900359, 109.38321472644259
34.42527895094588, 102.17773675102316
31.700606024698153, 127.69915392570643
6.827959712558817, 78.50162978735295
34.32832031295541, 130.80790583129175
77.61505614635269, 51.86607654430378
86.58888679105637, 62.36406108000763
34.97805388565371, 151.39627859643173
64.82606939095733, 179.73458990221758
90.49681021696107, 164.5997327793102
97.62379809692443, 49.53713786147844
14.615352607133225, 57.62441247522811
70.19136155738038, 96.13092180389391
96.80167055882725, 136.8817508112532
67.72077099843804, 103.21201208006431
87.4757874406979, 1.118072367940659
58.508581083922614, 134.83917082994796
33.41799223502502, 154.54103374110667
41.7357852528982, 154.5477117256775
94.59196773929833, 4.1824363749797255
77.52512966822552, 100.98866570929886
43.5678413338049, 91.72378098626265
55.98828994522095, 13.741882492826551
58.34145096213257, 143.9740373541467
91.9797165414668, 147.66931671101807
71.71858303009076, 134.9083536804023
17.10201725651728, 142.69931866067242
22.1242712622043, 149.75254025464272
18.89846157713585, 128.78816922288996
93.36319958381311, 114.09633220622936
60.25244635520256, 152.1138863827933
12.794536914501409, 88.02772696232391
52.00293774308072, 192.03494579392844
22.841060585417416, 38.411913982318715
26.751795345255037, 115.58895104527356
85.73428321283195, 183.00459723492588
78.8452187722256, 118.63089594953544
1.124805893455838, 156.58187045457257
99.36521852285621, 6.236483009961358
3.613753701466338, 34.602155900522405
99.99740754789447, 112.86793039689601
71.27541346100296, 61.52641224031035
6.760707530207977, 141.49421565924152
98.94435885892362, 146.85098676777997
35.693110267220305, 21.525907637033438
35.3414403405439, 52.56760834630374
9.447141914534674, 182.89490456833366
52.44490193000293, 60.32457446829349
109.42080901309166, 179.68080545400292
194.6463361232227, 98.73874089740606
108.09266798303554, 75.62531636459073
177.33018781067676, 126.96283635155024
116.8288012505761, 136.9191962147364
149.49410958422808, 96.5745911222052
188.9341025727281, 131.28844201707764
104.32357999356509, 105.07598129249438
188.6210351175447, 103.88704062406353
163.10906103870246, 35.31939035103473
116.68887483874822, 11.77925304901084
193.63931234114338, 124.18996073938102
168.47650800172062, 115.4692103865665
150.01806403498952, 53.89615227068039
110.17738068566202, 101.93290607740641
105.82130181933807, 142.95407914893775
100.52860205340467, 122.63037166785018
143.21770997162395, 112.29490616568644
127.35294499183976, 30.067349200121217
120.52474622773626, 192.93184163499458
141.38833939120502, 97.60660646741405
185.7741298449479, 64.1715314429209
132.26358899301275, 88.39918686165113
117.28244245261325, 94.93805478246169
139.59358974416708, 79.99137818543882
155.30403622525938, 70.5016825218772
111.94504177425058, 12.649400310309655
146.47753373688408, 154.30110514578075
161.7036769980543, 152.57215450836244
167.64669374042018, 60.088389121032115
181.50799011174888, 101.3929200073668
136.26574516003117, 46.95231345948348
137.08784684008077, 158.78438931554052
152.7456256583655, 17.90876697963415
114.7136975287988, 120.72718904670221
101.28051903163986, 99.44511806959062
161.26867136810313, 84.03303734641014
153.51785633756728, 183.08365342262047
158.57928944976499, 31.934331826876484
134.2619711857453, 177.49446998513153
146.68246029674862, 80.70002547152428
117.98142778070705, 154.6349405581322
149.55447994262875, 73.88986077433918
147.8573261315497, 170.40631867699008
134.4819144072658, 28.550961846359723
101.77523559528139, 195.24458359578523
130.09424541637551, 163.49545750936306
136.70214285948424, 104.54234615431508
145.85506589603116, 186.50359686185388
169.85491467482265, 133.9511429740251
121.24860340331583, 118.76424378712282
145.7765149915026, 134.75495932068242
123.52010080476568, 121.70661234365927
104.1289210645738, 49.275724013709585
179.97796989061135, 52.90436048650751
107.62756350194283, 58.49218210613476
185.20691356853436, 60.490145848361074
142.75497776055977, 125.96054592495997
101.90114019705992, 65.03518382058064
137.1016279140373, 133.02943593914108
146.15074860537374, 188.25059630072892
134.55213681651657, 100.16333196505487
116.22501808424892, 33.83192071965031
116.89627548534392, 170.47290331566884
113.85005769912027, 157.73672090083488
155.0324817245666, 178.99468464040663
168.29939397530185, 127.69915392570643
193.17204028744118, 78.50162978735295
113.38923966133945, 160.4172425622398
165.19526114060235, 110.77575343527602
113.41111320894363, 62.36406108000763
132.14520496074945, 85.60122932555467
135.17393060904266, 179.73458990221758
109.50318978303893, 164.5997327793102
111.26274931388427, 21.059448330025464
185.38464739286678, 57.62441247522811
142.24681943019323, 67.3038011791809
161.54265181708678, 169.8460305593545
132.27922900156196, 103.21201208006431
112.5242125593021, 1.118072367940659
