240
18.283708228046525, 156.37095925872327
85.82735303306912, 154.99350561186665
72.39905984723589, 128.38594182193
54.83307412488392, 72.44084838912586
70.64271479149599, 143.5537295725835
51.180726344008455, 104.05696463583236
97.44747689294876, 183.56545730538673
59.829417886341254, 133.78090755471902
97.77401739099749, 186.61349883663684
34.548705461185115, 33.73412207252724
52.70273690780169, 44.50947851763478
81.27929170425199, 53.83361022774984
97.93667299206228, 53.017471303387474
82.0526794189242, 90.74227050756922
87.63500151992021, 29.107829181181067
90.30715312784903, 66.3916009634914
27.39438155832441, 120.8616324991616
30.233660397838225, 49.16263500576452
90.36676239801362, 93.64304029906816
27.2859736709782, 161.66681328620345
83.73121303132297, 1.8544029077681712
51.806233015081645, 17.80467127252252
61.59134717187717, 133.86661179735597
51.30964048555716, 38.45956676207258
84.30981315515935, 57.397434790106836
86.58450424584458, 47.06178646394776
87.83698012788676, 169.9986456343828
60.95885449335601, 89.96513176375656
62.91153992183831, 49.569663786918895
44.386851252520444, 100.81572882343704
79.5364096635198, 179.54361929843108
98.3969515370581, 197.47678139799035
58.893843782212066, 32.06574108176936
64.54814917406921, 117.83424152478442
44.721382005381614, 33.75981354405406
85.32103203563935, 31.247987494467576
84.06249773906723, 42.011735005361594
40.77786097170804, 112.4259923359691
71.5702135018905, 191.9712436783802
90.9022603907273, 141.7167450932355
82.94140251293555, 54.25410894355842
56.834706832882716, 77.73881754945577
44.01370886517796, 158.08283234205223
24.6598280878077, 80.36818516067822
68.97409371764842, 92.47129272231503
25.7168103648027, 105.05812484275778
39.737161676517495, 59.17681856830719
12.149153125031663, 72.13620315007758
78.0283017407399, 112.77074447940454
38.468441858052685, 170.9253864605361
32.58446529101118, 30.250736436794902
56.87055789225566, 111.03018142557504
69.71603873764812, 152.1774118999028
31.787206747818033, 156.2560220041914
83.18455661952515, 152.3931786282192
46.95432189657185, 67.53426579707751
84.85327848949836, 44.17303957667558
82.83652601416442, 113.79011618800735
77.10095089699924, 83.61661444078801
66.98020744281206, 96.0909019064654
42.317913760832084, 29.088749841488415
22.724865039754228, 136.42915733729507
91.61462432654714, 19.41973569821991
46.55208736795798, 70.67140217613515
58.081174511909204, 36.955893955605255
95.79022079578205, 137.19958511915274
36.8870339121797, 88.43740870641601
70.45044657045607, 53.8493946821871
88.76599726552953, 119.18208764071339
35.938026568946654, 39.583409784549175
50.97790076108658, 33.804688984553685
51.55614341751396, 85.14822284524017
57.099244495156064, 142.3264551540365
42.33697049163069, 175.62428063911733
78.27065186450298, 58.29938910892414
71.49677219879035, 167.13787624620576
15.418256552751242, 122.73728327303112
71.1164574400206, 178.40304427719525
27.028541743073397, 46.8877417236897
94.63328709866649, 29.879381182552798
1.0430894159836113, 66.86628973503248
73.38073766453806, 49.79952901012552
63.94451468944169, 29.00089928842693
51.97715623851028, 107.04701346881875
54.3171899628672, 121.72363129750845
25.56312131504973, 95.22119987858215
63.160038576796076, 21.914529716343957
71.66198753606501, 72.07404429799627
75.1890366367587, 108.82462605052079
93.17418201620795, 78.86915886521011
15.693041815585529, 74.85453979777232
59.53713928334802, 64.37821440848859
32.07878278706857, 37.657285543719034
6.607695117810996, 16.36000000111668
10.706116132498478, 37.19384077307406
18.253711415403796, 95.42897719676134
23.58417525341029, 84.86860650203634
15.70057326568376, 108.65573701645626
80.84072333894075, 26.672931582569113
90.52451386580495, 86.82636096011807
73.70827522935784, 106.39133607556055
49.31018210126646, 175.8514808459344
63.40917367547482, 197.17488108351472
25.71432081374424, 98.08714140316457
15.415756006403104, 105.27594403300769
75.07855050174868, 8.584550217516673
21.032439345586383, 181.32712089899644
74.53399788191862, 159.45982748777058
53.21574283700775, 15.99558318111487
86.77344820916534, 1.4096270893154461
1.1049500849751204, 22.434601513906905
86.21364655909518, 115.63997598062082
63.71919903360192, 160.92879289194792
56.144528701116094, 199.00812238567104
12.796686450920102, 129.14300819926615
59.048057782160846, 76.0091336616927
80.70021785643706, 133.05154967972007
33.56371705560658, 68.70437361206231
36.244254169721856, 8.854904852527046
4.675065048941063, 25.768002116006517
20.47269490117145, 113.17507989688265
88.08530523950247, 156.40222775899124
27.584601891173687, 51.05506702872589
70.14803668178232, 61.95183513496736
32.38587865223504, 42.81144253950369
97.62113406953381, 57.14854892569876
78.57879884297729, 45.82819310548023
53.037937086825416, 25.9708852308272
79.58470401390286, 28.119071788197438
27.7471342308229, 103.10994421460819
45.79573693808505, 118.13572697121595
58.24674074775773, 173.36924626845845
84.69566929916189, 47.196427534400584
81.61334110301485, 100.97826334991863
77.65369660231545, 168.00728464350053
46.834017475054864, 2.33836196133812
39.41940030096702, 189.29345195904645
8.925708785637909, 111.8840878751439
15.728999957612155, 1.7720755798492416
47.4007143355317, 149.92763772380272
65.7390111305712, 163.25003697616512
55.5196693621432, 113.5518138528783
2.6006590833003607, 125.45270199012725
31.073331252692572, 145.97079621321723
67.13032896261244, 67.70098175833526
1.7898256099825205, 134.79269833728247
36.689680924146494, 49.0573688070552
9.038130636032326, 174.404860861255
46.258755835700406, 98.67144634516254
71.2318568804078, 132.50247328183926
99.49010948422338, 29.601522984329854
55.46473732400356, 174.10546249299128
50.10937695921381, 65.49293616118686
30.60734214431049, 88.99729747609616
55.88431106157303, 133.98378362918143
14.211177194488844, 56.67518202761676
11.003972838294295, 28.47037651556652
70.3608843746351, 89.13283593958283
50.4232516495533, 88.6209180186538
8.748488542834753, 57.68234165205228
181.71629177195348, 156.37095925872327
114.17264696693088, 154.99350561186665
127.60094015276411, 128.38594182193
145.16692587511608, 72.44084838912586
129.357285208504, 143.5537295725835
148.81927365599154, 104.05696463583236
102.55252310705124, 183.56545730538673
140.17058211365875, 133.78090755471902
102.22598260900251, 186.61349883663684
165.4512945388149, 33.73412207252724
147.2972630921983, 44.50947851763478
118.72070829574801, 53.83361022774984
102.06332700793772, 53.017471303387474
117.9473205810758, 90.74227050756922
112.36499848007979, 29.107829181181067
109.69284687215097, 66.3916009634914
172.60561844167557, 120.8616324991616
169.76633960216176, 49.16263500576452
109.63323760198638, 93.64304029906816
172.7140263290218, 161.66681328620345
116.26878696867703, 1.8544029077681712
148.19376698491834, 17.80467127252252
138.40865282812283, 133.86661179735597
148.69035951444283, 38.45956676207258
115.69018684484065, 57.397434790106836
113.41549575415542, 47.06178646394776
112.16301987211324, 169.9986456343828
139.041145506644, 89.96513176375656
137.0884600781617, 49.569663786918895
155.61314874747956, 100.81572882343704
120.4635903364802, 179.54361929843108
101.6030484629419, 197.47678139799035
141.10615621778794, 32.06574108176936
135.4518508259308, 117.83424152478442
155.2786179946184, 33.75981354405406
114.67896796436065, 31.247987494467576
115.93750226093277, 42.011735005361594
159.22213902829196, 112.4259923359691
128.42978649810948, 191.9712436783802
109.0977396092727, 141.7167450932355
117.05859748706445, 54.25410894355842
143.16529316711728, 77.73881754945577
155.98629113482204, 158.08283234205223
175.3401719121923, 80.36818516067822
131.02590628235157, 92.47129272231503
174.2831896351973, 105.05812484275778
160.2628383234825, 59.17681856830719
187.85084687496834, 72.13620315007758
121.9716982592601, 112.77074447940454
161.5315581419473, 170.9253864605361
167.41553470898882, 30.250736436794902
143.12944210774435, 111.03018142557504
130.28396126235188, 152.1774118999028
168.21279325218197, 156.2560220041914
116.81544338047485, 152.3931786282192
153.04567810342814, 67.53426579707751
115.14672151050164, 44.17303957667558
117.16347398583558, 113.79011618800735
122.89904910300076, 83.61661444078801
133.01979255718794, 96.0909019064654
157.68208623916792, 29.088749841488415
177.27513496024577, 136.42915733729507
108.38537567345286, 19.41973569821991
153.447912632042, 70.67140217613515
141.9188254880908, 36.955893955605255
104.20977920421795, 137.19958511915274
163.1129660878203, 88.43740870641601
129.54955342954395, 53.8493946821871
111.23400273447047, 119.18208764071339
164.06197343105333, 39.583409784549175
149.02209923891343, 33.804688984553685
148.44385658248603, 85.14822284524017
142.90075550484394, 142.3264551540365
157.6630295083693, 175.62428063911733
121.72934813549702, 58.29938910892414
128.50322780120965, 167.13787624620576
184.58174344724875, 122.73728327303112
128.8835425599794, 178.40304427719525
172.9714582569266, 46.8877417236897
105.36671290133351, 29.879381182552798
