224
27.419642739436583, 195.34065156532975
33.06797536273341, 136.79209908598762
58.666537682965, 13.61836290518987
18.6382378149569, 40.97446671784737
75.20372200789697, 132.14044044282318
12.927299596958647, 141.0065872011574
70.00055913658926, 97.78661412915491
47.4095477924958, 42.489443640610645
56.671983602566975, 50.88953594194638
86.26386798363741, 64.50534849182574
61.37294376970096, 160.68846312301807
33.3676559651738, 196.40801509211587
34.03009600632097, 139.97105499048715
97.81985073705938, 12.550280812987214
97.08777450569735, 25.996727302171493
27.40988134709255, 88.74969655663591
84.19510930283843, 63.1367421339315
50.84870126156866, 13.46039772680809
41.69534442157252, 191.26242269732472
48.03013490991843, 59.16304595624524
35.25811248195071, 72.71652559547479
42.02979487269456, 195.66439812570502
68.70474638535504, 39.35942541646518
18.563051545912344, 59.48003782185744
13.557120067134221, 52.433593246366435
64.5091835007561, 130.4393522514871
7.982706450019371, 148.00447413327743
42.70048136913699, 127.99906824835595
83.81339025834077, 118.91929318674826
25.01525802870154, 24.49454454785132
36.17294353202364, 175.30634957930516
27.628806569410997, 146.30920172606528
48.8600212102628, 51.14574489202324
73.66506293866773, 82.43300534352097
96.93955614631004, 81.03102537536346
61.07712170645465, 83.49790550742644
92.12622237198407, 147.7975722035835
41.32948937067492, 80.46963583417718
46.87810209641986, 125.79043555073375
45.20213971219478, 99.09499270784482
96.03861390693052, 101.6356524459338
23.88202553814512, 168.7406041525173
48.553366002847895, 123.44092622195248
55.27945615875126, 81.93670074974014
28.188579552358842, 60.31246745853015
50.44297008398002, 70.4377435980067
45.27237686527311, 193.5689623153538
39.3677971736939, 116.85403377338957
92.67215397864643, 83.06417780371449
57.57170077395983, 137.57018804119596
52.24650512137886, 124.21538840127083
79.69422667164847, 105.12049501784698
49.578083640641424, 91.41608628485032
64.96675801862887, 53.872463018588036
8.774898670372512, 120.7368484374308
86.05999716007372, 127.92266803189602
35.1414107041192, 23.709845118799663
88.17354515778865, 132.63835716798351
55.549206463024206, 72.5560905334597
67.74310659395287, 57.22615144371383
78.49391035845153, 44.91718539747049
23.887513931661687, 146.06975664574304
19.926214960277477, 186.85271861090717
4.3854072955478856, 97.64643470987275
36.37867633884755, 95.99248037117978
26.254737116305115, 104.87509355086499
5.850135056506915, 79.20454438216133
80.53580085880219, 159.62603474304711
68.82662383444506, 110.80701867637197
24.442993827017567, 53.32952201782287
71.33083621693811, 81.03425871683213
78.1943513832182, 0.7116266051867157
48.02798740231895, 37.6936037554773
13.250085420819136, 93.36893628037312
65.71152062752411, 47.071030096444375
61.185878283999486, 15.076888496613577
96.40718296940254, 99.96630964357684
73.06460231407802, 97.03954690442542
85.29161190982303, 81.28079084480034
76.75980694316095, 141.85671376224252
77.71242080949385, 125.16113630354901
69.51104041414112, 142.72594136905136
83.9987728923826, 132.38581840569464
63.18740003446496, 12.283033502614437
56.28599736029084, 153.97954360396815
13.997543134572732, 170.7014394652025
5.145178599907796, 195.47526465910977
62.733136213214166, 70.69977138182959
14.87919900915189, 76.1488666401961
53.76905805834937, 176.73024333294148
85.54072826992166, 139.00265824096118
28.275046557750947, 32.464437738623886
19.97527455637057, 150.92423644324663
34.65110609137505, 129.52435404696715
60.21232567688997, 109.7751077828029
14.071764356064909, 11.67095855410951
4.881629647752083, 101.05407734013119
7.6648462305318965, 141.9692554076329
10.052228543810592, 68.763455375258
18.721250104009467, 39.1875523451388
45.85148890472254, 121.31621387930629
62.54524395712148, 109.33628806107795
80.37372607974412, 56.76026978667144
96.58518828108475, 156.43767027936968
14.303217672187674, 167.32325923128963
90.55638680470767, 13.871913393677326
8.658573670290615, 84.88806903665022
77.76776722513038, 157.54399170498888
91.45059903965242, 124.05405217713323
27.02277835913375, 73.97935942405643
79.72954967581902, 4.941874289086767
32.102069858512664, 91.83454950107325
93.9357749248441, 133.36147217477804
33.16756135697367, 156.10533470230254
0.21696289490426013, 42.74195981203395
10.558925216884852, 107.95498474659139
1.2525162257389755, 20.01236319633164
53.806652185951265, 128.61849081234743
34.6477772072778, 102.42492739075058
68.31306223740545, 179.5963571660417
51.802287887579126, 65.8279876354445
75.13805567062292, 141.10602984814145
8.470711460758784, 199.61521727489279
42.152163694632094, 135.69200230023168
88.6554199282224, 129.35127988150035
17.174217755090094, 151.5909180970987
88.61419211430571, 101.97254016929753
5.125338031738491, 192.9025903030618
34.51174885838403, 190.83277245290213
30.769676833516936, 51.5641306374353
31.744013431954123, 165.84156514538495
74.28710872524316, 57.297380801130295
85.47752957402686, 194.21706675510907
74.33706465302608, 197.60441083500294
43.580444748356896, 4.5321215290470285
39.029630786294, 72.61972577528144
29.065465462162976, 4.337490875675698
85.33012444763833, 168.6814333668205
48.57681718429831, 61.21886419989377
81.33176392669755, 146.68642775356048
91.75866268903171, 21.476046395838488
0.5299007171403747, 29.355619327277015
97.10574993413813, 166.93297853993937
91.84292433640381, 185.55371579295127
110.08226296481445, 150.6042492596038
113.86270612998007, 109.89485573780225
119.94310234286773, 50.988211668548345
173.28425339331685, 56.849610529882774
124.79627799210303, 132.14044044282318
167.8388121634131, 110.26510641004559
156.38557977055737, 63.52793709271742
178.54140465396452, 68.10035533165765
194.9531663617703, 125.7245798765557
113.73613201636259, 64.50534849182574
138.62705623029905, 160.68846312301807
118.03179639449081, 169.22998556992718
123.61917370219398, 101.81149978506423
102.18014926294062, 12.550280812987214
117.5800209127006, 95.34427816740158
113.52537175749136, 26.16296200767596
115.80489069716157, 63.1367421339315
147.40786642125622, 74.27229443256338
161.70251772021248, 175.2890754076176
118.63937780834962, 60.75836492217677
131.25468137755564, 33.83676079181983
179.65679052281965, 138.66975855397126
161.55040246766515, 22.78928863052503
174.74648372097127, 39.73708835152989
149.76339261106702, 94.12090689501494
135.49081649924392, 130.4393522514871
183.82187095492966, 150.50694089958566
150.6968587101769, 106.52247299548088
154.05716914599805, 123.8968299956461
128.09869430167203, 14.571376410694569
194.1688141835891, 96.59222676001174
108.09561377163074, 80.80326288417122
180.97412430475367, 56.955728554122054
109.73634148608173, 137.07606540644045
113.95679895321953, 140.16699645561994
138.92287829354535, 83.49790550742644
107.87377762801593, 147.7975722035835
158.04457489303758, 160.11963223256572
135.17801018562471, 135.17518623003187
111.79416455540974, 145.75862551731242
161.8554331931007, 130.58698049637923
169.41075492166996, 159.5543315122792
114.87581084954054, 117.44032344376174
127.43284165560794, 36.53797805815062
168.18316857725586, 125.43737407984301
136.0888393844552, 43.35877250033735
153.02514232969668, 183.93659337155574
139.94285930781237, 56.5243524649244
114.59223001111344, 136.08620054738688
168.99929537004155, 103.8065177618134
110.02653610077869, 163.34055083763445
167.6579644445767, 57.02405214741175
116.67594598749447, 142.53630567581013
161.89039868261244, 102.83806717903512
191.22510132962748, 120.7368484374308
164.92552147651563, 68.85034197771802
145.66808462591834, 33.42137781727017
139.36988975622094, 59.62768084494221
121.98577058122821, 23.724306248621296
141.71377581410462, 14.301414506586863
111.44332892035244, 60.52535895612519
176.1124860683383, 146.06975664574304
122.53506100781134, 187.95278523011675
143.6086106429897, 133.8886256957378
163.62132366115245, 95.99248037117978
128.12122177438613, 38.85057420389395
167.27516702053117, 113.23803250141388
119.46419914119781, 159.62603474304711
182.0391724458562, 71.82592948807414
164.00926366441053, 85.6347028875017
108.43488978494968, 85.33653669687197
100.1828743405045, 16.102219253083838
151.97201259768104, 37.6936037554773
169.97762045284784, 135.46482800948948
165.3488743901518, 34.880625032702525
132.95126509726492, 46.211916880478185
103.12724283018927, 32.508431820656966
126.93539768592198, 97.03954690442542
114.70838809017697, 81.28079084480034
123.24019305683905, 141.85671376224252
