192
31.31840658743812, 98.86240139741113
2.5635399671368186, 120.63299816110448
88.8288618550304, 115.23877420091347
56.96330866225965, 171.00011741694385
85.10101145501918, 132.1313578561148
54.378714880511815, 183.85295557601785
54.110740894227405, 167.66645134879514
75.30131065236922, 161.05242207343434
57.6046756325437, 56.694802070811434
36.22394752655214, 64.1253374567405
33.17536116772474, 171.36821309268873
18.488279073656667, 68.53734977184027
62.80164182427135, 138.52483888647015
78.35496689124423, 36.44811565257922
44.98957579599523, 169.9560920407754
79.88904577227241, 41.82616573206421
68.88987644645003, 111.77543732783535
8.833701345629507, 104.61095059834639
31.819021398064073, 160.8475080449858
85.20300479229299, 157.60600531593005
45.7702934473634, 81.16647231438972
98.72977012565083, 169.99863588323853
46.128429041590756, 78.13043284057942
38.76917779700872, 115.88334661308359
80.44443020350609, 117.84484354048976
34.25150940220034, 92.5431372802971
84.74957178468347, 61.32637896166582
52.237035462083256, 50.83647100226083
95.58111783780846, 113.94096120445549
50.663999035046395, 160.09999700829104
10.227813956195408, 125.92385592156077
35.00488009819714, 83.24840272416503
40.95661395225378, 66.0029872730075
24.57409694289321, 124.4257451248022
34.59925118763875, 101.23115634547597
98.15659566829578, 81.11494251198717
79.14276506412256, 194.8115018656654
98.60831805898972, 121.89468040849343
78.68313371962572, 27.434265037234628
30.465767784092755, 36.509582907059965
31.408632468914476, 56.15210678481788
35.06625330293046, 120.4540246594079
28.0490259324218, 96.19733724139184
43.08385551476355, 90.24559313646914
76.52701541988279, 46.04639233292125
78.14241565717933, 175.28723284862406
38.92194139815531, 63.65896705773297
1.9157143082003447, 90.79246842526867
22.508640841633753, 119.83459338415142
67.27215355275885, 36.59235227540554
95.15606597035035, 102.87317951708353
61.670987039735806, 56.133718832268606
81.85782187617392, 22.807658963153443
22.701562840334056, 138.99964493799928
7.775043463918907, 100.27786579325647
84.0241138829155, 10.189705293774276
39.73863260578286, 36.32886883473907
82.59958948907314, 171.59463583505644
76.78818112611336, 180.97729392180815
72.04825210867268, 90.5944378296887
24.312226387116908, 152.53175094381965
96.32799265167907, 194.132011586874
28.685515908162373, 49.49535077195464
22.50446005083725, 127.47058052760978
83.71608144009551, 89.29109056080573
31.973831106503205, 96.59706384914051
83.60558878403525, 114.07536262138575
63.17728114955401, 135.22767957883372
43.35116003453619, 57.252450680561
6.65853622210284, 114.21573418324502
60.64898301569141, 160.813401389799
54.90267454873131, 155.96332482238498
14.961047432364005, 144.861113324757
85.6127812577164, 14.646786452664085
52.417590988123386, 159.55623679494465
75.63863621200903, 144.85603418330598
39.54048102956309, 170.19259136870264
6.972618187180856, 118.58931263816726
69.60390654169812, 136.83335434988837
73.40107019825393, 165.77378093027804
90.50781455749788, 153.71080728328363
26.183579290471005, 62.72544465809222
75.00134307264538, 32.59711293220724
54.21552437269249, 171.7338489342667
30.834170495639867, 27.63019174112813
46.468447813606474, 53.98467685930717
94.52979293407051, 106.90626549570183
5.92869711379932, 12.117201243385
7.79187066387419, 67.70798645884983
93.77407788633101, 13.720671716919664
65.83451424153125, 0.19561940879493367
42.75675549939937, 78.6311185631239
76.8870967650785, 87.06830213507257
76.49104774447633, 79.45833854256603
83.12710969099454, 37.09554412710061
21.612796644765574, 115.19587851408666
21.92116708984051, 17.741361147887048
34.0391247999009, 166.0719820847877
59.71462069484672, 152.45833185867966
71.93952235180791, 8.422767041391266
93.15473701307944, 197.02380445509863
81.0510877155431, 47.4370134838044
75.98162435557786, 187.6023940295686
62.17771035072522, 4.259490142392441
96.88039084701984, 187.6510275047799
55.02995784359732, 2.398012951714712
26.457835548358243, 80.98077863051292
83.76664741998086, 50.737486442169114
11.480457907290742, 35.653080219572566
39.78363056201128, 25.571327195012493
73.49442028290608, 94.12617627338513
76.79023432678702, 122.59139268803088
168.68159341256188, 98.86240139741113
197.43646003286318, 120.63299816110448
111.1711381449696, 115.23877420091347
143.03669133774036, 171.00011741694385
114.89898854498082, 132.1313578561148
145.6212851194882, 183.85295557601785
145.8892591057726, 167.66645134879514
124.69868934763078, 161.05242207343434
142.39532436745628, 56.694802070811434
163.77605247344786, 64.1253374567405
166.82463883227527, 171.36821309268873
181.51172092634334, 68.53734977184027
137.19835817572866, 138.52483888647015
121.64503310875577, 36.44811565257922
155.01042420400478, 169.9560920407754
120.11095422772759, 41.82616573206421
131.11012355354995, 111.77543732783535
191.1662986543705, 104.61095059834639
168.18097860193592, 160.8475080449858
114.79699520770701, 157.60600531593005
154.2297065526366, 81.16647231438972
101.27022987434917, 169.99863588323853
153.87157095840925, 78.13043284057942
161.23082220299128, 115.88334661308359
119.55556979649391, 117.84484354048976
165.74849059779967, 92.5431372802971
115.25042821531653, 61.32637896166582
147.76296453791673, 50.83647100226083
104.41888216219154, 113.94096120445549
149.3360009649536, 160.09999700829104
189.7721860438046, 125.92385592156077
164.99511990180287, 83.24840272416503
159.04338604774622, 66.0029872730075
175.42590305710678, 124.4257451248022
165.40074881236126, 101.23115634547597
101.84340433170422, 81.11494251198717
120.85723493587744, 194.8115018656654
101.39168194101028, 121.89468040849343
121.31686628037428, 27.434265037234628
169.53423221590725, 36.509582907059965
168.59136753108552, 56.15210678481788
164.93374669706952, 120.4540246594079
171.95097406757822, 96.19733724139184
156.91614448523646, 90.24559313646914
123.47298458011721, 46.04639233292125
121.85758434282067, 175.28723284862406
161.0780586018447, 63.65896705773297
198.08428569179966, 90.79246842526867
177.49135915836624, 119.83459338415142
132.72784644724115, 36.59235227540554
104.84393402964965, 102.87317951708353
138.3290129602642, 56.133718832268606
118.14217812382608, 22.807658963153443
177.29843715966595, 138.99964493799928
192.2249565360811, 100.27786579325647
115.9758861170845, 10.189705293774276
160.26136739421713, 36.32886883473907
117.40041051092686, 171.59463583505644
123.21181887388664, 180.97729392180815
127.95174789132732, 90.5944378296887
175.6877736128831, 152.53175094381965
103.67200734832093, 194.132011586874
171.31448409183764, 49.49535077195464
177.49553994916275, 127.47058052760978
116.28391855990449, 89.29109056080573
168.0261688934968, 96.59706384914051
116.39441121596475, 114.07536262138575
136.822718850446, 135.22767957883372
156.64883996546382, 57.252450680561
193.34146377789716, 114.21573418324502
139.3510169843086, 160.813401389799
145.0973254512687, 155.96332482238498
185.038952567636, 144.861113324757
114.3872187422836, 14.646786452664085
147.58240901187662, 159.55623679494465
124.36136378799097, 144.85603418330598
160.4595189704369, 170.19259136870264
193.02738181281916, 118.58931263816726
130.3960934583019, 136.83335434988837
126.59892980174607, 165.77378093027804
