160
48.48562113810907, 118.30604127045228
84.29649803780406, 57.140853478610374
17.28167605873242, 111.3980486283159
50.424984370912206, 100.55984507434117
67.82697388787892, 50.275972848805964
43.60856424576715, 68.32593583348316
55.876291008763786, 176.2409131040173
55.39547441851005, 145.45753537814426
63.69791495524488, 35.440816055865135
68.77898973078548, 163.57770157800957
62.33877647496985, 42.46758107726827
71.49633792746599, 137.6705129021413
75.31396614474791, 130.90050989941403
33.90366105761592, 146.83464298371342
25.462965647023083, 103.36749083088901
87.43593147939193, 88.8072096398866
49.687265370683754, 26.796527922439427
48.5551228051907, 105.6397477033874
54.03143620503871, 113.90603103502144
47.45247827131238, 32.281636390082014
13.112391581980232, 62.43208743142525
91.62576872846954, 184.1922577684182
93.52907555050497, 30.475419691117935
87.03698215481288, 11.942927995282071
50.859344017682304, 115.9487074650037
45.44002766631522, 176.62629184463012
66.84531358527917, 128.46939617100998
19.884162063095268, 81.25770237452305
81.92342058479929, 50.918829633145045
77.45334359387404, 127.93013437065079
79.38205581807821, 139.3472832140524
6.829778248359242, 101.366753841004
81.85673065141701, 31.42504680176621
71.80151829805804, 21.929014964581462
88.83938623140817, 73.3621091168888
2.7275957429119035, 84.82788566179423
99.37647668002765, 189.88432984848424
91.5811611016559, 31.276644878530124
49.4135125483733, 22.571369313300305
30.18657835360066, 169.7900782533487
26.117802056899386, 164.43467624411684
10.254283700782441, 128.36225066849286
73.15828417679973, 183.583680144843
98.35299391605666, 56.91863360831366
52.642343613392775, 23.243574433200397
37.57431647063427, 31.828232459529016
50.78938020139546, 55.31249909864573
97.84679654704415, 186.60453779631075
33.558010703052524, 138.29370553869566
7.337514859570026, 125.51659940240808
64.05398826318218, 33.73997336677756
30.77881640474589, 76.49142176800734
98.00254555388597, 98.53172789865918
27.695887364721138, 47.71426190227335
48.1263254550158, 79.28377305899275
61.06907074777547, 14.238704278743652
15.88930851776189, 113.28999365508028
38.528389628533766, 163.33960600826688
98.33907141826548, 10.90943602408052
35.248463988919035, 97.72365197588313
27.93932728416012, 43.99002333132862
86.85261847385162, 119.71354275192778
97.1374519537971, 89.33434010013117
84.67678216945575, 194.58090609351368
68.53616981894517, 45.42967844285386
70.5169837239966, 52.02694102953844
42.68091826825835, 181.82097038451016
77.92185570053302, 179.4511500342498
98.00449106891185, 154.29345692612392
48.621136797170635, 132.17683858593608
58.37102041054029, 113.18363562718478
41.75396037529403, 113.28941386085924
88.86099788700439, 190.3320549967175
91.98440142467412, 130.7568452692647
16.96233057308976, 44.595039862364196
68.46266285220341, 86.97796296873467
76.34008575379035, 105.69012022381175
35.523178380945986, 40.4347940052858
44.93454181428884, 149.26540609003624
20.46456326808518, 127.38456020198501
151.51437886189092, 118.30604127045228
115.70350196219594, 57.140853478610374
182.71832394126758, 111.3980486283159
149.5750156290878, 100.55984507434117
132.17302611212108, 50.275972848805964
156.39143575423284, 68.32593583348316
144.1237089912362, 176.2409131040173
144.60452558148995, 145.45753537814426
136.30208504475513, 35.440816055865135
131.2210102692145, 163.57770157800957
137.66122352503015, 42.46758107726827
128.503662072534, 137.6705129021413
124.68603385525209, 130.90050989941403
166.09633894238408, 146.83464298371342
174.53703435297692, 103.36749083088901
112.56406852060807, 88.8072096398866
150.31273462931625, 26.796527922439427
151.4448771948093, 105.6397477033874
145.96856379496128, 113.90603103502144
152.54752172868763, 32.281636390082014
186.88760841801977, 62.43208743142525
108.37423127153046, 184.1922577684182
106.47092444949503, 30.475419691117935
112.96301784518712, 11.942927995282071
149.1406559823177, 115.9487074650037
154.55997233368478, 176.62629184463012
133.15468641472083, 128.46939617100998
180.11583793690474, 81.25770237452305
118.07657941520071, 50.918829633145045
122.54665640612596, 127.93013437065079
120.61794418192179, 139.3472832140524
193.17022175164075, 101.366753841004
118.14326934858299, 31.42504680176621
128.19848170194194, 21.929014964581462
111.16061376859183, 73.3621091168888
197.27240425708808, 84.82788566179423
100.62352331997235, 189.88432984848424
108.4188388983441, 31.276644878530124
150.5864874516267, 22.571369313300305
169.81342164639935, 169.7900782533487
173.8821979431006, 164.43467624411684
189.74571629921755, 128.36225066849286
126.84171582320027, 183.583680144843
101.64700608394334, 56.91863360831366
147.35765638660723, 23.243574433200397
162.42568352936573, 31.828232459529016
149.21061979860454, 55.31249909864573
102.15320345295585, 186.60453779631075
166.44198929694747, 138.29370553869566
192.66248514042996, 125.51659940240808
135.9460117368178, 33.73997336677756
169.2211835952541, 76.49142176800734
101.99745444611403, 98.53172789865918
172.30411263527887, 47.71426190227335
151.8736745449842, 79.28377305899275
138.93092925222453, 14.238704278743652
184.1106914822381, 113.28999365508028
161.47161037146623, 163.33960600826688
101.66092858173452, 10.90943602408052
164.75153601108096, 97.72365197588313
172.06067271583987, 43.99002333132862
113.14738152614838, 119.71354275192778
102.8625480462029, 89.33434010013117
115.32321783054425, 194.58090609351368
131.46383018105485, 45.42967844285386
129.4830162760034, 52.02694102953844
157.31908173174165, 181.82097038451016
122.07814429946698, 179.4511500342498
101.99550893108815, 154.29345692612392
151.37886320282936, 132.17683858593608
141.6289795894597, 113.18363562718478
158.246039624706, 113.28941386085924
111.13900211299561, 190.3320549967175
108.01559857532588, 130.7568452692647
183.03766942691024, 44.595039862364196
131.5373371477966, 86.97796296873467
123.65991424620965, 105.69012022381175
164.47682161905402, 40.4347940052858
155.06545818571115, 149.26540609003624
179.5354367319148, 127.38456020198501
