176
21.97277287428898, 93.9769556899994
92.70189306293395, 110.53827783573051
72.66533577031576, 21.649207975339802
81.0664472108629, 30.705804435686474
98.90999816819925, 133.32413035697255
26.612486318235174, 53.30813747080241
91.60813043168709, 99.99428066130844
38.72073623660612, 124.70306293567049
84.25243651737291, 123.56068858717263
63.727540868088894, 31.90941904706557
52.0990933897182, 31.93804686864299
19.407087307931658, 68.11830687678395
75.24194176904277, 24.00984799704169
37.63756563225539, 34.99667619885065
17.001649354519742, 65.43750898661611
38.035087289961275, 70.62406311965583
81.16671301913532, 4.879059718383982
69.43138755654876, 105.251825483447
41.87137930318773, 38.093971047147846
68.94616538585876, 61.83025507536719
85.2856631941873, 154.49117661872617
63.2850187798544, 51.07019789670353
31.798010663866883, 100.38349056276634
66.16159506902815, 98.41637742590595
96.73096638996331, 187.42911723233183
88.14128954766895, 184.23787969930598
27.28192628030979, 38.83785090428977
96.74303369112572, 112.49081969951496
85.83014108116909, 32.235273782328775
27.387264552468736, 96.18950933452071
96.02826727219276, 129.29869725999515
9.063404292832722, 138.56069088260153
70.24041838980298, 157.72835083730016
53.69290683405243, 113.09800344514906
79.20755100712113, 114.62532476520353
68.799361444369, 80.87270357697886
73.44434434843893, 123.32144315898105
37.24284685628753, 95.15069932962703
77.27226463801473, 36.384639496552666
99.85340371674117, 3.292611942440282
55.35212576717857, 186.81035607816187
68.84971971494784, 48.10409836289076
34.900051061164994, 77.10270313828354
16.58007044328243, 53.77386451443723
61.386792518609745, 111.00816748727635
75.46098098582607, 48.45901495634562
51.486792360534274, 161.0727073626125
43.18299874413549, 46.521229015157296
32.784257662450045, 30.82034996041316
56.16108860596566, 45.14014288757944
57.06262572102396, 173.81003008789614
93.9849068811709, 191.56371435522675
52.11539841862201, 51.18232902874733
64.07872840502463, 178.77561288090897
82.28418894412165, 7.099826511781648
45.187028573601154, 62.44479882370075
36.89713123379567, 127.07680157936817
33.36284175230709, 104.09505426426783
78.86048664420598, 26.576958028519805
38.638841984514706, 168.14338426370898
6.1217025009704855, 66.5981735658961
30.249350296804845, 63.35833304400935
44.62192782144682, 157.8576041544048
56.7672870751326, 111.96795444349519
56.81721944767612, 149.62963331619662
11.567708713327685, 114.72552098851183
73.30364293706691, 6.548394848017836
34.19073446695256, 98.03221388690093
40.8514883031736, 155.36913701996585
30.299123399547025, 34.0747228902776
31.609488277376773, 110.24124195311286
72.9588895673196, 102.30316922414058
54.31659952196329, 108.41399908990175
73.43490617727589, 132.80176232560427
20.813533900143497, 178.37313543610122
63.84718391192287, 131.33671740049996
70.95578342951, 187.2756242631333
66.01189269565997, 190.37253863754023
10.29848773785784, 176.8764913602642
32.24020997398055, 158.83048970492567
7.711125805740327, 134.9050826870449
88.84755768369665, 128.79820988392328
49.08656585094228, 97.14009342258782
97.39911689281682, 70.41420473194026
76.1154183661177, 10.666581180142053
23.37119535598715, 35.331791699510795
99.9460334268819, 30.719393397938788
39.29015323503698, 194.0141320034454
29.076241848810536, 73.76566352350969
67.2542563438925, 146.40865104917808
67.89978074584914, 173.4233840918656
75.837253585042, 156.70001221673652
65.24452005990358, 100.67026109407809
18.17025290988613, 180.90479796616552
77.52886912478202, 40.92972081849502
74.31363487264898, 142.8711250836295
178.02722712571102, 93.9769556899994
107.29810693706605, 110.53827783573051
127.33466422968424, 21.649207975339802
123.79106906880949, 79.56177879516429
101.09000183180075, 133.32413035697255
173.38751368176483, 53.30813747080241
108.39186956831291, 99.99428066130844
161.27926376339389, 124.70306293567049
115.74756348262709, 123.56068858717263
136.2724591319111, 31.90941904706557
147.9009066102818, 31.93804686864299
180.59291269206835, 68.11830687678395
124.75805823095723, 24.00984799704169
162.3624343677446, 34.99667619885065
182.99835064548026, 65.43750898661611
161.96491271003873, 70.62406311965583
118.83328698086468, 4.879059718383982
130.56861244345123, 105.251825483447
158.12862069681228, 38.093971047147846
131.05383461414124, 61.83025507536719
155.7294768220139, 113.54369979284951
104.26347370826234, 93.24476126922406
168.20198933613312, 100.38349056276634
133.83840493097185, 98.41637742590595
103.26903361003669, 187.42911723233183
111.85871045233105, 184.23787969930598
151.96385541519984, 30.079168141266656
103.25696630887428, 112.49081969951496
114.16985891883091, 32.235273782328775
172.61273544753126, 96.18950933452071
103.97173272780724, 129.29869725999515
190.93659570716727, 138.56069088260153
129.75958161019702, 157.72835083730016
197.05736653162938, 85.40525256926004
120.79244899287887, 114.62532476520353
131.200638555631, 80.87270357697886
126.55565565156107, 123.32144315898105
162.75715314371246, 95.15069932962703
122.72773536198527, 36.384639496552666
100.14659628325883, 3.292611942440282
144.64787423282144, 186.81035607816187
131.15028028505216, 48.10409836289076
168.86998732033123, 108.35400789979317
175.41424146167608, 46.34160590467682
138.61320748139025, 111.00816748727635
126.56766282594458, 8.817131442485993
122.74690835912489, 195.75679408779044
156.8170012558645, 46.521229015157296
167.21574233754995, 30.82034996041316
143.83891139403434, 45.14014288757944
142.93737427897605, 173.81003008789614
106.0150931188291, 191.56371435522675
147.88460158137798, 51.18232902874733
114.13994882738494, 154.76409173559293
117.71581105587835, 7.099826511781648
154.81297142639886, 62.44479882370075
163.10286876620432, 127.07680157936817
129.17065647792685, 136.21561624185694
121.13951335579402, 26.576958028519805
161.3611580154853, 168.14338426370898
131.54792184284747, 36.005867863224
169.75064970319517, 63.35833304400935
155.37807217855317, 157.8576041544048
143.2327129248674, 111.96795444349519
143.1827805523239, 149.62963331619662
188.43229128667232, 114.72552098851183
126.69635706293309, 6.548394848017836
165.80926553304744, 98.03221388690093
168.04958852103212, 147.36236963414098
169.70087660045297, 34.0747228902776
168.39051172262322, 110.24124195311286
127.0411104326804, 102.30316922414058
145.6834004780367, 108.41399908990175
126.56509382272411, 132.80176232560427
149.493612256774, 155.4055839217885
123.9990775839646, 113.81660468675065
129.04421657049, 187.2756242631333
133.98810730434002, 190.37253863754023
137.26003034020172, 138.2439716273111
167.75979002601946, 158.83048970492567
