160
81.56180735287705, 192.0332928465512
33.990596123884856, 73.00169478197375
49.01163888711897, 151.3075990199637
79.94695096922301, 196.48534293333748
91.16164986002387, 0.9509677634754956
39.280836659857556, 36.75932848498413
26.020849373123276, 143.94174040307263
51.56025352697524, 91.54419494035442
81.61616879663724, 194.50841873784708
26.694687288269968, 96.96774996476809
38.99276302242145, 10.796603407682241
47.50361910159032, 79.66898013865281
3.787460809619325, 117.79821047892938
98.22100546009959, 72.12751029116103
59.55049839054924, 12.471476354816371
88.06063697845958, 27.448335079314212
68.47754364140783, 20.30869473137573
61.00351806535027, 148.40791655514118
44.72580077624777, 176.39397691363158
43.589140536190015, 52.32320083966646
24.924160964280727, 93.42424044491572
20.207555872081066, 75.40890781746486
60.742298730270164, 63.97942617797243
35.52764531736903, 93.24957404751899
80.46521995879078, 163.9812852684654
96.20172847085072, 153.97763034650907
24.033154486639173, 144.26759842798413
42.6124527129531, 83.27720918789436
10.0692240259456, 113.76741281114273
68.5786909836302, 49.15458519372153
63.551228648726756, 84.19132495542621
19.189941532184008, 45.58513317362057
51.34002346186445, 60.65545162112858
99.12958519348722, 133.08697941877193
95.39006134411063, 4.288430294811696
23.438071367975677, 153.36260348684564
57.34850751548096, 127.92595677803604
21.292605600756083, 160.71328375954582
76.61486651730495, 180.68028070986483
95.89738159143295, 97.90580535861389
79.42100726748485, 112.44839440016318
45.649376374778626, 25.88973830881023
73.22165805346344, 127.02597936993595
74.80262211906272, 66.29969166711025
98.54518737096457, 199.6016219251015
22.44028239213327, 75.10711441484979
87.01064357404664, 83.27959274453328
42.34329278887664, 104.39216981261106
67.58193828211564, 92.64951322397769
64.07206684600048, 10.710802464307267
61.738610887582304, 58.24195492792739
35.98199466566642, 38.60785613274451
40.52403013551707, 155.23466026092655
54.935227452982204, 158.85878056563558
4.327399875164684, 90.96034438138211
8.653295626141578, 71.06192349071405
24.24292119702812, 117.7805669992137
23.228048662304968, 96.08590714284901
76.68977212109206, 32.82652335106688
36.911902412954724, 46.06068795978422
9.209200788458332, 44.919723129014706
52.67045913742996, 137.61434916847452
7.3299994478757355, 156.0469903306785
41.757292820216726, 61.11931698116919
67.54408229662603, 61.957022706749726
96.54559264449237, 45.00495769275014
50.022191214888245, 164.2546980259334
84.47119852584508, 25.10141775581218
23.81731726269554, 176.60117843461015
64.24895219356135, 107.04504117746407
30.724886296652, 167.0094459344988
47.43916040519444, 101.35181015292272
1.3890967500467113, 131.2284101396129
32.66960089048601, 117.9450690990566
91.5556981107476, 108.44144284270449
70.3556599656491, 104.05989404402753
37.98601002051481, 66.29207403214627
38.891825802096086, 102.88685247524812
29.309899518902803, 124.17532642741449
77.9697605026636, 98.22961182420333
110.09631765504841, 172.40091104845362
166.00940387611513, 73.00169478197375
150.98836111288102, 151.3075990199637
120.05304903077699, 196.48534293333748
107.34024164141347, 5.388863122428567
160.71916334014244, 36.75932848498413
135.2487017503584, 81.54091521024573
195.52251707747843, 129.5036576604075
118.38383120336276, 194.50841873784708
173.30531271173004, 96.96774996476809
101.99207112803295, 53.92177414164574
184.10189621398965, 51.00377371021623
196.21253919038068, 117.79821047892938
101.77899453990041, 72.12751029116103
156.15563095157563, 24.89340502676347
111.93936302154042, 27.448335079314212
124.6006577884488, 43.115886355290066
138.99648193464972, 148.40791655514118
155.27419922375222, 176.39397691363158
156.41085946380997, 52.32320083966646
175.07583903571927, 93.42424044491572
182.28333424726358, 57.93849093372256
139.25770126972984, 63.97942617797243
164.47235468263096, 93.24957404751899
158.19209612793153, 161.37222683304134
103.79827152914928, 153.97763034650907
175.96684551336082, 144.26759842798413
157.3875472870469, 83.27720918789436
189.9307759740544, 113.76741281114273
140.58882735370858, 112.19734090902926
136.44877135127325, 84.19132495542621
100.86801718349695, 9.800823212932563
148.65997653813554, 60.65545162112858
100.87041480651278, 133.08697941877193
104.60993865588937, 4.288430294811696
176.56192863202432, 153.36260348684564
149.7435192090137, 156.08237376511528
169.42903820284684, 170.6764468325554
123.38513348269505, 180.68028070986483
104.10261840856705, 97.90580535861389
111.54582124334405, 147.42794773094593
154.35062362522137, 25.88973830881023
126.77834194653656, 127.02597936993595
125.19737788093728, 66.29969166711025
124.82575515915258, 134.19484785723876
177.55971760786673, 75.10711441484979
104.66497762228683, 50.08116933322218
113.81542441153485, 132.23002187687442
132.41806171788437, 92.64951322397769
135.9279331539995, 10.710802464307267
138.2613891124177, 58.24195492792739
164.01800533433357, 38.60785613274451
185.75150266245603, 117.01818654854846
140.43506058813222, 180.6545241737358
195.67260012483533, 90.96034438138211
191.34670437385842, 71.06192349071405
175.75707880297188, 117.7805669992137
176.77195133769504, 96.08590714284901
123.31022787890794, 32.82652335106688
163.08809758704527, 46.06068795978422
136.73122344333757, 89.06376862821219
132.6833391979689, 161.37824621784625
121.03447483787211, 126.97833055880407
158.24270717978328, 61.11931698116919
122.5682853081356, 43.10859935665461
100.99835730428697, 81.35583437690282
149.97780878511176, 164.2546980259334
100.1314776749997, 33.964200425353795
139.70444552623667, 188.11704238716004
135.75104780643863, 107.04504117746407
169.275113703348, 167.0094459344988
146.9278372100701, 144.51882440238174
145.793663771319, 184.73691076594747
167.330399109514, 117.9450690990566
108.4443018892524, 108.44144284270449
155.52131987947152, 155.69374521565712
116.18513133667744, 7.207268466554262
153.48086983464665, 59.59264298840286
170.6901004810972, 124.17532642741449
122.0302394973364, 98.22961182420333
