160
83.0652819649047, 122.70259672515667
88.91410391751774, 109.55945982778168
51.85039538975103, 113.3507787672944
20.469491870081534, 162.36791200549695
26.734848060654507, 50.05914671098492
16.38125805106648, 108.03651191910443
87.74507340697548, 132.59971380472984
22.69033590188735, 128.9295317859308
35.62091836957747, 34.66490712135084
86.82231012942228, 145.3705894461924
23.9570916047146, 163.32196152965457
16.952814383601122, 160.8181305941257
71.40161858474629, 34.372921804614464
53.78997885989404, 61.02394940083907
25.75963157204827, 58.650924177997865
59.69165226007173, 198.88971154973368
21.5438123012205, 195.43092410430725
14.314920657436868, 147.48062620925285
74.67321347175356, 58.75780097192758
60.84694549778895, 155.972910211739
60.207592740175166, 159.86959842216666
41.34191463943649, 116.33871123907866
50.266073945240976, 57.75026185546492
86.05458851629328, 106.13004007527381
0.72852446013367, 38.05272729365636
69.96993608949964, 128.04733613541543
92.5818546687248, 125.36464117560666
95.69816573840119, 96.37578750660929
67.29469041828575, 75.99549598300864
98.36494128220558, 168.93767656556292
44.76970383453084, 186.32399848752033
81.37787452977484, 54.610236743968514
12.935960969832315, 59.58393749427054
24.274819438096657, 72.8550191760939
23.006287132248115, 82.9639928739397
69.32939912641758, 89.80406754083319
8.344258166602629, 43.949305428245204
89.25124657102323, 189.59027641267167
93.56650998509045, 121.06226789040716
80.49237397936736, 132.90872361525376
97.10540392637786, 49.612107134306505
64.79247300830345, 113.03475476548138
87.21123082583108, 69.77358366170705
62.326147153230394, 109.45326918627357
12.730017636774512, 132.86040440621554
88.11715642285232, 50.65360024419077
51.10787651574821, 110.21867413790929
60.9096217491477, 54.668068785622
35.840977821675025, 92.5840128676739
52.60702532731885, 66.78069711953306
49.77003731418458, 67.42494897985021
51.53688324543042, 152.6311209728901
14.76998271867081, 117.68666858293342
72.42686166328586, 29.869965296406974
13.890287892862275, 73.41808022277331
40.80705343061458, 106.97264265563406
53.6125021744804, 114.56937266908227
37.835037602765254, 99.53919673436964
63.938341939050304, 90.88995660584037
39.482896029808046, 89.68615031321994
98.27236073486799, 96.67548691622004
40.54240756408109, 196.52422314132707
1.6762470162289773, 134.64270675606213
94.32606695386863, 172.89054281423472
24.107379209047263, 61.39197811272761
65.99254807735909, 116.92827420499124
24.265458896360975, 116.56576010590675
81.63044909945356, 189.6501387445206
39.77442599166581, 81.78330529452684
89.29010839492102, 162.3539692480563
77.65161334102405, 15.913192633758463
40.20701566924287, 161.6121591204058
41.34757293196414, 111.77035235972932
65.76681978012581, 194.9205938978841
5.698346323195821, 126.66056965927002
77.26470403422628, 108.52367303443692
65.84903922246824, 43.21017185122318
20.893634573626954, 198.29033975612884
68.83437504867555, 182.7537481039792
30.66694731713156, 114.49554654881096
116.9347180350953, 122.70259672515667
111.08589608248226, 109.55945982778168
148.14960461024896, 113.3507787672944
136.657142206088, 116.944606011779
156.96269110212634, 41.08800245164137
141.66244773140681, 33.86593424378886
174.55463695126238, 97.25488617411256
182.42777093601535, 102.06521838156739
164.37908163042255, 34.66490712135084
113.17768987057772, 145.3705894461924
176.0429083952854, 163.32196152965457
135.97943913870608, 115.01331018678601
115.60590075037, 32.25454438757423
163.29612171634358, 118.38344997633239
174.24036842795172, 58.650924177997865
175.36513426774553, 159.85749635964424
104.62234993539111, 153.81352219973022
185.68507934256314, 147.48062620925285
125.32678652824644, 58.75780097192758
139.15305450221103, 155.972910211739
196.5622413687727, 116.03461635903776
186.49518012582735, 52.823905132330175
137.30194009732452, 15.757917782288766
108.91631007423675, 99.6369144326113
124.0000313138273, 104.79535129395
172.16529426957456, 119.22052195307134
107.4181453312752, 125.36464117560666
102.05687256892297, 137.40417507765443
132.70530958171423, 75.99549598300864
163.8077310391364, 131.17169907287368
154.1122768829329, 161.16464234652267
174.89414110230715, 67.91981963930178
157.97103208096334, 99.27323094502263
126.27292631007165, 26.36821871200301
176.9937128677519, 82.9639928739397
130.67060087358243, 89.80406754083319
127.27393567622121, 19.244103275149094
110.74875342897677, 189.59027641267167
179.79409572609995, 110.14436378110747
146.50817530801106, 126.06627184882026
127.62270510139565, 7.730940633176364
136.4342858549328, 182.3688437884288
112.78876917416892, 69.77358366170705
189.46632490661602, 64.81322444160182
148.94255732260132, 75.78774792377034
111.88284357714768, 50.65360024419077
148.89212348425178, 110.21867413790929
149.80901799563816, 29.18853685434013
164.15902217832496, 92.5840128676739
115.0201895614105, 140.72030358742174
150.22996268581542, 67.42494897985021
148.46311675456957, 152.6311209728901
145.37428687874078, 106.4417447483467
127.57313833671414, 29.869965296406974
189.0491019430038, 86.83049743760492
159.1929465693854, 106.97264265563406
112.32951530750398, 56.959399341252805
162.16496239723475, 99.53919673436964
135.35195739384895, 149.77520428776455
160.51710397019195, 89.68615031321994
101.72763926513201, 96.67548691622004
192.65239618614407, 123.28751697074244
149.6102468675118, 163.24179875315554
125.92664913748143, 96.53280303252221
175.89262079095275, 61.39197811272761
134.0074519226409, 116.92827420499124
135.23251181405237, 60.90109587014749
118.36955090054644, 189.6501387445206
160.2255740083342, 81.78330529452684
120.96126564755113, 84.81724176280608
139.54081440773732, 13.046604932008954
159.79298433075712, 161.6121591204058
158.65242706803588, 111.77035235972932
184.02694269816374, 133.97622763438844
130.62676309078321, 97.73689472169916
154.84653298463274, 140.4668748891779
124.85739424449386, 19.270133458907868
118.81221618490584, 127.8985836341388
161.2825571021553, 166.9833452217543
121.86696090869383, 117.08982687822349
