96
92.54863136601635, 35.15554141798744
21.173636701490516, 89.65382726394013
60.19926659538564, 32.393149382355155
40.57554103032236, 130.39018806966828
23.832721779227906, 95.05513333481903
31.83918648927491, 165.03687541728365
98.79067813086333, 118.8523612526782
60.466047521482416, 121.75213397617158
45.556413221528835, 61.99613820711618
37.62886113596219, 163.79677374643558
93.30296401065387, 102.95402562676166
22.93426736433085, 135.41489924238675
77.56011198376046, 101.74746027704444
60.25355598347273, 8.965611413916674
91.19613384828027, 161.39192395367778
60.50296145118459, 92.38368283477512
125.07127288075498, 71.81897437683611
107.45136863398365, 35.15554141798744
104.14243568606564, 138.64923650594997
144.39840052864545, 183.90800376426938
178.82636329850948, 89.65382726394013
148.7012874232542, 159.10307949901443
134.02065092700104, 176.10761742751762
139.80073340461436, 32.393149382355155
148.77217973797008, 21.520065782862762
109.19780353305913, 58.29452735538325
159.42445896967763, 130.39018806966828
176.1672782207721, 95.05513333481903
146.61073262640264, 60.554471960618805
134.94509600730822, 150.9304642583394
154.9679525817551, 143.48396993279516
168.1608135107251, 165.03687541728365
162.6627742727443, 141.9869017712582
106.33850600670539, 135.95221198150588
164.08042145063257, 51.2094120714053
133.75831991460097, 160.32025418914756
101.20932186913667, 118.8523612526782
143.77265654858212, 144.88465424302132
139.5339524785176, 121.75213397617158
144.64057317683097, 115.28262416319363
116.90451044416511, 106.42982397492067
101.93793958393535, 157.09520758262158
139.0047204928925, 15.867095534615938
110.04499565747973, 184.3223535559471
107.23104802438498, 57.13071529041167
139.27950387903712, 116.0899620297819
141.29549637270068, 104.22315304509296
102.06277312284593, 194.63057653885167
161.44278474064717, 100.46195890693139
120.76465085880919, 174.92082613059458
149.96366087624824, 84.33942868698009
150.97272563601365, 168.22064558009166
154.44358677847117, 61.99613820711618
108.61001377715147, 5.092198681722637
162.37113886403782, 163.79677374643558
103.56626028855777, 63.841393438343005
165.0589547836756, 116.31336937995978
106.69703598934613, 102.95402562676166
179.2783664167124, 48.89906189494748
135.30537190610005, 48.05668842782045
137.90073303100434, 12.656499974495429
110.30452930308553, 114.93867388580506
185.2533794760406, 121.32092198763111
186.29583070019982, 127.90146275168696
177.06573263566915, 135.41489924238675
122.43988801623954, 101.74746027704444
107.13710198794459, 39.65114272492842
141.52096973601806, 122.29454159765403
127.49621428490661, 25.487784150155022
146.32134285701636, 180.4573304426607
193.28157474212108, 66.45649630670162
118.93826324502457, 97.38106956396868
123.32147289349979, 24.70225702409583
149.55959873630675, 49.72001329744287
107.79677056737394, 116.91383097244517
139.74644401652728, 8.965611413916674
106.03305078918453, 175.6588134272835
161.12411746514107, 65.74880380637052
140.89336582946603, 59.13816465654056
149.25857046352684, 69.11657901869155
108.80386615171973, 161.39192395367778
198.85916491795993, 86.28718474669964
196.1796281893031, 116.28718755987433
139.4970385488154, 92.38368283477512
157.91304112796115, 159.25958171279802
107.13700961300125, 31.30176981891133
164.11390184577425, 87.22497880897298
134.7842082375806, 27.50798877433698
103.94073870215917, 187.15973123816428
154.99686186622256, 119.0846992668399
165.48322752138975, 69.6964829286771
104.10123934445198, 86.42121874878363
117.01820138245083, 85.20946564054755
116.55527752410256, 50.087487317189996
108.33884261170311, 69.31663098643186
157.50994780823135, 134.28761673053552
