128
5.123030802664596, 113.49088638499569
92.28230254597032, 163.42963308095977
43.78832588129039, 123.09449245251653
46.73040920904806, 141.67769991301512
90.84595194351915, 141.6573321745088
7.0740510624917485, 71.68877298870913
47.69232788952965, 37.4870053845352
9.40069685560072, 95.27815184978175
96.53772221984812, 190.44510481795788
18.051149151219004, 126.73860383103508
62.84362310017054, 117.96994513517112
83.8948848945148, 157.35485184658137
23.94400384594627, 143.26998252794962
22.726694152496428, 98.07804627606542
35.068331251388486, 54.09418485274451
59.82074910486287, 81.9100056058311
48.357638452541764, 120.30128861779828
76.28528341095827, 160.39754462121667
38.57009586549117, 76.55468310221161
37.1091462071253, 174.17852080635072
13.918843000077619, 136.64269479471093
8.83046258766681, 130.9733649433557
32.09749400911429, 96.03336337872726
71.89985959830553, 30.497167518434477
87.12211236858846, 198.7971173194597
86.77354988615905, 116.22181787764838
90.9450659242824, 1.3593717828792817
95.88884299322551, 13.277402234283198
20.69079911815692, 57.71945748806948
29.3629410844243, 80.0074211050902
42.186099789145494, 173.11581860957472
29.384176656029425, 60.28417966819224
19.34559950590391, 110.44592498335528
64.84021966904537, 89.17975936558695
66.20896996028404, 37.22648302238778
87.32213027609033, 141.89791318240526
91.86724143142936, 6.49143156958385
4.149839479683804, 76.94855503819413
32.608350767657015, 53.82236404017091
41.302739823363574, 59.71034710976182
83.16881664329651, 25.551241135665602
86.98892697058349, 79.15080161928965
90.22259873882484, 9.671385889962124
85.1908216187003, 104.89072781552488
69.31986968701368, 79.44743084091317
99.38770750463155, 62.337851885471586
58.77773979512636, 121.67174891996106
94.4798453547807, 4.376492893724859
182.04911628166866, 94.23885206472409
194.8769691973354, 113.49088638499569
104.11520637191543, 149.63302873558243
107.71769745402968, 163.42963308095977
156.2116741187096, 123.09449245251653
153.26959079095195, 141.67769991301512
127.95523338747402, 99.5490020887883
109.15404805648085, 141.6573321745088
192.92594893750825, 71.68877298870913
152.30767211047035, 37.4870053845352
190.59930314439927, 95.27815184978175
103.46227778015188, 190.44510481795788
103.80871088165735, 57.753605810127226
181.948850848781, 126.73860383103508
127.24317153517032, 150.96703565716473
137.15637689982947, 117.96994513517112
116.1051151054852, 157.35485184658137
158.0628930377179, 175.81633501799377
148.96600626024554, 103.56038544941894
176.05599615405373, 143.26998252794962
177.27330584750356, 98.07804627606542
164.93166874861151, 54.09418485274451
140.17925089513713, 81.9100056058311
122.99843479798893, 173.933364005329
151.64236154745822, 120.30128861779828
123.71471658904173, 160.39754462121667
112.42026673574496, 82.85530243159465
161.42990413450883, 76.55468310221161
155.58906732703352, 43.43019206501093
183.04258640930857, 108.71836329902634
162.8908537928747, 174.17852080635072
186.08115699992237, 136.64269479471093
148.69485606263547, 32.4432254023034
111.58422566952409, 124.4038060056489
108.08753710424894, 181.1536255308796
191.1695374123332, 130.9733649433557
167.90250599088571, 96.03336337872726
174.19492065801884, 75.83924353759011
162.10091091497975, 176.65783678394064
128.1001404016945, 30.497167518434477
112.87788763141154, 198.7971173194597
113.22645011384095, 116.22181787764838
134.5004093935542, 114.00377126734244
109.0549340757176, 1.3593717828792817
171.41143615241603, 136.97056630702963
104.11115700677449, 13.277402234283198
179.30920088184308, 57.71945748806948
170.6370589155757, 80.0074211050902
157.8139002108545, 173.11581860957472
132.05188614472013, 115.66291211384569
123.89510771920924, 181.59415390821596
170.6158233439706, 60.28417966819224
157.30696906603816, 159.0636614440023
118.38699602516269, 25.144066940652564
180.65440049409608, 110.44592498335528
135.15978033095462, 89.17975936558695
133.79103003971596, 37.22648302238778
112.67786972390967, 141.89791318240526
108.13275856857064, 6.49143156958385
195.8501605203162, 76.94855503819413
167.39164923234298, 53.82236404017091
158.69726017663643, 59.71034710976182
116.83118335670349, 25.551241135665602
104.3599045398908, 114.43825820616003
113.01107302941651, 79.15080161928965
109.77740126117516, 9.671385889962124
171.03413401646876, 86.38856920699882
114.8091783812997, 104.89072781552488
130.6801303129863, 79.44743084091317
100.61229249536845, 62.337851885471586
122.29010987585418, 47.2749010046233
126.3862678147386, 161.45195567560722
141.22226020487363, 121.67174891996106
177.04884432812807, 148.6609501612189
105.5201546452193, 4.376492893724859
113.05956310136767, 52.7286688801468
121.48050783184723, 45.84332428274711
106.09357117075227, 77.48069149336705
106.34251177409449, 135.6692858770155
168.80391399057743, 105.96940843160556
