96
78.4911962758044, 185.37657324130655
52.386949652685246, 113.63524442437047
5.408105567967015, 101.46308537597086
60.50082908311667, 59.755808122327906
61.22110553716262, 134.4130676494247
42.757223930163654, 73.64131057203306
36.3419637256411, 61.803258007047205
93.62669297241288, 143.95209831530983
77.61876715229971, 53.09220301143065
19.63079488126278, 92.85412650743305
44.697400051243804, 173.2201557196941
53.197866003792335, 65.49955103964282
14.466270125904568, 106.21508581576879
78.68223900816467, 106.66033737979332
64.85215517950775, 182.4056101911625
42.01717540526382, 147.79824840411158
152.7913706877892, 101.96755012312211
121.5088037241956, 185.37657324130655
150.83225973645506, 45.52246429362188
147.61305034731475, 113.63524442437047
185.3643849380873, 62.363023144466645
194.59189443203297, 101.46308537597086
141.65094861351557, 78.08006659044626
108.28334135247918, 182.84588838619374
117.09805155583406, 93.8643615957361
189.23042517175142, 92.8161626417332
126.63041823999147, 20.20466821570366
137.67049434005887, 95.06248990978663
103.90445195538011, 165.55198541431932
181.42008367729088, 138.79901140064837
139.49917091688332, 59.755808122327906
109.02499747382059, 158.1784022643978
159.41104330811567, 83.12971534798801
142.88297893099934, 37.59717383859409
102.18308091585806, 39.04361816534336
168.46630431551597, 100.29117784108486
153.91865450836212, 36.65455344177613
132.52822081478092, 51.21004092897874
138.77889446283737, 134.4130676494247
151.09912378911466, 178.4568927930005
157.24277606983634, 73.64131057203306
163.6580362743589, 61.803258007047205
123.52546477534703, 128.7002795103839
106.37330702758712, 143.95209831530983
122.38123284770029, 53.09220301143065
137.4394829774837, 156.95180318310767
145.52957552527678, 136.53701391270383
118.63654243196524, 132.2117779820816
123.40669494237483, 23.80530261278635
122.53927621755759, 70.95722086717959
141.65094430189686, 87.37012183660997
180.36920511873723, 92.85412650743305
131.83425110859443, 23.50824717037787
155.3025999487562, 173.2201557196941
146.80213399620766, 65.49955103964282
105.8866722015532, 33.13933870019612
171.79098939753135, 80.39122032622615
161.45297017738736, 169.88250975617706
158.28236405759947, 63.110978969852894
152.42957603324336, 104.17659024304588
185.53372987409543, 106.21508581576879
195.58457655168166, 119.96123861806484
107.17426248026088, 80.96433412554676
151.5403444699434, 168.67742923667237
141.91056568997402, 172.17730126770167
136.37996287690592, 38.22684193130497
119.40955807494487, 79.50771220160154
115.0373158137663, 85.66657447454003
121.31776099183533, 106.66033737979332
166.04291407197616, 83.19834342499388
156.4106619329711, 62.6391909647152
137.1458468218483, 154.5854447341973
113.40446449201272, 87.31303134658954
176.61882663855894, 55.89857122230673
145.19096438334213, 97.91844558719572
184.00264638530302, 146.86335884024572
146.4313017070684, 21.21021553747129
135.14784482049225, 182.4056101911625
140.7514036064186, 71.92385995453307
126.9037167495165, 135.90012695388398
159.78375614617443, 150.3656868148823
172.1118419123879, 64.7490032342225
102.41250412273064, 106.66972055598873
153.60129584777658, 95.84350332179652
187.53005083196265, 88.18681113274577
154.77916643402017, 127.73676361977975
158.53821442017806, 67.13473788991023
145.9999049565097, 117.39311381576813
193.19918899668858, 121.63608633870429
157.98282459473617, 147.79824840411158
198.76346861871735, 98.8086375707328
168.03873071238075, 72.80413063381528
109.15070517675208, 1.658620029190705
133.54620911639134, 95.48185430868324
101.96712116348908, 48.20589019363615
133.54193218651488, 10.267890141299297
