128
37.64952807374707, 111.36566249583133
35.10284715322619, 171.41608878414763
96.43872000956023, 81.63115592445484
57.52649631959661, 15.61420864086318
92.23508146729114, 89.74478738733617
59.691950229435484, 66.34513658836327
59.58059798216716, 165.7051526922774
97.58588829251352, 105.53505789838246
56.83922722024379, 20.840155460322052
83.3052343982219, 78.6141776988849
93.6811371154207, 175.91215899886856
39.36322085719816, 171.14430751387803
74.11996396575817, 105.61113172854965
19.890948119758267, 133.19525471573687
81.34803833221117, 5.14319531635945
23.24267204086895, 112.34781293896698
27.714856730375338, 161.12531973659935
79.34617104760243, 91.41642872240028
53.412366857158055, 43.73094161249978
33.10413554744728, 92.38489035813033
11.901427739664982, 104.61923831813638
37.393093427763134, 136.94595102294375
81.49343124227792, 129.84680169627634
39.25039175873505, 99.03432198693109
53.466530390252096, 54.46101367223341
51.44621601101513, 185.28275256785957
27.51780656881323, 79.37374512307673
90.91151040783011, 114.51153299039531
99.87095160625148, 70.42946557215907
23.780336263251257, 124.894613199372
95.58808384123584, 2.7302970376888336
34.31654057106939, 103.37549056616358
37.67908780244237, 104.75376159869691
93.45719559759193, 5.481446915139765
73.66312132967306, 112.65186730460866
59.55291319705061, 149.95381889164244
86.22190173454537, 141.0024430898191
43.30065824799385, 103.97414986166342
90.21385971801585, 104.41395849739092
67.96455037266796, 16.799569011540292
91.51801097030999, 71.6431698079761
64.7810550674311, 79.09604359060644
7.8467713047086995, 89.74678659407691
57.86156151699425, 171.96730551391178
83.47887047687726, 124.74957809222451
23.413358138689354, 89.48786774414457
74.01434687316268, 28.544029275215177
68.70291499599851, 80.03787414429286
162.35047192625294, 111.36566249583133
164.8971528467738, 171.41608878414763
103.56127999043977, 81.63115592445484
142.47350368040338, 15.61420864086318
107.76491853270886, 89.74478738733617
140.3080497705645, 66.34513658836327
140.41940201783285, 165.7051526922774
168.89591996555174, 122.04637776298969
116.62061087320939, 23.156516754222856
102.41411170748648, 105.53505789838246
143.1607727797562, 20.840155460322052
134.81557437757095, 47.48143034495358
116.6947656017781, 78.6141776988849
106.3188628845793, 175.91215899886856
158.33762701262884, 87.13465550546933
160.63677914280186, 171.14430751387803
125.88003603424183, 105.61113172854965
180.10905188024174, 133.19525471573687
118.65196166778883, 5.14319531635945
156.64338575928866, 76.71766049927544
169.28012061300365, 46.341350736157885
165.38999014155644, 34.49007669316231
116.24572767042885, 28.059102482291888
176.75732795913106, 112.34781293896698
172.28514326962465, 161.12531973659935
162.45577823360873, 116.59458680694328
120.65382895239757, 91.41642872240028
146.58763314284195, 43.73094161249978
166.89586445255273, 92.38489035813033
111.1974218317101, 93.6522836230563
188.098572260335, 104.61923831813638
100.42435562331062, 128.0791833105596
162.60690657223688, 136.94595102294375
111.26523663146216, 194.84737343973157
139.20671138899738, 12.137016051454541
131.49766944858771, 74.69535053613636
118.50656875772208, 129.84680169627634
160.74960824126495, 99.03432198693109
146.5334696097479, 54.46101367223341
131.3063237319718, 36.668681032485125
108.97749693310465, 53.64065267669802
148.55378398898486, 185.28275256785957
172.48219343118677, 79.37374512307673
137.95607384590312, 172.5020167224992
109.08848959216989, 114.51153299039531
110.77988399373999, 18.519517469773184
100.12904839374852, 70.42946557215907
176.21966373674874, 124.894613199372
163.95908092370857, 127.13081227955301
104.41191615876416, 2.7302970376888336
165.6834594289306, 103.37549056616358
162.32091219755762, 104.75376159869691
135.54107940848854, 150.25759612211047
106.54280440240807, 5.481446915139765
126.33687867032694, 112.65186730460866
140.4470868029494, 149.95381889164244
113.77809826545463, 141.0024430898191
166.95515497456861, 95.50455663401183
156.69934175200615, 103.97414986166342
109.78614028198415, 104.41395849739092
128.39657714156942, 171.92036794140688
132.03544962733204, 16.799569011540292
127.50342069752286, 166.17511681370863
157.3299040944611, 123.37300620767854
122.22846645167942, 17.713702335341953
108.48198902969001, 71.6431698079761
135.2189449325689, 79.09604359060644
152.95252938612447, 173.08558453621254
192.1532286952913, 89.74678659407691
118.54512865478529, 154.68147974485484
176.25259479569593, 132.788910799041
142.13843848300576, 171.96730551391178
116.52112952312274, 124.74957809222451
176.58664186131065, 89.48786774414457
186.99935562969674, 60.998561956674656
125.98565312683732, 28.544029275215177
126.89604297673033, 43.408193122226194
122.50806969603872, 187.06407918342939
131.29708500400147, 80.03787414429286
148.3838872150688, 65.6711469386129
