160
51.107545731489026, 158.7336462025054
71.9126233261634, 127.15637201698573
15.011546417594069, 87.80474528122433
64.17354351988878, 87.09297874441259
38.092486020536576, 48.112225187941625
7.528896893572002, 98.75925317998929
89.78260256106779, 45.88082861404834
67.1585489057723, 74.1716169589151
73.05284335712524, 122.93857241139199
49.28784749910554, 55.18406101276256
81.91042812664098, 42.13920962215918
70.32178029745106, 194.02427411642353
4.876840709097996, 118.23241069899426
26.126396144755326, 83.83644819581582
96.90560112988902, 146.99517207377477
55.99332346636589, 57.809631367186576
52.48894247696807, 89.43779919121395
28.706677252552627, 137.52765307517555
98.37080564907758, 176.61444035073103
71.52600191930236, 77.88118261668599
94.14064516808529, 37.370444573158345
48.95012481131281, 110.17627387668361
11.324488799234933, 57.35098537629513
39.56844685017946, 92.08456755982206
49.02134971147222, 44.795716705382006
18.590847249550556, 153.28784092143474
71.9124517637832, 74.36360902022159
43.79401209781998, 79.14714873710426
81.63013682215828, 167.79256812758757
70.81661764937944, 112.53041313192043
28.72622958183203, 96.54634463375224
84.94485111686318, 176.55881295288427
74.22937587385695, 152.84523880201712
99.50578182567133, 157.94285051680868
59.9631579424678, 107.75665299863164
20.47889953567491, 58.00737489039616
77.39326080705105, 31.55101795954982
90.13545655640337, 25.748837710007088
57.82066648467641, 38.40194397549696
84.49855758205571, 95.50671449927745
85.24314970127676, 121.78749792488736
60.12400119971264, 61.60976652596835
92.62696438323243, 112.35771766185871
36.4814340147386, 169.77453763766735
36.38413373112872, 38.81367673092117
61.85963770168432, 184.3076736204202
29.979191499389092, 95.08742569725055
90.88890945509391, 137.3629806031363
52.459294121636354, 126.2754460426795
94.67419377505009, 23.691762089866252
87.41308897570254, 107.06640146060397
25.864445743800125, 44.772876975246746
73.51251121557723, 132.6046276308007
45.48852953211533, 93.4348984999793
96.12074128213145, 187.0142283023105
72.74524141215171, 111.43522345437466
28.566070500518748, 151.36223803141215
54.54344952467763, 137.8829530799494
46.48357623511138, 63.15965336778431
20.66456052884309, 146.37381388720857
26.851932147106318, 96.47547026021046
98.97311467153767, 142.46673832953377
77.79346068057369, 55.55377778693706
26.56471595483071, 35.033300316644535
75.59566486680365, 183.05269424352025
74.52920090571045, 127.2777231132637
79.82562902328966, 14.3257722350552
87.3272030621306, 102.5398701584589
82.79509689404458, 29.71985249861786
92.73502102727355, 86.16241137172729
49.34502509350688, 23.650606563399258
80.1183019740613, 135.95464602045828
20.78209944935684, 137.47539793519076
89.21370707022733, 129.31014986183328
3.017124382807601, 108.5960741013982
1.83233473613591, 109.74801707006534
33.65654643151225, 26.84232896772498
88.1215265438223, 192.18821632724237
74.38438517562868, 20.295085932129588
96.03656891269668, 75.35566356554003
148.89245426851096, 158.7336462025054
128.08737667383662, 127.15637201698573
184.98845358240592, 87.80474528122433
135.82645648011123, 87.09297874441259
161.90751397946343, 48.112225187941625
192.471103106428, 98.75925317998929
110.21739743893221, 45.88082861404834
132.8414510942277, 74.1716169589151
126.94715664287476, 122.93857241139199
150.71215250089446, 55.18406101276256
118.08957187335902, 42.13920962215918
129.67821970254894, 194.02427411642353
195.123159290902, 118.23241069899426
173.87360385524468, 83.83644819581582
103.09439887011098, 146.99517207377477
144.0066765336341, 57.809631367186576
147.51105752303192, 89.43779919121395
171.29332274744738, 137.52765307517555
101.62919435092242, 176.61444035073103
128.47399808069764, 77.88118261668599
105.85935483191471, 37.370444573158345
151.0498751886872, 110.17627387668361
188.67551120076507, 57.35098537629513
160.43155314982053, 92.08456755982206
150.97865028852777, 44.795716705382006
181.40915275044944, 153.28784092143474
128.0875482362168, 74.36360902022159
156.20598790218003, 79.14714873710426
118.36986317784172, 167.79256812758757
129.18338235062055, 112.53041313192043
171.27377041816797, 96.54634463375224
115.05514888313682, 176.55881295288427
125.77062412614305, 152.84523880201712
100.49421817432867, 157.94285051680868
140.0368420575322, 107.75665299863164
179.5211004643251, 58.00737489039616
122.60673919294895, 31.55101795954982
109.86454344359663, 25.748837710007088
142.1793335153236, 38.40194397549696
115.50144241794429, 95.50671449927745
114.75685029872324, 121.78749792488736
139.87599880028736, 61.60976652596835
107.37303561676757, 112.35771766185871
163.5185659852614, 169.77453763766735
163.6158662688713, 38.81367673092117
138.14036229831567, 184.3076736204202
170.0208085006109, 95.08742569725055
109.11109054490609, 137.3629806031363
147.54070587836364, 126.2754460426795
105.32580622494991, 23.691762089866252
112.58691102429746, 107.06640146060397
174.13555425619987, 44.772876975246746
126.48748878442277, 132.6046276308007
154.51147046788466, 93.4348984999793
103.87925871786855, 187.0142283023105
127.25475858784829, 111.43522345437466
171.43392949948125, 151.36223803141215
145.4565504753224, 137.8829530799494
153.51642376488863, 63.15965336778431
179.33543947115692, 146.37381388720857
173.1480678528937, 96.47547026021046
101.02688532846233, 142.46673832953377
122.20653931942631, 55.55377778693706
173.43528404516928, 35.033300316644535
124.40433513319635, 183.05269424352025
125.47079909428955, 127.2777231132637
120.17437097671034, 14.3257722350552
112.6727969378694, 102.5398701584589
117.20490310595542, 29.71985249861786
107.26497897272645, 86.16241137172729
150.65497490649312, 23.650606563399258
119.8816980259387, 135.95464602045828
179.21790055064315, 137.47539793519076
110.78629292977267, 129.31014986183328
196.9828756171924, 108.5960741013982
198.16766526386408, 109.74801707006534
166.34345356848775, 26.84232896772498
111.8784734561777, 192.18821632724237
125.61561482437132, 20.295085932129588
103.96343108730332, 75.35566356554003
