160
6.724881266528598, 59.0440704139866
11.869246995108284, 72.54582998326975
6.923994239998933, 185.50676366171098
82.39164688490798, 113.93231796077642
38.17847383744812, 24.946104359911498
45.25002596382364, 140.01703455782425
56.651529403552495, 89.31693506823217
68.5037823944806, 16.777393345684622
44.61765666641778, 30.742915120989302
85.82298727689349, 49.3798205414137
44.0687403760017, 64.11905700905886
31.894214240799215, 145.81860510255507
62.721743136245244, 60.30339923906893
72.59472139092419, 117.86123224317267
57.8703709976625, 169.75662053686207
57.39744342546744, 92.80135443928725
55.197405710110516, 11.73268786026616
13.980582090092641, 147.85108374247594
74.9629488787691, 164.41213491040133
90.77309993973418, 190.83131856989831
76.74035132249689, 42.45995366532027
9.850044347993814, 113.06718529761568
7.705587439603745, 131.69468213636176
89.88365759249628, 18.228332652289524
73.58636271382552, 170.82018571746147
43.10150075251244, 71.12385752591477
79.89715705037388, 189.11932366221905
28.583836163933526, 66.49387002008197
56.10794928468043, 19.17711601011844
71.12180928439065, 141.58161616683606
23.846136439962557, 49.6999763877086
43.61623627271938, 132.1872793398261
25.648940119666264, 58.340592759901156
44.18047932790047, 174.7383874649828
87.7834098573832, 124.31289264442995
96.93951287129346, 147.58395576827624
48.54369617289968, 114.81044493302186
19.870637364592703, 79.25324232080757
43.991286018875584, 145.3609408154657
59.50243719203161, 0.9826584131593918
32.840573005766586, 111.43683990262964
97.31749464232378, 17.32563830540554
33.27198511644463, 66.64395989971165
51.83473123290348, 28.542164571423413
39.68967894157564, 74.58069750345338
6.407569506370017, 95.71157376266821
88.05310163916205, 174.73559999330303
29.20607549705545, 42.103249995797974
81.85417060246644, 167.6314167697655
6.87346055461277, 63.18157683966226
28.47262933072521, 104.44299969958189
19.92919456406105, 96.78726503045633
53.07919053853506, 159.92344215125593
83.26056017526203, 111.33726170633355
82.06449735427138, 90.73965593614737
25.244773159607167, 83.68068578454407
94.3279788492784, 195.8387025379212
97.27691790140412, 22.27555313881482
64.59763994408848, 70.34205590009631
27.31343054432448, 68.29032592755829
60.49795108023515, 64.53658818792378
71.81002357033037, 36.01266910708525
31.137121234582178, 70.80137202797971
31.425787045488363, 86.07204278832572
76.68784205058836, 100.43702532828644
28.993583891914064, 128.47754073030745
62.929383568407815, 168.52437587181544
45.8024761074496, 146.1040294513183
7.81381673078657, 12.575686461505228
98.61426094676389, 106.98335094748467
86.43153841328838, 38.434940598087024
96.26601221070011, 36.868959937428556
79.8377118942195, 30.608849987974452
73.9220132492191, 134.83322934146764
40.20274567789409, 128.42180449355618
79.25109453674037, 146.37357847500905
33.023165307218996, 122.68436535251817
68.72511806880526, 89.51529995260366
69.17896270935306, 191.43453266712092
10.293693611636757, 70.22795554444716
114.81169352990703, 20.490106396313124
188.13075300489172, 72.54582998326975
117.7375058205236, 162.45818737118208
133.02888809020294, 109.63854736092351
146.08643859138067, 19.299590803524392
154.74997403617635, 140.01703455782425
143.3484705964475, 89.31693506823217
154.79676363220202, 39.469709919248515
155.3823433335822, 30.742915120989302
127.99522411249538, 31.42994289377139
155.9312596239983, 64.11905700905886
161.0955627444067, 177.42065546954893
137.27825686375476, 60.30339923906893
138.2078505518312, 83.74778221672774
137.81657858028302, 127.03204822585784
110.41981446807068, 24.483843454718745
134.4865780959396, 19.102714912954788
186.01941790990736, 147.85108374247594
148.28545600040331, 95.83252597270659
175.2533307344265, 118.15747225080824
123.25964867750311, 42.45995366532027
190.14995565200618, 113.06718529761568
192.29441256039627, 131.69468213636176
109.87206352386325, 72.95900936760933
126.41363728617448, 170.82018571746147
156.89849924748756, 71.12385752591477
181.01223969007145, 124.47533786244844
185.5645989039557, 61.440792646513806
111.55106960659222, 8.290675755393394
126.79619032979666, 74.15087857831621
143.85181643445372, 41.46069105786101
160.43937104469427, 60.458079966165926
108.92891861168546, 58.35319729201096
155.81952067209954, 174.7383874649828
112.2165901426168, 124.31289264442995
178.3730544667011, 123.83494410894562
155.97595360737432, 153.67418402109166
180.1293626354073, 79.25324232080757
102.47104193202513, 135.0379114503497
118.34858924625755, 58.780982056912755
155.3075898351094, 143.79976451396863
174.93470761659614, 36.79461898923504
118.4771564842091, 137.10232602255007
104.71912649302114, 101.42383878564205
165.41797933740926, 129.387677982857
145.58324404804634, 154.22244254767367
111.94689836083795, 174.73559999330303
170.79392450294455, 42.103249995797974
158.916196948922, 172.50952714668261
136.55080696426424, 114.46356891843361
171.5273706692748, 104.44299969958189
107.40496182303026, 95.05723383256675
146.92080946146496, 159.92344215125593
116.73943982473797, 111.33726170633355
136.36963302492, 16.764893282989068
174.93493417138495, 155.07938454532578
140.58051315662283, 163.55655893447144
132.14343971437268, 52.34257876650514
141.65645882181045, 145.27885450467986
172.6865694556755, 68.29032592755829
139.50204891976486, 64.53658818792378
128.18997642966963, 36.01266910708525
168.86287876541783, 70.80137202797971
168.57421295451164, 86.07204278832572
123.31215794941164, 100.43702532828644
193.30218802633095, 66.92952306673628
156.3472930592378, 164.482092206166
155.05872953103784, 180.46151336990843
120.93573455037539, 42.68280856139024
129.5509638241944, 97.51091446296687
114.07544607980496, 87.50731059435711
130.02277616782914, 23.98070814076587
134.47399850873413, 79.19234978974312
146.9262383230474, 88.725926111987
159.7972543221059, 128.42180449355618
120.74890546325963, 146.37357847500905
166.976834692781, 122.68436535251817
131.27488193119473, 89.51529995260366
130.82103729064693, 191.43453266712092
189.70630638836323, 70.22795554444716
