240
80.30981600592987, 4.409448700162404
59.19295465779328, 179.52719321108458
24.412746840952764, 60.35086737521503
56.48578156437026, 146.2000074517434
25.349006398708546, 84.83034192298376
86.44179124812233, 155.1522978098389
16.17391612051398, 133.43686886455112
49.59404740937922, 36.452005918447824
4.38351544025652, 176.35365233801213
2.5649164845337715, 67.65411603276783
51.28567856390845, 12.005052726264392
55.36859157324649, 1.4315365606900627
19.707731306417912, 32.33084353797955
56.350078095243525, 28.659263802349415
50.058621130799345, 53.145186082057194
49.338604335685176, 30.156720082616552
23.97940478473265, 111.88141462780457
10.057375534776675, 72.69098326776309
60.364940060835806, 124.39677289638898
29.63217880172205, 190.73741855843434
39.05327788907633, 92.13320007665577
48.865299779488815, 77.84791278612464
81.91858648517827, 151.2611217732793
97.96183040381418, 69.18188514203476
51.24702837490959, 116.77321752953468
35.72516791877767, 163.06146711628202
72.34922921921353, 94.69176688850625
80.96829629322163, 95.08222740144504
32.86216671185434, 28.057132749685948
0.36504342358130515, 38.166187181076914
68.57853470651288, 8.268185467077728
6.638670425604374, 171.143688317483
43.216669845532756, 72.23636000204607
97.74069960627723, 86.04852145961584
37.47180367286122, 157.09412698625084
11.15854484988651, 59.84964714496949
85.96719968836253, 48.17246336890909
17.8540863070383, 124.44283126582337
66.98533234158083, 45.56052612389812
63.71533300618948, 133.65445310212945
99.85936893597176, 22.489823338928478
71.86594081728623, 139.5800739108076
93.6060285253975, 114.95228205419167
71.41605066767777, 99.79954363781087
34.332851755288246, 41.60429676292057
69.62788600026578, 128.38727044097544
82.56706779932549, 61.71632000032899
1.4691275748096189, 118.71362208825123
13.069579603317436, 142.90551213287787
83.35328868800725, 181.863505582639
49.36052245580859, 86.38446868561705
36.56619883856948, 150.22008551469625
32.566722737788396, 110.1733497034831
80.02275213208603, 16.590863629996065
13.135984991558402, 49.40591750334887
12.252716963293475, 80.12176313678842
54.87859480089375, 137.4617607813777
5.4830076110564505, 87.87093529341246
47.657908886997554, 120.184321243333
63.79883220709197, 57.532838478159704
69.5351831851433, 73.92104136799784
15.927920789566244, 20.01472506844101
84.88740464596667, 36.04644986893962
46.814795070339756, 37.93224021526769
18.140506146666652, 65.47359534943591
86.94629868066153, 98.4389441317844
15.841881137129192, 36.26737383318501
10.660081924870575, 23.22210630071914
74.33171561897103, 125.64704991992471
32.51909419467674, 72.15964329011454
37.41439800543064, 143.9972907509319
95.19064523046734, 48.7258996263585
5.1632797828225705, 108.73246055610171
62.11946474191359, 92.64248385019206
2.3518481596137306, 162.36623780289412
74.18907955587365, 48.1618625835974
14.550738840487966, 184.69052732937274
53.03278565748991, 178.74164674585197
69.2621538794097, 152.82862096683476
60.54940488708004, 52.500184442599306
65.69490593864515, 71.31029052940383
64.53553793516036, 74.46342694101315
57.964632927738826, 99.23308128545753
35.63967699519276, 42.73334832677522
58.14810766875746, 62.77392070018315
70.41316450071571, 115.76312298297668
99.53842051423554, 193.83989141161675
73.82894354775016, 183.96672328333102
40.80056015603631, 106.89288669300345
72.57376486851601, 76.79159162028158
65.25162129581267, 116.8485640191641
25.64108809099216, 49.745086412551686
82.92416915074604, 143.55242471814879
36.22042015787351, 91.34357241187341
82.85714829555573, 187.35114001506292
70.60430266819547, 71.65540080457274
68.43727757105685, 24.022292265505563
44.08558793716797, 168.10056150495663
38.66456061793616, 175.41251540854665
40.67633497563292, 114.660488994171
15.340201192496961, 86.104818265062
95.33450922205932, 188.80244044766778
18.01090678951508, 154.263751735153
92.2804637796114, 131.0848275936844
63.958996402804694, 97.46477670524544
39.47908299108379, 150.2702722316676
67.4299363022094, 164.8986344794671
66.37634556602673, 79.6885222197226
10.83207969142823, 151.19954156776404
64.72059946306868, 50.78763974143996
22.882055340957884, 76.76928231949769
93.58101390307802, 179.6139055654291
69.1689926024296, 32.39026225215813
87.47310203710765, 13.371146087956376
22.279156840594684, 88.22365940264116
71.10005529642922, 30.61820455411226
61.652646172861445, 83.27175348000921
21.64452387060515, 187.7109739696119
55.39388333538051, 45.31458145368787
96.16401423140697, 154.04422094842914
91.28377692403028, 190.74841179738394
3.6505890345626457, 19.791740714246252
25.061712252405364, 177.21025432205016
88.98957000203018, 77.3115042035187
5.686366248362185, 127.76900815768826
74.49931280319944, 2.358754234850746
48.68044808657288, 142.49132679485567
49.41303822218677, 173.65513198098472
29.361178629741502, 172.85199902277208
42.358100066946825, 82.05914986087583
20.436463047958988, 37.34616858739817
81.11667640210389, 104.28464689074977
6.1089736361103375, 19.825228640682813
91.50791655248955, 171.93277519039052
81.59510311536062, 115.37196345043212
50.66599219323405, 82.25278767195519
72.11180759753628, 142.47955082996762
73.77098020151422, 37.8857082002676
45.40642592937427, 93.60643687153238
19.75195874282959, 191.97419687258127
39.277490232606624, 37.34991078395458
22.01557328896425, 133.97335117328146
31.345037991690393, 55.77299091849967
48.23105098104, 187.7637464044343
56.390650040759816, 89.2215311791993
46.00782286546118, 78.97283158901018
18.061841146791902, 161.10254391040593
83.11903448103214, 132.58252246025026
0.959161981862422, 113.76075396173569
16.643660415801342, 64.51361155104406
66.20031618970881, 113.11061936589242
17.96015038225991, 34.32532526989283
49.83240595718533, 50.054958804275486
52.677163246934754, 90.26908564739536
56.990983405325615, 174.4468354284388
88.69925914948605, 45.54898613822973
98.03672708355968, 184.87884001827987
24.524582690553764, 25.989287620009716
54.228950465432646, 172.69021802148973
86.28251304944963, 124.67907640991452
114.96714784017959, 24.12119367227552
136.49281430100174, 174.23484345646924
100.48150534650576, 9.514738307738169
160.2807983757372, 131.02860169922832
135.96818936304498, 156.37542008108412
126.27779280088448, 172.95124795021468
179.5824568867758, 86.06575333491016
174.7128803760386, 110.88289642023466
198.53469088671068, 114.78917246154636
171.6825209852895, 59.774105448890815
170.11227315630802, 31.90866178213636
100.35823129489886, 34.97572418520707
134.52709368417948, 108.1582421761548
111.63254208042002, 103.47052207704152
119.37436985932419, 111.48892444609177
161.00158373667261, 37.423678780761385
153.50113989612595, 64.69282671196721
141.64348214158989, 11.22951970464725
129.60330739655464, 49.17169902335159
167.6194040089573, 158.833271580438
142.01821051291344, 104.95103438874393
155.47848290251676, 147.44317698328834
190.06439162891286, 100.42611485569807
101.63672794985446, 14.02893133020402
147.0997870664251, 176.91869231189898
173.45589677810455, 91.40012440172501
159.7218128139399, 152.70349295837485
123.1767673922828, 54.05640586753611
116.22607867416029, 66.67475168276708
158.78262328044815, 31.287690482819052
114.48253859910173, 26.09181414573827
134.65500741148946, 151.94473785626278
118.82443287639464, 142.51103310249
132.3402774465139, 115.49085768084224
125.29350206864295, 162.47122246472154
130.2171173540861, 14.472305146195685
173.50988623643423, 59.96855579498224
123.11631083658153, 171.87756713187343
122.94238881723835, 59.27665477158299
142.97933475324842, 189.84956706159127
156.13399689739964, 28.168904137676055
130.3990658053258, 148.33359147750792
116.96855334246447, 102.9076643897589
107.11047609765818, 29.616693269205708
140.43437091894162, 110.88561580868304
100.49121010016394, 130.89258486791994
160.25305564884752, 25.189932606211542
134.0973625306741, 165.49837332273268
142.33451798076385, 99.67129749664423
174.9164497137663, 138.65536085249752
158.21688408406263, 85.48427374984836
134.79990976623944, 121.90368979573549
163.2202263990265, 33.592564655812616
157.8109416561634, 20.899636084670846
142.58718067673314, 103.09753286089753
189.64539461481462, 119.26249586345017
131.87589901179993, 124.8952145623434
166.02796126618722, 61.12993960399802
141.5538579999181, 172.3530399927024
159.94573605141463, 83.02979233025273
127.10801559267242, 43.7675959407112
130.72781402270567, 42.43321304621228
137.85067018768854, 53.69156731237739
109.31672875968553, 59.48796751406697
118.3044176447805, 83.27750172573994
100.31092678107264, 37.237751571918906
128.72717807284914, 83.3297449328517
194.83728717484175, 85.68256538491997
145.53455811976846, 78.81408511189446
113.54899046160433, 85.54000639249179
171.82880683462207, 164.19595062402496
116.07775162949653, 52.15469347334947
115.4238454376019, 31.6806639216632
134.87812183271285, 16.01192386785666
139.76042703102397, 152.8234539665865
105.46512365073694, 124.72836122440012
145.58871060131372, 145.29198664698032
122.85573557262003, 120.80078986916791
100.82513785876387, 102.59515046703443
116.44539606985062, 24.906273114456635
