160
69.75460432499587, 113.37062742992623
72.9977574712055, 23.246733393292686
61.13080714720175, 68.0319960046721
51.2702059559753, 44.76294059103119
54.58907554837401, 77.44110779039748
15.028715235151424, 48.813428775748925
82.35910190276748, 159.07123253958588
82.74641077595439, 57.49278999869107
49.27377103390072, 131.32408881660774
39.1881326677156, 21.920836550019796
84.21043306363424, 17.949702550573356
81.4849816767115, 126.87854136002366
55.05267786272552, 22.502476186981713
40.311092837605564, 163.94581568725738
17.963715213123933, 85.98558690968403
71.16093783262542, 107.00108229296157
82.4109608557211, 23.737912611466516
26.256031125318515, 150.83730047725598
33.82355035375825, 167.8936130946692
99.69636915400142, 197.53139705654993
22.873612004818277, 157.7999979001897
18.340579994832183, 140.58061810152037
91.25160945063247, 159.16342655262972
30.970968924178756, 151.8835904047505
7.187493594208917, 41.881080796818665
7.062320139545076, 85.53018083948034
88.50884662076248, 166.00891972775594
16.49047885149606, 67.81898150482462
78.23344649058534, 23.124519935111863
42.856555742349215, 166.67868984206046
86.08883604523717, 191.70174511774547
66.51147735384431, 149.00902503597973
70.35600063052779, 46.645243681549545
79.73731924816379, 21.16977479011153
91.28731847243554, 183.7967400556215
56.752070689751, 22.035315948745083
72.74767444388137, 81.57611583406054
54.841145218113354, 64.06927478236005
74.60426036651594, 122.74756462653124
21.28994889678797, 80.36050185817447
82.82162468723017, 108.35503992790736
80.97097925530872, 156.78251447976106
89.46199499807103, 161.85685515654836
58.84490089403498, 81.92257918366985
32.443124807094634, 147.15122541119356
41.60896289146745, 56.045141600715496
96.03865402398054, 168.05620455299072
37.16009432537515, 141.69100333990679
46.34838826983505, 56.476346560138694
25.935535100330476, 1.7124087792278146
86.38258139516527, 188.79547892668492
35.905253020926054, 175.72940325525107
34.88038906600538, 111.09535274675675
81.5961304586464, 7.136584937419215
7.345177893216714, 113.26236692459477
4.420316593731769, 20.85822945328681
35.59525547037404, 174.0698918639647
42.903637045476806, 39.68917167975559
90.7098806475232, 104.43689681186935
57.83673048390958, 174.9294897721685
83.27297841888455, 96.06979098246183
31.528613696276423, 12.267142810770611
21.09752394716561, 140.88850077696847
24.100923708344332, 130.71715657499965
94.25788772490588, 55.37934322770117
55.562037459296654, 180.856046887751
39.74191950743102, 85.71274933286767
84.66435508675086, 49.579955311748606
62.71912729816228, 8.115624501433526
66.23737313373863, 101.68738172474288
37.163452175134324, 106.99296764174385
83.75855636082642, 97.73583290462207
55.316025410431905, 175.66762475336435
79.6685616926053, 4.380820387062068
20.36657840806403, 139.16905506427238
29.699528727522296, 53.122630516905865
35.003095168552925, 146.48162720050374
39.96477092529983, 100.43807220290569
75.05166566405957, 184.91490366751896
47.27424385469175, 72.33105739338134
130.24539567500415, 113.37062742992623
127.0022425287945, 23.246733393292686
167.3390924296282, 61.557254228049786
148.7297940440247, 44.76294059103119
145.410924451626, 77.44110779039748
184.97128476484858, 48.813428775748925
117.64089809723252, 159.07123253958588
117.25358922404561, 57.49278999869107
159.83575769751303, 98.55440962359849
160.8118673322844, 21.920836550019796
115.78956693636576, 17.949702550573356
118.5150183232885, 126.87854136002366
144.94732213727448, 22.502476186981713
159.68890716239443, 163.94581568725738
182.03628478687608, 85.98558690968403
128.83906216737458, 107.00108229296157
117.5890391442789, 23.737912611466516
173.74396887468149, 150.83730047725598
166.17644964624174, 167.8936130946692
100.30363084599858, 197.53139705654993
177.12638799518172, 157.7999979001897
181.65942000516782, 140.58061810152037
108.74839054936753, 159.16342655262972
169.02903107582125, 151.8835904047505
154.92792120636193, 20.744437724884147
192.93767986045492, 85.53018083948034
111.49115337923752, 166.00891972775594
183.50952114850395, 67.81898150482462
121.76655350941466, 23.124519935111863
157.1434442576508, 166.67868984206046
113.91116395476283, 191.70174511774547
133.48852264615567, 149.00902503597973
129.64399936947223, 46.645243681549545
120.26268075183621, 21.16977479011153
108.71268152756446, 183.7967400556215
143.247929310249, 22.035315948745083
195.4875091932278, 127.64423851072782
134.9557097875474, 86.58424582554514
124.2260506266602, 149.5692052554693
178.71005110321204, 80.36050185817447
117.17837531276983, 108.35503992790736
119.02902074469128, 156.78251447976106
110.53800500192897, 161.85685515654836
141.155099105965, 81.92257918366985
167.55687519290535, 147.15122541119356
158.39103710853254, 56.045141600715496
106.89296443385746, 194.01665217187792
162.83990567462484, 141.69100333990679
153.65161173016494, 56.476346560138694
177.3776694226923, 59.832568303173986
113.61741860483473, 188.79547892668492
164.09474697907393, 175.72940325525107
190.8342195818093, 115.52846885326706
175.5698689511827, 67.49980923483203
192.65482210678329, 113.26236692459477
119.97056004492157, 41.39495601637708
164.40474452962596, 174.0698918639647
157.0963629545232, 39.68917167975559
109.2901193524768, 104.43689681186935
101.06533151581881, 166.39153235330681
116.72702158111545, 96.06979098246183
114.50868272213768, 7.822178664338142
178.9024760528344, 140.88850077696847
160.9691877388877, 176.5619219528815
105.74211227509412, 55.37934322770117
144.43796254070335, 180.856046887751
160.25808049256898, 85.71274933286767
123.01119343326297, 53.332188141884984
137.28087270183772, 8.115624501433526
158.39488613618127, 143.87325690284948
162.83654782486568, 106.99296764174385
116.24144363917358, 97.73583290462207
144.6839745895681, 175.66762475336435
120.3314383073947, 4.380820387062068
179.63342159193598, 139.16905506427238
170.3004712724777, 53.122630516905865
164.99690483144707, 146.48162720050374
160.03522907470017, 100.43807220290569
124.94833433594043, 184.91490366751896
152.72575614530825, 72.33105739338134
