176
12.301294772491744, 132.2431655912408
16.915090388282906, 61.851738058265624
91.38523689581658, 69.25642737881358
98.5034962078439, 84.70664703689839
86.76795381767822, 30.093101691346735
44.779886987279404, 174.08543301424626
58.75769193440598, 84.09057533478774
77.891507809122, 5.4942601041353845
31.856348086203766, 132.34219564068022
4.798097705586423, 77.73750867581629
43.79021504604212, 48.011967083741695
16.249124672373295, 83.31202028116628
66.07131621079898, 30.080552716507647
30.77888592864535, 117.20948840000143
58.85620125285783, 64.33823814665483
99.38752948306899, 188.19913062754054
77.09138079823518, 117.26247985817207
24.80247032855416, 138.17521172521083
96.35865087330579, 186.37171164334208
74.04275463229992, 144.72924748855488
59.218402825945304, 74.373700647915
83.08859874258323, 191.6535090533543
24.97648195150707, 55.041233512541865
55.88396070674243, 83.04378664112801
86.4152256826252, 67.68489127402981
11.917008710895427, 109.40623017946574
37.512347668319144, 120.2786612783429
74.38195470357314, 112.33469168993946
79.46317417623511, 88.33783770131134
52.59201844858956, 180.62654937056092
49.11335352786929, 147.40796807600586
56.04944748874572, 163.49537591262308
66.29560594895527, 137.75443292885404
76.10643760650562, 55.87610186494314
39.917224647169235, 107.88990853080898
76.30426135730143, 149.05409886289075
38.70988350713396, 105.90250382072924
88.38375323186499, 118.71271332784283
65.9646840410643, 78.51308054987544
48.5301933171712, 92.05884342194142
62.61213417992884, 178.03019181713452
83.34421804511594, 137.78642247034296
26.40820070211357, 43.941304395970974
59.92646190825249, 49.767643012842086
71.45327970957608, 46.11288135183784
16.124684220542264, 104.63970273845366
12.71993389864038, 137.89545070993086
88.87930998396487, 198.1730281043283
98.40981411080834, 58.13457221238379
26.207858994347877, 88.22080903012628
51.286205922870934, 165.86408328485027
73.12592879530617, 49.423793673198006
58.53127364979582, 18.795092217028486
54.89542693370545, 114.29119678796347
14.729288916944682, 98.6087939309422
5.381225337246098, 91.30318246840578
35.30513783641652, 137.25730480111415
57.68447977292156, 58.17166923043109
84.2157643681683, 65.3823751846871
82.58317896078555, 143.71211353172978
4.415070757354433, 105.2081876596269
58.57724253748325, 43.53151755972369
20.958068139681895, 134.200530509677
83.26090742648799, 114.72583751500964
90.1214859722169, 130.93079621959967
82.67934397501263, 194.19597805451548
7.657075830157057, 103.40804611499112
26.30669967028019, 150.1439884477485
19.11426048611975, 97.41561491061834
35.854054712723894, 61.89600433628486
20.99675600727984, 66.5324330231783
52.4083801978679, 20.754562486250983
24.043583586455565, 58.6588485333017
60.19117431087514, 56.688133790368234
26.467265132969253, 158.23327141622786
42.95285053741107, 33.72382345168678
46.34801446241915, 127.36329513675446
99.02118103172113, 59.74457674307374
89.46778882124303, 69.27558808250012
59.60045831826213, 34.58043473276198
76.87288730439727, 178.75846402321142
37.072432640327776, 13.484980267200687
3.981048175613211, 3.2821797126971086
20.662860736125076, 68.1338004920216
39.835312514792456, 0.8631109514674273
55.22473654156628, 136.16004024270168
0.6986508342772146, 162.81353873607733
83.37347324847636, 63.449720665240505
44.67355440924008, 192.91141994133994
89.00802879690326, 94.45258761921922
1.0256498517588475, 79.64087705153067
44.67496471431761, 148.20954984730946
98.2083380388995, 156.84845252115116
85.88633949196543, 74.48161728990486
12.00921545828888, 154.6393783629333
95.90299289235584, 39.88104712263958
187.69870522750824, 132.2431655912408
183.08490961171708, 61.851738058265624
108.61476310418342, 69.25642737881358
101.4965037921561, 84.70664703689839
113.23204618232178, 30.093101691346735
155.2201130127206, 174.08543301424626
141.24230806559402, 84.09057533478774
122.108492190878, 5.4942601041353845
168.14365191379625, 132.34219564068022
195.20190229441357, 77.73750867581629
156.20978495395786, 48.011967083741695
183.75087532762672, 83.31202028116628
133.92868378920102, 30.080552716507647
169.22111407135463, 117.20948840000143
141.14379874714217, 64.33823814665483
100.61247051693101, 188.19913062754054
122.90861920176482, 117.26247985817207
175.19752967144584, 138.17521172521083
103.64134912669421, 186.37171164334208
125.95724536770008, 144.72924748855488
140.7815971740547, 74.373700647915
116.91140125741677, 191.6535090533543
175.02351804849292, 55.041233512541865
144.1160392932576, 83.04378664112801
113.5847743173748, 67.68489127402981
188.08299128910457, 109.40623017946574
162.48765233168086, 120.2786612783429
125.61804529642686, 112.33469168993946
120.53682582376489, 88.33783770131134
147.40798155141044, 180.62654937056092
150.8866464721307, 147.40796807600586
143.95055251125427, 163.49537591262308
133.70439405104474, 137.75443292885404
123.89356239349438, 55.87610186494314
160.08277535283077, 107.88990853080898
123.69573864269857, 149.05409886289075
161.29011649286605, 105.90250382072924
111.61624676813501, 118.71271332784283
134.0353159589357, 78.51308054987544
151.4698066828288, 92.05884342194142
137.38786582007117, 178.03019181713452
116.65578195488406, 137.78642247034296
173.59179929788644, 43.941304395970974
140.0735380917475, 49.767643012842086
128.54672029042393, 46.11288135183784
183.87531577945774, 104.63970273845366
187.2800661013596, 137.89545070993086
111.12069001603513, 198.1730281043283
101.59018588919166, 58.13457221238379
173.79214100565213, 88.22080903012628
148.71379407712908, 165.86408328485027
126.87407120469383, 49.423793673198006
141.46872635020418, 18.795092217028486
145.10457306629456, 114.29119678796347
185.27071108305532, 98.6087939309422
194.6187746627539, 91.30318246840578
164.69486216358348, 137.25730480111415
142.31552022707842, 58.17166923043109
115.7842356318317, 65.3823751846871
117.41682103921445, 143.71211353172978
195.58492924264556, 105.2081876596269
141.42275746251676, 43.53151755972369
179.0419318603181, 134.200530509677
116.73909257351201, 114.72583751500964
109.8785140277831, 130.93079621959967
117.32065602498737, 194.19597805451548
192.34292416984295, 103.40804611499112
173.69330032971982, 150.1439884477485
180.88573951388025, 97.41561491061834
164.1459452872761, 61.89600433628486
179.00324399272017, 66.5324330231783
147.5916198021321, 20.754562486250983
175.95641641354445, 58.6588485333017
139.80882568912486, 56.688133790368234
173.53273486703074, 158.23327141622786
157.04714946258895, 33.72382345168678
153.65198553758086, 127.36329513675446
100.97881896827887, 59.74457674307374
110.53221117875697, 69.27558808250012
140.39954168173787, 34.58043473276198
