160
65.46567093667655, 177.0547293668963
0.7168619979359079, 101.87626520658358
12.331697574384348, 108.28164899720578
59.7350415754392, 48.91507218931114
95.8931823983881, 157.08650307373037
67.81704676744599, 101.86345496724839
11.697735575300738, 105.78695580961998
78.03830556719237, 89.47850474663684
97.36410210332468, 110.31216046776177
88.77965982965965, 174.66999430756482
13.860225396259942, 140.20653009727616
44.20647852672982, 73.97439887620867
59.57760996621491, 71.4581413566238
68.44596646490267, 126.10954225834249
67.36244201857754, 180.78823438610272
6.869653098422077, 117.58447088479339
3.2700047923116244, 47.51249990537769
70.58051002763628, 108.15851971192502
70.63316485000807, 111.305923575366
43.68055812351349, 142.07459684008458
19.700171427166637, 124.72628854870703
10.195287002459558, 151.93587664530838
10.65579294230691, 81.15007891564436
73.9747126422816, 40.65896682045312
77.73782646611335, 38.24508206901773
6.102340035755034, 122.97173480951031
15.736921292491758, 132.25292022364846
63.96137507986838, 160.87464938325365
40.40253720984981, 100.69078283656768
37.5825818395888, 100.8481571214765
74.34887416684313, 105.47704693521962
23.556101543597705, 77.35168672820993
24.45049359135375, 46.71663057281783
61.3384825629242, 152.6293569458196
40.18465528800243, 161.8006534255906
33.05268593698622, 114.51202301290661
67.44882109335202, 8.382811741245398
4.238066028525509, 129.56053164973184
54.26617239926161, 100.67813697882428
92.63914152987027, 14.239765840196785
57.05659049474832, 178.16055250722758
72.59647975345007, 103.02540343276254
54.84080337693723, 35.844039877755776
91.03053074121863, 74.8502202035392
33.02586387765311, 98.68282497173344
94.8725784659325, 56.05499072364617
56.78379709227083, 119.24555844372033
93.33267856664995, 121.84292265148946
44.54206298282273, 109.05681056944327
0.3931691571167164, 71.60893786397645
89.18060689685755, 178.32873750482605
85.65492907212811, 39.456964275930844
44.52675521878233, 154.8482713488309
33.33121963223776, 127.47710801304932
2.471812464161097, 127.58951051618934
56.09805710899233, 5.623050434359627
60.54364973243621, 199.813756713059
44.89883253360965, 126.73869090972515
72.54795124918098, 191.7224854744576
27.023770933946707, 95.01281409040425
28.154734440358666, 91.45971273234211
0.7965387674485633, 168.231498381881
38.07827537991659, 187.03462818533222
91.9913304684662, 176.64276381596088
41.49362951457016, 110.06053316239203
54.261070888928806, 132.09276137241423
97.54767167675018, 89.14264518427449
37.88169329210973, 145.8315895724029
46.86709060466248, 120.69155294374632
51.221018991074104, 34.67776147254318
43.58785328658763, 188.20502638657746
14.118693616575563, 57.569679122949346
74.59910628676136, 191.3144064894224
35.2667648164989, 110.41012470110967
37.555085755762065, 70.78893349578073
28.72789943926621, 29.97460029484018
42.74488535498577, 144.01722837050653
40.68776090786101, 158.5292262308203
20.153312624885174, 120.83331060027326
45.55600376934661, 96.67943320937393
106.63777303061708, 156.210821129046
122.45342780422189, 141.6627321118238
187.66830242561565, 108.28164899720578
177.97133302576958, 39.78633058571095
114.55429962913398, 138.43206581029156
149.27847947464716, 77.39717578965531
188.30226442469927, 105.78695580961998
101.68549803304849, 44.52017036868365
144.58084394355242, 88.7598356080403
156.8904181918341, 95.64749321801531
133.22283979209303, 96.28134395596916
155.79352147327018, 73.97439887620867
193.25377946247366, 94.72754682097164
130.59969571540478, 177.000358528083
132.63755798142245, 180.78823438610272
154.99693122339818, 39.75128787057791
116.77391880576312, 19.125918698848032
129.41948997236372, 108.15851971192502
114.1004195682598, 131.27590933263804
134.82201606007578, 96.36987075452421
106.53008247266128, 180.279674620502
145.73735231088088, 181.5359616137687
163.17223591764088, 146.5245671330929
132.4740962759932, 83.79766539384936
107.31118568749761, 27.01258279077996
142.9835479461514, 61.88777136609664
156.92564624614914, 61.09264147023408
139.8771508429315, 169.2844757809694
159.5974627901502, 100.69078283656768
154.8748306400504, 121.31530354269226
127.14406967655269, 169.90387953952947
176.44389845640228, 77.35168672820993
175.54950640864624, 46.71663057281783
138.66151743707582, 152.6293569458196
126.88931615118719, 180.9547222085082
123.55665618236095, 39.683664047181885
116.33468560912628, 27.812974868460238
186.64382505180242, 51.49989205724821
145.73382760073838, 100.67813697882428
138.18239245558877, 16.00928434120583
110.67535872128474, 172.50446597455758
146.7482576445924, 93.09727565153246
114.85406543292251, 15.185726344610062
175.03235715813278, 76.18829522495898
165.41048366767893, 147.4665883798041
105.1274215340675, 56.05499072364617
136.12703796515103, 134.11500241149776
106.66732143335005, 121.84292265148946
120.34676747770261, 78.24942497727388
146.24225275690387, 22.24537093495391
100.10416160858266, 190.73444112128902
173.5184876555652, 101.95035731235222
156.57236601881942, 93.81030004612563
111.867150629525, 138.69918944448114
173.33715958795383, 118.81678642729032
149.75484777620215, 51.8001136005273
139.8622066023101, 164.7983893834046
196.20904513731554, 101.93170088595348
127.45204875081902, 191.7224854744576
115.32500039760723, 126.92221112745816
150.69713886692648, 55.60862399117106
181.48269152573633, 90.18821364375394
130.4466593682793, 185.15958067465942
108.99306157808964, 168.91043504524708
158.46380286758765, 59.91618491150263
127.84830255045001, 138.45460011965434
102.45232832324982, 89.14264518427449
141.3821793104134, 104.74444440794916
115.82780126496205, 45.25799567880715
112.63358774042489, 84.25779657637192
111.66500423823483, 195.26034068127126
185.88130638342443, 57.569679122949346
195.18644308487305, 111.58740392757093
164.7332351835011, 110.41012470110967
158.78777704203563, 147.2185184266421
127.20899283972635, 35.85082863297209
106.06211860531836, 186.2662032139982
197.5389683927291, 111.64611307915943
141.41020660562447, 165.51707186048952
126.11634049665254, 91.20214959087059
