160
31.383156817716774, 27.802544097461123
84.5908136000202, 188.35750897306946
37.46877813802095, 136.67013303883678
59.781886352039415, 36.36994041217145
62.881529774873215, 22.33695460429597
43.27406682336518, 51.77239592168387
50.20511305487891, 144.21810561157517
43.86151747455629, 124.07207034536233
4.842360682603765, 165.77939612556452
70.66568000030666, 74.73239098012752
47.08804487997317, 100.7481035700706
65.39303456574324, 69.28099707042963
50.89485444417705, 153.27456789431457
23.440284379063733, 40.943169717714284
23.551709928777566, 129.89674042064408
77.15954767751941, 83.21657384279746
26.74321148237894, 186.09929013774095
2.7641944204296465, 7.43039301981021
13.890237178018971, 103.4543080717325
84.91456180647515, 116.65562836315213
77.62843723927395, 115.86380172073996
3.128036859672434, 83.24169624187607
72.73654365414183, 131.3272369883636
17.41193439666975, 172.16536392073772
33.751062146425184, 188.88103163359358
52.32662411328014, 92.10088645360837
90.47028142933968, 94.94658070830748
9.423701070707713, 61.017231753211654
41.57128401082093, 130.11979963020036
67.38664590824308, 142.7006593489875
54.472092835490514, 119.71459317052876
58.80732099023932, 90.7623362933118
52.07688462676073, 87.73710718202364
17.842188281723402, 111.88621178807675
86.31988676067346, 149.1219720980959
59.03184074302112, 80.52867243705141
55.64505247830937, 17.010510923252763
85.65841626806761, 167.52206286896737
71.55220263812227, 4.406251078134327
42.12477868647685, 105.9099647575908
49.874185500535596, 90.14525265742745
58.48633176129767, 71.53288271692637
66.22934903100463, 135.35555123377853
63.051286789777286, 49.465555767392246
39.08149242688116, 95.1636522540408
60.21217444797276, 37.966030845903035
20.867685154805628, 80.92071934289619
77.40866124662207, 192.64158694166775
54.10106880344906, 185.08513772962934
52.07135174227392, 43.81491072417445
99.86457026788284, 191.2966465436766
83.42161851066786, 194.91744896273272
97.54567879563533, 32.80590653152744
4.539021077637809, 34.37924714475671
29.609494785805502, 92.83994119986932
17.399994041059244, 98.56036190115256
85.29028506105135, 118.87589772022294
27.34017830325801, 46.17035846924424
51.601295788312626, 100.27307800508194
52.79283085543918, 125.79930234970196
39.48118731694076, 87.07460063505785
16.351505887425425, 128.45495307203296
17.90619785797254, 88.23800123945264
50.186486050957015, 129.22312614764485
7.146192581716122, 23.302524818226843
77.14769921129782, 106.25130181999502
48.06123938449186, 72.57450616440045
45.862317291967564, 136.47700620064995
28.825922700662097, 172.75410691558938
82.12080928573698, 127.74392482887254
5.9253084900071045, 113.87835086770968
73.0982454187701, 128.5421152537128
69.83021371079568, 182.74109488306703
92.47310832388366, 15.143227964105876
35.23114584240581, 38.87553984639403
34.690402599800905, 174.2370736638279
62.3208102516809, 117.84105755257424
62.95279182869737, 110.61014204775441
41.92109772024397, 127.62403111567497
62.3958374185479, 183.03855804851915
168.61684318228322, 27.802544097461123
181.7493292169459, 141.13228975047946
162.53122186197905, 136.67013303883678
140.2181136479606, 36.36994041217145
137.11847022512677, 22.33695460429597
138.37763704601926, 74.51467896137612
104.48057043966405, 153.78869880486835
156.13848252544372, 124.07207034536233
175.30953869868287, 125.39467200178524
129.33431999969332, 74.73239098012752
152.91195512002685, 100.7481035700706
134.60696543425678, 69.28099707042963
149.10514555582296, 153.27456789431457
170.88868431578504, 52.68890930970238
176.44829007122243, 129.89674042064408
152.3235474810096, 47.25046629252445
137.9166229531983, 156.6344974882565
125.08179418356356, 5.109461221275224
186.10976282198104, 103.4543080717325
115.08543819352485, 116.65562836315213
122.37156276072605, 115.86380172073996
196.87196314032758, 83.24169624187607
173.8008656393995, 107.99340865488713
134.24186687002418, 158.93934963916075
108.64275118846483, 140.4764855098595
147.67337588671987, 92.10088645360837
109.52971857066032, 94.94658070830748
190.57629892929228, 61.017231753211654
158.42871598917907, 130.11979963020036
132.61335409175692, 142.7006593489875
142.81235055485377, 114.19654217007896
141.1926790097607, 90.7623362933118
147.92311537323928, 87.73710718202364
156.75159959408785, 152.26937447838503
165.66919089474985, 81.79159554005577
140.96815925697888, 80.52867243705141
144.35494752169063, 17.010510923252763
114.34158373193239, 167.52206286896737
128.44779736187775, 4.406251078134327
157.87522131352316, 105.9099647575908
150.1258144994644, 90.14525265742745
137.12084800626783, 114.19650787678945
133.77065096899537, 135.35555123377853
136.9487132102227, 49.465555767392246
160.91850757311883, 95.1636522540408
154.1705656746521, 19.51942534858919
179.13231484519437, 80.92071934289619
168.62873018243477, 127.2574606695368
165.3593351902233, 116.69851728712777
147.92864825772608, 43.81491072417445
100.13542973211716, 191.2966465436766
116.57838148933214, 194.91744896273272
102.45432120436467, 32.80590653152744
169.08208447313032, 53.50594352879212
170.3905052141945, 92.83994119986932
121.7658515693867, 92.33549651943875
171.74468228636718, 39.30802893245284
172.659821696742, 46.17035846924424
179.05926823652442, 70.54425356275738
147.20716914456082, 125.79930234970196
123.1006491409755, 143.08741350829024
126.30864748555291, 174.89583148529454
182.09380214202747, 88.23800123945264
116.04295825537871, 69.32320368681482
117.24978136022489, 100.28314014255106
122.85230078870218, 106.25130181999502
151.93876061550813, 72.57450616440045
136.8908684020516, 119.29952846113383
159.57612188839394, 101.77944644275033
117.87919071426302, 127.74392482887254
133.9671789923793, 73.18238047670395
178.11920419893735, 132.74814167868553
130.16978628920432, 182.74109488306703
107.52689167611634, 15.143227964105876
164.7688541575942, 38.87553984639403
164.22734023629022, 114.3329928253227
137.6791897483191, 117.84105755257424
137.04720817130263, 110.61014204775441
158.07890227975602, 127.62403111567497
181.36372830769997, 144.31028999059922
