240
61.88409229152613, 36.48452245200731
82.44688074775516, 113.9375165021719
93.1782615388812, 181.7386286215614
18.775737586167125, 74.85287625607728
30.62509302402355, 6.829230176235534
77.74944819079136, 50.1405537915796
55.027986332263275, 137.34343563582462
43.607485831446105, 95.84176520337667
91.0110326794488, 184.92202774118556
85.17521760977785, 117.06896283566198
41.842323485700554, 137.7384152475968
5.371165113176836, 4.07684980184505
87.32083921968027, 112.36061456377132
77.07807070782248, 0.7300759501697982
1.945880584384085, 138.6059388917417
63.83381929661613, 8.1682451176842
53.36512967977424, 62.85347087367282
44.11164368581503, 73.69678366322495
81.1931426331865, 57.29466041679097
25.072488072019794, 82.71413664354328
78.8141316335809, 184.4356581570512
49.317078012819294, 68.68100791316405
57.975785763469375, 36.10534321501652
11.552081478962393, 71.4042568451832
70.739196719484, 96.55449762643583
60.846814963341664, 40.12699570495158
83.27702350869703, 37.69712146013853
57.22419955501503, 143.0735780407461
79.74422438788818, 163.64690967315235
85.4614911372324, 80.83599359638299
7.597784414282579, 64.65585698625945
39.5318293110815, 71.510485194448
68.67101783523341, 85.65652123845481
17.60706065526125, 158.22414487366916
23.15003998918425, 57.337452056004594
0.13248403436070433, 10.89794526831568
79.45956618853788, 110.25206551623532
88.20612329711614, 42.92317160147973
16.615363878833463, 186.10891906601057
37.91673067547582, 19.071285974887985
28.093098981555002, 157.62883963085514
67.39918701771052, 74.36943245307918
27.452085182018692, 33.996358411169595
81.44433863999558, 79.43406582831707
93.50016987331992, 45.153973100809196
65.86336098897368, 160.5063469703178
74.83962092626723, 131.83881982691958
56.098107158420675, 82.55114104874434
70.77856199497592, 0.675980699410843
87.59387087943715, 194.8590075947376
34.869860008265675, 19.28420790549209
70.42815473718917, 26.653499647387747
23.455577563876297, 138.26700949968793
7.977432724351473, 37.11865121504337
50.65994568429245, 51.24909942957108
35.26594711507766, 52.958165966982605
14.234341343226028, 55.89883005801685
8.86439915375422, 96.92390622790553
50.607633662663474, 21.61360278410578
76.45462671134838, 58.11313374228442
27.965512059956865, 81.18059961244776
54.33904767064525, 43.456399104019695
92.07824092740742, 135.8437463161695
30.24233531350125, 146.86430741701082
86.09317888818656, 185.83395240179007
50.49217620950037, 42.64319515540475
51.49681066776248, 148.51030924715752
10.085737892420426, 107.44598485056375
94.09150243490484, 137.92425496991223
18.58827758048301, 160.7767896449763
0.63022299093101, 79.3086154411937
21.28737464176811, 102.784758664867
43.37835470731772, 68.90054780531032
37.00142536297177, 91.47775995471294
13.063543899423479, 6.9032774173257305
7.659825032203344, 182.9498061251117
97.59964140904208, 116.84770327941
47.81000198711328, 57.85816200509747
14.675337895348349, 124.1151746302318
47.49823098561618, 113.16881356835158
11.80241320455535, 57.542730053881264
98.57052916170869, 188.70093836773057
10.82598218649652, 181.8324246696833
73.84491007216124, 6.405943638168732
83.84704429620737, 31.28618051128962
55.56974478859593, 132.15793320559962
53.74640654775299, 24.891793528663996
73.41926486818339, 65.610886793146
54.95892081923874, 78.0157096668893
38.764663264346964, 103.62285274550464
18.41773412906531, 38.556755684910684
71.74045232595749, 180.17452722005197
2.874875677806943, 153.4244968438837
89.54507567022391, 142.64995836004636
37.04992246965472, 188.4969068965285
12.787593957063258, 184.95327992164704
55.62366857953961, 48.067548478891275
64.13231617282204, 60.43893044364439
74.28496508872009, 100.59823274071047
99.03821933037939, 45.313000636869475
72.91339141352744, 154.36587163679906
34.54206540763598, 81.24265765979544
79.62128843190237, 178.71397987829167
33.99328875296539, 116.28247131134415
93.88470030259107, 81.80414485839731
12.625711324788236, 16.99339256375525
29.119492894568598, 195.961886468192
47.37005898492057, 133.09707138077337
29.619388169140315, 49.66718673468775
48.46797490566208, 109.78222329359252
95.06007164957467, 119.46553875181738
78.15030670142542, 80.97890258857096
42.92774394022866, 25.418954587607743
95.40087865064099, 128.7520271302029
32.884246957733566, 103.07074758764536
58.56344216327803, 140.34493946025194
90.79817495760626, 145.10874512116877
16.625650249265945, 140.02678884902352
69.42171075977754, 38.84115234437602
18.846477597586354, 163.77911845549613
24.764398521247553, 70.84586429577546
27.243738500428428, 108.62748534079122
45.092202944572314, 160.11419395774703
0.3112458335194357, 193.0985899732168
56.462978474085176, 39.029452484619334
72.79900077473128, 166.95371079330883
93.62673576178915, 92.4272738953748
7.845790078365667, 173.8133271865406
94.82587959566432, 124.43275394094535
84.16307276151804, 88.88525036814244
92.63861343706964, 149.7983921126057
13.676478314477603, 77.65008980518007
89.14773945181369, 85.36733158269728
26.124423006955546, 149.86055072799937
97.41491326576808, 106.38473352338735
47.73903197717202, 120.31293542745942
6.457426008490952, 1.0331670460652864
74.70912393062066, 193.25509802568664
25.74261853485679, 133.85654495777632
64.51059613524123, 112.16217321196713
26.371957790493006, 28.216903375717873
20.221751834250735, 69.42324252175169
54.437748132387576, 40.417021057166025
82.45143672192621, 32.832893936363725
33.496414202027815, 147.98504025734945
29.621455682001475, 133.5530685227215
88.26722643482024, 141.2041350649867
89.12582153397976, 108.21980601295466
53.71574830417602, 21.506095335746124
42.18863020167324, 12.857600206718889
6.13279584746601, 170.1117145682784
17.03257932990737, 170.85107989341046
17.031896202945052, 145.00152280428236
72.39325161154862, 124.54708918773795
46.993440188905645, 111.07480768034183
87.60450375700697, 29.84193059610898
49.61623236309638, 92.26915814603076
16.920065605358648, 14.691876665094682
82.40871538153765, 97.21253609515017
77.61709954271502, 27.741602321672865
141.2559138153677, 43.89779424439746
107.61328168764845, 184.97959193905325
145.36905043395396, 131.8364276954742
133.72272921378416, 88.55870156350298
151.80011766746867, 51.7616088582264
117.15386247236059, 92.21161522582801
102.13193863469111, 177.8126792149257
151.7124362036007, 124.21121709102381
146.642684349056, 141.3559325089385
100.45180966509761, 91.06672699590914
195.5881911582741, 76.98425338335491
162.95828164059986, 66.41220514614605
120.25416797384904, 119.01776820283911
167.47321205657965, 32.42967833988413
122.05711409994147, 63.75315053901116
131.24909843466781, 8.558596025772381
176.63345556299103, 74.30461724031187
168.73252891227972, 62.12934594755104
113.82383964688007, 37.646811950085215
113.5924397267846, 121.21145823079738
164.09330742875215, 152.39635728131657
111.81744775321938, 129.43129430409587
152.93867742939986, 49.48008961334338
111.88154996664295, 147.9328723562937
187.87310468283795, 88.97496209956057
182.8676366240237, 119.88400723924437
155.467426866251, 98.21052966135322
153.04638324776204, 170.12436456989568
178.43255782929302, 84.51581988392522
101.78094451562112, 2.805697307746846
158.059549897622, 60.82472541333648
133.4612219698995, 62.08062867429975
102.19855027759297, 10.250016352192093
105.384368264833, 119.7408194420783
178.85835559848908, 93.52484183998706
170.1468472489331, 80.36806217407737
141.13777175335562, 70.39642446476026
130.9639246872451, 37.182051352306964
133.9095212056435, 115.72804996965165
115.24601240418659, 38.406022319990754
119.29931890094717, 176.1535433989439
143.13245595050793, 23.089321343844095
108.72818818056503, 98.94698973879505
114.57100254983901, 66.99869768544531
151.31160641126866, 105.85597691041066
114.6898434434614, 136.35819802732016
130.539073673114, 106.88073936067495
151.17010659025658, 97.73098834602274
132.2949733608437, 71.67494521703506
109.63689922807474, 199.20515028097168
144.93687302200254, 50.500231661860525
101.07604646859537, 105.1132374293783
179.09484712366344, 152.269378705576
138.45372811002804, 74.50204912195844
103.06775159796359, 29.564728365846427
112.61615725167971, 82.95447022831269
137.19786334490294, 38.61943708929423
163.3777337143726, 40.093852050861514
179.61137674829212, 82.73259348133095
171.3216098806825, 63.40021072152098
192.78750272435374, 130.73863320877413
121.21730130578318, 61.45304640170297
117.26155558923075, 194.99020383066582
109.824427126712, 174.07497727607654
132.07539237208664, 149.07328159883696
131.27606400468403, 76.92677954633751
165.83520197345334, 153.51471904774945
131.79080784387594, 142.46134523631832
159.4922091580341, 102.46123104078939
130.14184101502747, 114.31597965757727
149.8247797981085, 114.52838848008038
129.0805776754142, 41.91207630018381
154.79038963457998, 135.18248846341075
156.04421146485424, 167.31061380099464
118.41043074859795, 12.453802133256309
127.23803437490547, 157.66821128622607
144.422917196064, 126.21875569243566
129.881782409028, 23.075551087533274
159.91443456543595, 121.12147965054803
138.57808960609512, 149.33953459592897
