192
90.19323987838594, 97.10236057786854
78.13698315215754, 152.7440418715593
50.78260440242218, 20.311371812648172
32.84086920677329, 140.161432639931
78.52118388434832, 85.5114970368314
61.150441075310034, 115.29075581550569
61.12095888746575, 62.41566479538265
24.725166905517682, 70.15686245984108
62.99241959412228, 102.69935133096438
22.510184193184735, 116.88590341551802
19.835152338532723, 105.42597448448083
78.85385287500893, 172.11989864960736
31.56214362805889, 31.13683906633431
28.65672836781976, 101.13811423099762
66.5986822408771, 117.63856317374115
82.731167754316, 152.94273672021922
86.9524060558551, 78.11966647918149
71.2820555501773, 115.79416460070826
76.26940176571307, 48.60623256141763
79.7658235730487, 38.27212508822897
78.3807548524962, 125.11750097181651
69.57869589823822, 35.55024449985629
88.6157999716374, 11.812962127540704
47.69770747724411, 129.66752965812393
39.07617291522225, 29.838346846112195
38.950563328692944, 73.2597708633096
41.997634326638874, 134.10132284752626
14.616323031935497, 82.79559444130999
79.13071823789166, 69.37463880459052
31.206529917633198, 33.86473217446033
74.80130978364019, 54.119817929757154
29.946698518540472, 140.5382167509765
87.34146446461033, 70.23643459106653
53.95838298936243, 47.59641546265403
87.09228858819436, 7.095763746679595
4.987384609640766, 108.1268960540132
49.291074376068, 27.80111894579558
37.788877203391365, 122.26096558581803
92.47899701819297, 150.24484342603844
83.92416022402554, 13.641499393231582
74.40756820555792, 159.48566321532246
90.25493672672609, 173.46644618868635
93.30582616573454, 42.68756253084642
5.191677764248215, 94.14191132506396
55.78344672465217, 38.17128841500266
77.01815239139326, 169.43057186077064
26.24820404258964, 89.09051103983279
89.8330838834233, 142.7710330807754
82.92194542863473, 156.33500149213486
16.605058901581458, 115.03171554105298
54.27168580322794, 117.66756660768094
96.61669762106257, 141.29766939393625
51.540371085584546, 53.40633661971867
10.19700046684936, 107.10986288171365
60.75781779626395, 55.42583982577114
33.192896413886515, 33.424142059145076
76.27754750815575, 171.96329682390333
84.62364698379906, 78.80428453156259
42.08708187525436, 87.53213583438193
31.5426399738342, 96.79226952502187
67.10403608944927, 68.74271927212806
67.99293475119855, 122.41565975008368
98.24951409180619, 9.038305880609387
79.09973621496786, 31.422942974874914
17.66796865979562, 141.05372456849915
40.31485554391463, 116.00492523714283
73.93094914111937, 184.02537481762786
23.823428976239093, 159.30696950825018
29.256431682120677, 130.72072517259988
98.31820831780685, 81.28845396668743
82.87012123407462, 173.60203790535115
19.00877875763477, 43.44419925066594
83.99458986122688, 187.7728765709957
60.067956177576306, 119.24552312998568
4.545917732199234, 98.24239781112641
62.49237579462196, 151.40363435482809
34.33654738380773, 164.47839377588494
86.20070727417578, 104.04553307478666
39.1720770991092, 178.78763354185608
87.89810890833989, 47.98789552269358
86.42023055032547, 16.212586934245586
16.21884752240841, 73.91009967599298
68.12395328555914, 85.80842878014745
70.16215576570507, 65.34446189824187
48.416068283657545, 115.9447397312984
62.664800202665226, 120.68160915068167
95.63917294557191, 53.87646868291396
39.19912092571906, 188.4846890397369
52.03704438427496, 57.65720363519469
10.30719626327551, 66.99249603824502
77.28208145877437, 74.27963295024931
45.43331445001345, 85.68273487319944
79.77536661085392, 84.19571754241002
59.673470928501146, 149.85006749564468
52.57895620997303, 179.1917538696369
50.169087914230694, 3.6664172416056795
17.978906355407563, 192.54900890553915
5.433093750360108, 174.37582341890055
35.6953075343235, 53.32707430014296
64.25351068932224, 30.113395333921034
1.1913114526786228, 97.02220252746305
40.54082976716465, 17.285234552235764
65.15715256683073, 51.51763128709015
27.491351701531908, 22.635210948569483
31.11998228696603, 122.76102375780017
22.780644589376553, 75.74230529467914
73.0333881665658, 47.64123776343334
1.298208613651819, 176.00936951885686
30.250501822954156, 36.894598426745006
26.846203857139628, 35.46497109504432
13.66903194957374, 118.48521405320606
96.64339500939847, 126.080543205307
109.80676012161406, 97.10236057786854
121.86301684784246, 152.7440418715593
149.21739559757782, 20.311371812648172
167.15913079322672, 140.161432639931
121.47881611565168, 85.5114970368314
138.84955892468997, 115.29075581550569
138.87904111253425, 62.41566479538265
175.27483309448232, 70.15686245984108
137.00758040587772, 102.69935133096438
177.48981580681527, 116.88590341551802
180.16484766146726, 105.42597448448083
121.14614712499107, 172.11989864960736
168.4378563719411, 31.13683906633431
171.34327163218023, 101.13811423099762
133.4013177591229, 117.63856317374115
117.268832245684, 152.94273672021922
113.0475939441449, 78.11966647918149
128.7179444498227, 115.79416460070826
123.73059823428693, 48.60623256141763
120.2341764269513, 38.27212508822897
121.6192451475038, 125.11750097181651
130.4213041017618, 35.55024449985629
111.3842000283626, 11.812962127540704
152.3022925227559, 129.66752965812393
160.92382708477774, 29.838346846112195
161.04943667130706, 73.2597708633096
158.0023656733611, 134.10132284752626
185.3836769680645, 82.79559444130999
120.86928176210834, 69.37463880459052
168.7934700823668, 33.86473217446033
125.19869021635981, 54.119817929757154
170.05330148145953, 140.5382167509765
112.65853553538967, 70.23643459106653
146.04161701063757, 47.59641546265403
112.90771141180564, 7.095763746679595
195.01261539035923, 108.1268960540132
150.708925623932, 27.80111894579558
162.21112279660863, 122.26096558581803
107.52100298180703, 150.24484342603844
116.07583977597446, 13.641499393231582
125.59243179444208, 159.48566321532246
109.74506327327391, 173.46644618868635
106.69417383426546, 42.68756253084642
194.80832223575177, 94.14191132506396
144.21655327534782, 38.17128841500266
122.98184760860674, 169.43057186077064
173.75179595741037, 89.09051103983279
110.1669161165767, 142.7710330807754
117.07805457136527, 156.33500149213486
183.39494109841854, 115.03171554105298
145.72831419677206, 117.66756660768094
103.38330237893743, 141.29766939393625
148.45962891441545, 53.40633661971867
189.80299953315063, 107.10986288171365
139.24218220373604, 55.42583982577114
166.8071035861135, 33.424142059145076
123.72245249184425, 171.96329682390333
115.37635301620094, 78.80428453156259
157.91291812474563, 87.53213583438193
168.45736002616582, 96.79226952502187
132.89596391055073, 68.74271927212806
132.00706524880144, 122.41565975008368
101.75048590819381, 9.038305880609387
120.90026378503214, 31.422942974874914
182.33203134020437, 141.05372456849915
159.68514445608537, 116.00492523714283
126.06905085888063, 184.02537481762786
176.1765710237609, 159.30696950825018
170.74356831787932, 130.72072517259988
101.68179168219315, 81.28845396668743
117.12987876592538, 173.60203790535115
180.99122124236524, 43.44419925066594
116.00541013877312, 187.7728765709957
139.93204382242368, 119.24552312998568
195.45408226780077, 98.24239781112641
137.50762420537805, 151.40363435482809
165.66345261619227, 164.47839377588494
113.79929272582422, 104.04553307478666
160.8279229008908, 178.78763354185608
112.10189109166011, 47.98789552269358
