224
91.94376249603157, 67.99993352863305
56.76391978759136, 0.06495716358311654
95.46198429796846, 181.85503526129338
56.867787387231886, 139.70062237696703
78.92499744986377, 48.0076018397731
83.22539332554992, 83.55624072240063
89.87310124184431, 85.81840769080844
6.317699033721091, 92.22511790369443
97.5456805656011, 198.7030000161012
34.9130203796135, 37.172766683787586
96.6443695222953, 96.93480457032851
94.13089156223509, 168.3721720299075
23.379459963943845, 96.38954676947144
47.81715184356012, 112.53761162158108
2.379342428560239, 36.497479393698384
2.4632625223785816, 123.33071422428429
54.846472008775834, 192.3033308128512
40.038860129449375, 141.73034910390683
31.61314005756148, 81.06705537962388
19.744710507336947, 104.89091654791497
10.203576722949457, 11.870010876204802
99.75169993041601, 136.2358957298853
80.3195347182673, 90.54975443622055
68.74440706298361, 4.761464540887616
74.85320981170962, 85.82160928971172
55.520995474431686, 122.38781295656733
58.086870446242564, 95.67095907256261
46.38638904082133, 48.93353937595511
43.847207151599854, 54.97818502176071
92.9379339691773, 58.30021161696942
23.85468664291299, 115.73892561063029
73.80467232713717, 10.717529830984528
66.59285068685409, 116.29959087681887
91.33629208026895, 148.18943590398976
5.3766392989850615, 97.55970600626448
85.44104604327647, 195.67022268929094
14.805031163036958, 162.2649230959612
61.02019846968092, 5.722120692716167
71.88514376390633, 44.596274971881144
52.677885860660325, 97.95536480747089
34.19681406591519, 158.09163408619477
30.648109825189074, 155.0645425916112
19.002837436090118, 116.52184376577736
67.18542767771378, 109.445408446973
92.28656920263086, 2.1920967075278908
28.733754895660567, 100.76555448055448
65.14064343337228, 7.59394950199721
46.27519487328951, 127.7781906709996
46.95308322256608, 172.64222637742353
47.79799904685048, 115.58851169285681
26.92525827883474, 104.61028431467554
19.631500414499804, 60.816737785260685
59.56743413531435, 164.31563329407442
80.26453643523857, 108.24554370698014
17.260393925631575, 171.20908186019193
78.7068248059661, 81.62723579832637
85.42943978941264, 122.02675250827373
66.00415379935626, 98.43342539211565
19.07969238800065, 157.06564901040375
98.453280817273, 17.55709962318653
46.39134692647736, 148.87915629452397
12.014190495480126, 106.35231359551791
86.12404426255011, 125.97427270952778
27.622206190148574, 153.10182496829964
60.87130334740765, 54.07766589644605
54.28517156506104, 123.44001804189283
82.58819459098572, 19.846248081592364
95.87900174424848, 33.89384313496442
55.150959002763585, 130.97952133223808
22.76922615310137, 110.8045201480395
49.7019740847496, 103.14068529394567
71.14989618524764, 126.73598161584414
59.34782391760017, 8.741822079900729
34.48778692963894, 78.98491460139672
70.24379523492456, 140.11114508240433
34.382961716790874, 175.62555298878002
65.0128104536825, 108.37740951359072
10.738031036675288, 77.72138145285416
51.19983120328346, 181.5649183461325
79.85697429793142, 51.45587610186257
71.07604504614336, 167.34080989566445
93.05128737875194, 141.60673428630508
75.40830581005463, 105.29799367322907
81.31067197287787, 134.691225174182
31.419382887491466, 129.44326452154155
61.735129693988114, 199.85955987387058
55.75375061130795, 62.198506195201574
77.08894139991249, 89.5615945967868
27.02995613235043, 46.5948046780585
54.030981963390936, 13.36516057084558
65.91584084136487, 91.07572772220492
47.36346679909996, 59.69459418256089
40.94875351685803, 86.18136198182562
10.531637606336918, 124.74418350303613
68.68142005815773, 11.980352967601027
68.7667469327503, 181.93496556362544
99.72869247023976, 184.5796605134912
42.85884832253918, 91.53432975377096
12.345256660182747, 51.35632818467395
38.280418958681665, 174.1207275258849
24.184510211822797, 0.16162709539120357
4.077010509574097, 14.933664250593681
46.49748048787649, 42.34255142869567
53.40676450762562, 9.345017263621136
41.098228096262304, 56.79330248651735
49.44500915818756, 113.38582365409309
48.5633706138197, 170.2117462798699
90.69422777732403, 65.41360885009458
93.7302128782231, 181.32797715027905
55.276206330851664, 20.039511419716938
55.4269078131283, 81.20691525114268
64.20821148312591, 124.95469511485746
48.67632947926317, 84.87669789506494
73.13874951805654, 94.65081206391216
41.317816863405376, 44.21141031762075
36.28997179665217, 72.5766624528825
41.391541562862585, 125.76890112329662
28.064710393114687, 44.86584676958829
89.70499357764422, 27.10792246224114
26.72804716349041, 68.97389845009212
54.527140863280756, 76.85735089576065
55.13917697784964, 182.4022317401568
37.96826243851344, 10.461921356865723
90.58030379868302, 114.21570891783648
80.54153666931303, 69.69881049773021
18.96835199889494, 99.81123664354672
90.41476440220993, 28.78147432455642
79.52113986440177, 20.789620697137078
12.874905706583961, 10.894592709590256
13.815808939738528, 6.534826417773809
24.178452041883336, 7.953768767626057
95.47744707348198, 129.4247421242557
10.35918626654383, 131.40740282024353
9.735797484386877, 100.14506593163404
18.513539097914787, 17.68928512522594
86.34076635397741, 89.40182353532037
75.78969557766506, 56.15850952330048
22.37948684588551, 140.15129737537504
46.461495492446566, 76.22446177335107
14.546095387157365, 78.46681102410633
38.965357509346276, 185.69715571311121
31.919331496561444, 54.93566735755766
8.626624546389483, 31.235641318623575
30.403255638303172, 21.27782748108562
186.46711718301137, 96.95873765175367
154.24571813892146, 75.91946088764432
104.53801570203154, 181.85503526129338
128.87489752994003, 103.02448736678585
166.33247346231434, 71.34220409260736
116.67674411557014, 140.21000378786925
186.07171086657596, 114.54295486418886
193.68230096627892, 92.22511790369443
177.12775881608206, 119.37544015006986
164.91898492265642, 26.745403567022976
177.4187909502321, 51.73773554880754
140.79234820477194, 178.15159182664107
133.14981840090775, 102.92726943830688
176.2822075537584, 48.70993867599744
172.98074829141558, 66.31405881659363
181.40234799941715, 138.77207605980476
121.13285831509867, 123.7276150991599
126.37593257824115, 131.86883161916344
126.58487345093731, 3.7114473893957056
111.90631162761704, 132.69265771191814
135.12738202349894, 82.01628772259421
173.97168359286516, 166.97232729936334
174.77429626196562, 162.91935017093488
157.49392257120866, 38.15365973496263
145.21970273972033, 161.08274415024385
120.24721639573146, 69.4270940559627
175.59751481666788, 104.61600852174422
110.33225816526529, 96.38429218185378
156.15279284840014, 54.97818502176071
129.33601689652147, 137.48094254042243
176.14531335708702, 115.73892561063029
126.19532767286283, 10.717529830984528
110.14197540495908, 94.69084099663382
151.8423341904683, 134.75411069753127
141.7650822394683, 160.99430537006975
131.07997128767727, 154.6282054382844
115.78009948980463, 181.1306340231937
178.11778953851592, 44.7473003701591
135.98449256447446, 90.31183419017863
192.07247294611597, 93.23167601798465
165.8031859340848, 158.09163408619477
159.42668957957824, 120.06108710614795
135.65672366441663, 73.03084059349527
105.7959761185253, 150.16209266116084
107.71343079736914, 2.1920967075278908
171.26624510433942, 100.76555448055448
134.85935656662772, 7.59394950199721
153.7248051267105, 127.7781906709996
143.88615341560316, 102.98465892493063
162.64019160418485, 54.75531302446559
143.78685648157403, 36.8124987380692
144.73469324450787, 136.7996611589498
156.96209186120097, 141.08376128262282
121.60901685077303, 34.254335546117474
137.98574125916758, 100.65065661476721
166.441396646564, 91.22493858093095
182.53928260032507, 122.36311164852663
160.23469644128934, 59.48984408690925
135.98996923014283, 186.0108460710402
142.77287059892674, 35.3258374265188
153.60865307352265, 148.87915629452397
187.98580950451986, 106.35231359551791
142.44734712974412, 175.8687684240608
102.20562720330334, 177.03778512859301
102.64076056914587, 67.3833473942557
189.10805016599977, 100.25998852771308
151.12462313355792, 55.0494876192497
153.4690964798156, 58.232191952302024
144.84904099723641, 130.97952133223808
128.5135960678295, 152.54497490198196
175.0842110522197, 113.27570726294131
128.85010381475234, 126.73598161584414
104.99646917443604, 37.80326536089538
172.23753519923807, 40.583069114218496
129.75620476507544, 140.11114508240433
115.10720033304797, 168.4397538506167
159.24133121821353, 54.0165643887635
189.2619689633247, 77.72138145285416
156.33398428770576, 182.51825872122666
192.40477605581862, 77.2813201276779
