160
24.296597620477677, 82.52774097534268
46.48224987623215, 166.3918217364274
65.03420431563406, 184.65495783919488
92.6537488696247, 194.55859288578478
89.81043996485113, 91.23688952712763
85.22405041086674, 135.86169095251012
86.46809637735788, 160.74763931757084
30.354087820799602, 120.08477285604862
87.22895734817658, 91.48343072930672
84.37090558789549, 94.05422502580487
75.40455827510357, 13.549905141726182
59.226472757175365, 104.03524104492764
74.66048277526156, 127.18305060389908
42.1283977339497, 63.364907060548894
75.00558225906609, 94.25046047512409
89.55656418012275, 36.68587921411437
16.457051904025054, 153.18938894168957
68.21297482525269, 122.12169013783434
74.50075726224054, 85.27214338916905
69.70635453731342, 83.2898997385509
93.31061676982256, 152.1826864530193
70.41254930686807, 50.72399266897152
12.055361441325374, 74.7209680663588
34.497533134843536, 117.9273532327892
28.74149000025239, 157.75157956203384
7.6157649304442465, 129.96608906333057
51.14338542989542, 55.37425587666338
55.88469460816848, 38.37212040598548
30.50383621213646, 57.528289114414854
78.74797502273194, 131.6665796744666
81.71984577253973, 118.93613442198976
53.390318192920546, 110.36872829351631
73.09071648918278, 29.979631804529983
13.088113985360595, 139.48353300652224
92.2703962283088, 25.720962520671996
41.86741656646694, 66.91474477390138
37.898293847401966, 176.15156361899105
86.52505476876517, 12.868453287620852
54.571833722660124, 105.8641558848069
60.02500747444353, 150.1917130421726
14.559172359803307, 96.76598744383702
72.882659139984, 130.27469902333723
37.362749094645345, 108.8453304568177
67.85972565239993, 128.39824513558364
99.94216127839731, 59.429325264193686
98.69268289796146, 57.43017304228808
76.35188647067592, 46.31565967363089
33.02999222098851, 93.00331662273112
69.6102879386384, 53.2025188156386
25.558111400114612, 101.28006827128438
43.34320446846884, 76.63291565197687
75.53543870645227, 58.64739704230602
39.64638914523856, 24.170344833638644
21.73053287013356, 68.35644968176054
48.83607801158557, 125.98732215508576
56.391573434835095, 109.30596720490628
91.27535091234788, 77.94008272822997
63.52229383888596, 150.72052684660414
52.282666073746896, 43.55112475508876
56.65471624842288, 68.23988846166256
53.131877015528026, 165.5630656915074
87.69516973039966, 94.86412633509953
77.23541223829345, 185.2808440168165
67.63745236550646, 143.888650793839
43.48270049566516, 140.2826653532864
19.46622342146528, 114.27054945849507
28.519761112343833, 138.3298745811715
99.2245845293974, 182.47008397482443
54.22769369610474, 140.81208481938953
62.81182536446015, 12.971331940193975
91.93148266306466, 124.9399922162997
89.35600590759275, 196.50564523694536
99.17400824865116, 86.20383610729067
74.16415040387989, 174.33987253602083
61.30935867474542, 77.14532455182572
77.16744516365435, 44.13805083365274
26.120713584523635, 92.05144029874673
62.84210910047361, 162.4407420074142
94.99419691769532, 31.691178778153862
71.61398893288991, 124.50467199797875
175.70340237952232, 82.52774097534268
153.51775012376785, 166.3918217364274
134.96579568436596, 184.65495783919488
107.3462511303753, 194.55859288578478
110.18956003514887, 91.23688952712763
114.77594958913326, 135.86169095251012
113.53190362264212, 160.74763931757084
169.6459121792004, 120.08477285604862
112.77104265182342, 91.48343072930672
115.62909441210451, 94.05422502580487
124.59544172489643, 13.549905141726182
140.77352724282463, 104.03524104492764
125.33951722473844, 127.18305060389908
157.8716022660503, 63.364907060548894
124.99441774093391, 94.25046047512409
110.44343581987725, 36.68587921411437
183.54294809597494, 153.18938894168957
131.78702517474733, 122.12169013783434
125.49924273775946, 85.27214338916905
130.29364546268658, 83.2898997385509
106.68938323017744, 152.1826864530193
129.58745069313193, 50.72399266897152
187.94463855867463, 74.7209680663588
165.50246686515646, 117.9273532327892
171.25850999974762, 157.75157956203384
192.38423506955576, 129.96608906333057
148.85661457010457, 55.37425587666338
144.11530539183153, 38.37212040598548
169.49616378786354, 57.528289114414854
121.25202497726806, 131.6665796744666
118.28015422746027, 118.93613442198976
146.60968180707945, 110.36872829351631
126.90928351081722, 29.979631804529983
186.9118860146394, 139.48353300652224
107.7296037716912, 25.720962520671996
158.13258343353306, 66.91474477390138
162.10170615259804, 176.15156361899105
113.47494523123483, 12.868453287620852
145.42816627733987, 105.8641558848069
139.97499252555647, 150.1917130421726
185.4408276401967, 96.76598744383702
127.117340860016, 130.27469902333723
162.63725090535465, 108.8453304568177
132.14027434760007, 128.39824513558364
100.05783872160269, 59.429325264193686
101.30731710203854, 57.43017304228808
123.64811352932408, 46.31565967363089
166.9700077790115, 93.00331662273112
130.3897120613616, 53.2025188156386
174.44188859988537, 101.28006827128438
156.65679553153115, 76.63291565197687
124.46456129354773, 58.64739704230602
160.35361085476143, 24.170344833638644
178.26946712986643, 68.35644968176054
151.16392198841442, 125.98732215508576
143.6084265651649, 109.30596720490628
108.72464908765212, 77.94008272822997
136.47770616111404, 150.72052684660414
147.7173339262531, 43.55112475508876
143.3452837515771, 68.23988846166256
146.86812298447197, 165.5630656915074
112.30483026960034, 94.86412633509953
122.76458776170655, 185.2808440168165
132.36254763449352, 143.888650793839
156.51729950433483, 140.2826653532864
180.5337765785347, 114.27054945849507
171.48023888765616, 138.3298745811715
100.7754154706026, 182.47008397482443
145.77230630389528, 140.81208481938953
137.18817463553984, 12.971331940193975
108.06851733693534, 124.9399922162997
110.64399409240725, 196.50564523694536
100.82599175134884, 86.20383610729067
125.83584959612011, 174.33987253602083
138.69064132525457, 77.14532455182572
122.83255483634565, 44.13805083365274
173.87928641547637, 92.05144029874673
137.1578908995264, 162.4407420074142
105.00580308230468, 31.691178778153862
128.38601106711008, 124.50467199797875
