160
33.994266230470814, 140.2067957904942
42.39381696199952, 69.2894548747001
34.9067511460048, 41.024337337405804
87.50529137705762, 140.6622276122725
71.81356963002783, 108.11147642898831
17.751724438852733, 62.901507127268985
94.88260244890368, 192.64691623775474
68.81847773805451, 71.55898386007591
58.1592453951726, 58.20285760162842
2.5512582170345475, 79.36768463107433
59.394557299354084, 132.43470684270773
85.48136867167644, 34.64576743987007
57.39354025829147, 146.01828898556218
83.0806117181756, 61.1655425497102
77.03522380965994, 25.347142510111475
26.64832366401027, 35.24731237244664
76.4063755561023, 88.02377022183146
42.36091546087444, 115.6893158304133
63.84890774890959, 60.37998023352274
37.22021811475966, 197.43913053325434
10.229868296450611, 112.46752794292523
25.226189611826342, 102.36873078761303
54.90909774591061, 140.64468038035
21.38713300358073, 95.64720126269464
25.315988532040848, 68.37295669219023
17.950011703131395, 96.8811204993438
69.98487250986737, 154.01322190205826
52.11077868784378, 186.84673172884612
86.63545875137754, 13.282720825433646
89.86511022878784, 69.86526421007933
28.669271742118763, 122.70425484317077
26.428366770728324, 23.376993268486927
68.69390226285093, 29.603599942258562
37.2497005638864, 49.45540126447072
91.02876224952988, 29.72923051187677
99.68479153328744, 73.92575571531424
81.27599137788334, 112.8049449898253
95.93340886104843, 55.07797264003435
36.05428980435605, 69.20370229823074
74.62628486290772, 192.48172109554963
91.46465742289774, 131.94762872300393
47.4010173092782, 165.8653202524189
1.553066029797301, 101.51738743212123
21.58236313200166, 104.53286251142566
27.542868888504437, 92.39228864770277
94.71473283890361, 127.08464469188516
72.12244013611691, 123.65482659519867
43.72084972783334, 81.71428384968445
58.77917095925655, 88.6442639034085
84.16056595773681, 121.5918591199541
77.32480167408124, 21.153443335377386
49.2455473924278, 167.4071569911873
81.15931792688613, 126.70717944758961
43.39863558252628, 109.63179027148318
49.85761473146755, 69.11019618392208
74.64562235780741, 43.38962334101755
51.48208393653686, 165.2376974169412
66.28696139081879, 34.77074106184721
53.323596380704, 184.18792416630282
40.71906380061775, 108.72627017973761
70.09331853773386, 77.34348951171033
38.89454957001808, 175.78184060394648
82.02544779694361, 78.71441782944126
15.963661272540193, 188.70675095269286
41.608198440662406, 59.825321211720045
57.7347599993816, 181.0794645641644
86.1125731318369, 66.80005123102906
49.51432147376882, 55.20830909108325
82.24637636774666, 149.84104098598308
87.40574250981689, 65.3573352997967
74.24844616579823, 41.33149401712257
96.62519294986024, 17.109381552747706
30.176245048828644, 49.208745403790985
86.97472524592641, 23.69878560227432
40.27441651943925, 74.67189086947015
21.859661282528307, 168.73925445990858
40.73511880732315, 144.04238752090214
19.30910364597952, 122.08318952178011
24.139704566101244, 144.80563022399167
29.491503777980526, 137.58175894132057
162.7674047636462, 177.08187067377747
105.64397692618077, 114.135441561739
165.0932488539952, 41.024337337405804
145.40059243340153, 187.35525724780604
133.86416527431493, 46.54937866196411
182.24827556114727, 62.901507127268985
126.47441856560377, 177.06384543266233
154.5925105991348, 135.15219231231467
141.8407546048274, 58.20285760162842
170.39504689669897, 120.12861195138645
112.61192950338076, 136.05226264420986
114.51863132832356, 34.64576743987007
142.60645974170853, 146.01828898556218
116.9193882818244, 61.1655425497102
122.96477619034006, 25.347142510111475
114.04598363327159, 51.3852610508746
123.5936244438977, 88.02377022183146
101.27063197317787, 48.082680596641666
136.1510922510904, 60.37998023352274
117.61172785294357, 164.43670892256097
175.62338216896288, 153.82298383871378
134.7015095852716, 29.36216281893391
145.0909022540894, 140.64468038035
178.61286699641926, 95.64720126269464
131.2582630439963, 117.20435268925935
124.2015240461109, 34.586793020527736
108.54663827405278, 164.5108848148498
183.88741661503903, 153.66494080573466
113.36454124862246, 13.282720825433646
110.13488977121216, 69.86526421007933
171.33072825788125, 122.70425484317077
148.85435478536718, 38.91506602009267
131.30609773714906, 29.603599942258562
162.7502994361136, 49.45540126447072
108.97123775047012, 29.72923051187677
100.31520846671256, 73.92575571531424
118.72400862211666, 112.8049449898253
104.06659113895157, 55.07797264003435
128.86818185281493, 140.03818335885336
117.01995996548266, 155.23795784552453
108.53534257710226, 131.94762872300393
152.5989826907218, 165.8653202524189
198.4469339702027, 101.51738743212123
178.41763686799834, 104.53286251142566
172.45713111149556, 92.39228864770277
105.28526716109639, 127.08464469188516
104.95275332074084, 69.88193972282173
153.99360853482472, 55.73225799976209
141.22082904074347, 88.6442639034085
115.83943404226319, 121.5918591199541
122.67519832591876, 21.153443335377386
150.7544526075722, 167.4071569911873
159.3075413236116, 150.70375386197517
175.134069102814, 52.07758572459922
150.14238526853245, 69.11019618392208
115.59220741815757, 37.33663512193457
114.10629725442377, 170.85233812560298
133.7130386091812, 34.77074106184721
146.676403619296, 184.18792416630282
159.28093619938227, 108.72627017973761
129.90668146226614, 77.34348951171033
161.10545042998191, 175.78184060394648
117.97455220305639, 78.71441782944126
175.93390685273562, 124.46189976685508
103.55162365083784, 19.058915717888205
142.2652400006184, 181.0794645641644
113.8874268681631, 66.80005123102906
150.4856785262312, 55.20830909108325
117.75362363225334, 149.84104098598308
112.59425749018311, 65.3573352997967
125.75155383420177, 41.33149401712257
103.37480705013976, 17.109381552747706
169.82375495117137, 49.208745403790985
113.02527475407359, 23.69878560227432
159.72558348056074, 74.67189086947015
197.96005816696086, 89.66048648206612
159.26488119267685, 144.04238752090214
101.3960150245473, 188.97955859346723
171.62744733195348, 151.36971115035143
103.40249289678398, 80.07632404502462
