208
73.25061669871748, 105.61134375367256
32.62086915778962, 59.39451432774747
39.32913454828925, 140.56683173361
40.96273065805146, 161.1348259166924
43.94235281281952, 60.83409026827311
40.42937692608304, 179.81624915436782
65.52408507158478, 107.71344112297453
28.715570617146696, 31.997702183948796
53.078703980723596, 187.27961372642886
71.51646483204972, 106.91788739007862
47.106490680255305, 174.36043689261595
92.06983219574529, 133.21026960648234
78.2738460928812, 131.81698141273546
76.57292189833461, 119.08148026875813
56.380283673777946, 181.79307940553736
63.90689286335852, 192.43338932427662
26.021525500133883, 103.00356423683047
32.190197750244266, 47.02231099822571
53.682233270351745, 31.398987133768287
29.15291224134426, 157.34399304363654
60.71719370384716, 53.7699641022172
77.26074434640225, 51.47288416999105
70.10904116298832, 11.700921189589097
96.91791040296809, 22.1370797969001
94.33275295003047, 23.332475115699104
27.0248074522061, 78.26395272440796
93.64016407893745, 136.60496848445644
71.73773302481892, 47.258828566305155
68.61612589786613, 112.43747702273745
77.80362074974356, 9.743379441618893
18.36489859478276, 79.31355054616283
18.86485352189407, 103.91228911678067
8.825558713551018, 5.4973442374334205
44.81116180068652, 55.20258740989292
61.6669267727709, 72.34218950621785
48.08900927987676, 155.72514247114674
49.517830925178686, 31.493018903213134
72.84072831919457, 11.780185713285519
51.14740424024696, 54.358589447233726
43.00236605400916, 95.7861078486322
64.43021404961583, 160.75548058520442
81.74281163609709, 122.97578747243145
24.851515943559967, 120.88381573540141
58.689014041666624, 87.86610475607544
7.939338258071139, 73.63494654341032
53.56369920438692, 101.89577402507916
93.93213805765554, 171.17358999610678
44.848532250272086, 112.86799581049061
74.55886558418227, 129.7313281185027
23.066699276248485, 4.819102761404153
47.58655219139361, 106.51839648395196
88.02893586038266, 23.2892475667699
66.24190423726056, 30.79224170691841
79.66071148469032, 97.11968119443719
22.5855290548255, 28.731551949171255
25.594598321221724, 138.4081122812039
96.04617948472227, 75.28150940599006
63.44507554010901, 112.66115658171682
98.4727245025184, 56.88734047411063
67.9321734301973, 106.79571781622074
11.684708822432004, 41.1143799765041
36.620871374524654, 140.29256881235202
89.48053743764518, 56.380345983668875
98.81485538986529, 70.01031212962513
50.23409183463291, 140.4676299938703
60.986087711186016, 47.51928375383734
52.62110282778653, 8.768985149613343
10.644163257803749, 179.3917790968087
10.870156215283044, 140.10932419089178
61.62172586161017, 15.570305610588846
41.8431648348049, 110.10795417264663
19.502620120705984, 138.42709580449605
73.64772361670126, 8.904176856202952
74.20345150642476, 88.94812600990089
24.031876432070376, 102.62796068172712
3.033313416215022, 111.71793449223905
14.888393102974305, 21.296266249865937
89.56158598391217, 92.58688482770374
54.37454379023008, 93.79016812652895
29.131746766823483, 166.0880413035408
85.59150325433306, 94.08276255294246
30.606930603309845, 15.787912768899947
80.53081229745821, 49.51624607628264
60.50304547900447, 68.2956612616022
52.84468789044771, 35.609739856438914
64.82129464845117, 57.44293535520186
55.112813459112566, 146.20882865075478
16.96125684983737, 104.73602336322041
76.20183083270845, 104.61849046372645
85.79187516488213, 196.96565521689405
44.21564910293382, 115.83488495630438
36.032395145029994, 5.887997508368081
8.252295290681754, 50.57333532513284
39.281880984349485, 109.59383219004717
76.45021183242477, 178.02050576662432
35.810992401005606, 63.44551983988096
40.612957361156646, 167.21946580557704
51.77994355661916, 22.54820619105631
73.99756139776296, 62.178436801874426
48.58653686536722, 146.12276904181337
61.484538755725325, 66.1195440767815
93.40366799017157, 110.93151858406682
97.22189351420006, 39.56931605728595
93.02222564910802, 37.683026914171734
63.762437766855996, 80.95176997844067
68.90311830659428, 179.30480505209528
54.081832214807825, 37.795231344326055
86.3455525973533, 37.46970338861668
88.3865727521197, 191.1935910266298
28.9427885081065, 120.2697580736446
87.44551445747521, 133.86287428847496
2.3208289537297366, 134.9656348370349
8.882458894885382, 63.66601937749723
42.40525879882339, 10.569054812915901
22.05138400690676, 127.91780072501655
92.49958592408146, 3.4937560361838482
78.95474140288391, 51.210485791437236
9.197777738245405, 117.98374376196854
40.39160193522452, 24.629553732102337
34.58140161837399, 157.63025480816046
78.50130718937578, 152.95031956024906
39.79671169377224, 97.63457993406239
49.397334031291976, 77.02097557962672
47.67731744088793, 35.8602531133591
49.02116641406145, 79.12701654129823
92.28880636758974, 127.06246325323764
2.9441024976591845, 150.88064740803586
43.43361822108941, 144.9287837336493
126.74938330128252, 105.61134375367256
167.37913084221037, 59.39451432774747
125.88260301610215, 68.92888371308304
159.03726934194853, 161.1348259166924
156.05764718718046, 60.83409026827311
134.85722350558945, 175.5212844960219
164.4751995113358, 117.14113297061692
182.80142204310778, 48.476701649193444
119.83699416256297, 114.90076681344479
128.48353516795027, 106.91788739007862
152.89350931974468, 174.36043689261595
107.93016780425471, 133.21026960648234
151.78174915189078, 158.80650287661467
123.42707810166539, 119.08148026875813
142.5726550874699, 189.57276878105407
136.0931071366415, 192.43338932427662
181.13302822162694, 108.12627398513467
161.01115353461765, 23.53045185877982
123.49081364017833, 62.83645677070757
107.43765322629541, 196.7595707022902
109.44660012966106, 17.027472849265134
122.73925565359775, 51.47288416999105
129.89095883701168, 11.700921189589097
140.87046368546552, 31.10544048098969
123.65704256388649, 17.842564210241683
172.9751925477939, 78.26395272440796
169.86386701377373, 89.26951972345492
131.694176416224, 9.98996464698283
131.38387410213386, 112.43747702273745
122.19637925025644, 9.743379441618893
127.20371298029615, 69.90909109772225
148.49387412758523, 41.51752121787331
120.15472572965308, 20.1461369954022
155.18883819931347, 55.20258740989292
117.54602360480679, 130.68993792375875
151.91099072012324, 155.72514247114674
131.2903592403025, 47.48460298746797
127.15927168080543, 11.780185713285519
148.85259575975303, 54.358589447233726
173.70941859511524, 162.03945149067795
135.5697859503842, 160.75548058520442
169.08036488334744, 112.27832347691864
175.14848405644003, 120.88381573540141
135.77143170797635, 123.36847755653059
188.98798301848396, 91.01014009940415
104.33406400149875, 39.020733976657
126.05499952845331, 172.8511498295531
155.1514677497279, 112.86799581049061
138.0508709144803, 136.0853799416016
123.81581339639068, 83.86698897477207
131.7719929550984, 56.01275604494338
117.62941478429299, 75.21008879369673
133.75809576273946, 30.79224170691841
120.33928851530968, 97.11968119443719
120.6904746281948, 28.522710004141196
147.38957922646705, 167.46659390832937
159.44393534846057, 146.18948202606208
136.554924459891, 112.66115658171682
159.57468208540973, 87.23202475942553
132.06782656980272, 106.79571781622074
171.05420299732944, 107.47161345533513
119.76738993566124, 163.70234930756632
110.51946256235482, 56.380345983668875
104.18674938049489, 106.11587141590823
149.76590816536708, 140.4676299938703
132.9246563559617, 61.018111518237774
188.22915590544457, 87.26725038944573
192.53030895459904, 108.59215476875512
189.12984378471697, 140.10932419089178
198.75112072652985, 93.96946123935517
158.1568351651951, 110.10795417264663
180.49737987929402, 138.42709580449605
147.14396338594943, 88.15243134042043
179.56781233871087, 133.09037045846944
150.49507062728037, 66.58700146533711
196.966686583785, 111.71793449223905
124.10175093091176, 96.70090387423596
110.43841401608783, 92.58688482770374
105.65567561205349, 163.81718634103174
117.84990537246684, 152.78096585970698
