208
61.79454255950664, 152.7148720136354
70.55010930991426, 12.32407446362961
97.86422964906578, 120.2512960961991
26.70578435395753, 105.7923064229837
39.03887945818367, 30.683848884124053
67.13315186962649, 172.5238369717756
92.11804768420127, 130.24621006584243
17.64969718378432, 7.271275762593035
89.42947636255414, 17.459738679502948
97.33855497352776, 79.88686385645491
33.20711778178954, 110.28124255268223
21.665435219709728, 158.27050971577492
58.3402112778041, 82.63261529721777
80.33493755237235, 71.00062377440422
10.102694627317696, 79.30617163188646
95.38305049821845, 115.44374149957328
25.784764027329523, 154.87181724087043
6.689443957864249, 106.64036505951022
51.502819036801505, 118.25123797251709
87.8800864308531, 42.31492660923408
15.878899358768482, 32.29225399198282
78.20395497144453, 104.06521170678408
52.83134707835727, 97.79632974356284
92.02787852172985, 26.014442379886646
43.415520573425226, 72.6921136491944
16.687409831650502, 99.51452322583731
25.921983333167404, 88.7548692038173
76.38132045632901, 43.22170851098581
41.520189880214396, 116.96390280051926
60.27624099417677, 97.8216113162911
69.33488160653316, 167.27266009836245
20.673191112771164, 171.05405096836265
93.62278414943606, 174.60911088639108
49.10099839362035, 174.07960656611345
99.98134249353264, 117.81719465472518
59.56358106535684, 146.19302173515555
33.65049658444039, 43.20153285509936
2.1983804566268077, 127.70666508892646
7.51814437639883, 57.0066334229114
52.17886204210337, 148.4701117019308
36.01955010005244, 170.94188496209668
2.023330674907612, 148.91683415366364
46.77730660942064, 146.01880039946843
91.18645925988335, 10.513125150968161
59.40379645330414, 71.25732404614361
99.41517661102874, 67.2506639327147
39.06542197207341, 55.401310496776965
48.92995068869349, 108.42590600555879
96.3959297152065, 36.6469879772916
74.28218378381575, 80.10938103420841
50.76107227771115, 70.30506907701876
73.02738769606981, 141.35003122049616
46.352169973883676, 164.95508738270013
56.67599283020718, 106.3612931211622
27.23599231332209, 63.20625377784965
88.33399420649243, 151.01788275954075
89.25138428652859, 27.9226009263841
58.04762351787632, 39.2142602888721
38.00069366250977, 178.10575743513007
83.00997194503222, 152.89413297935263
16.0591699606301, 155.8607245644475
13.418824640799812, 15.960450704063234
53.728477708552525, 45.98127704059792
35.022390554573164, 115.88248839381984
61.62246468435842, 158.77996999005296
17.03936342328688, 114.93060034813392
83.84263784706194, 65.56126890827782
63.3859399643375, 176.12607053906913
48.427890325409464, 101.64670091399202
85.28515877813662, 183.214985535408
82.2561839675561, 178.41053911606167
42.53205635170622, 132.78591286873018
95.69661335438886, 191.40744940037322
49.711688360399314, 149.2350400328832
66.27702904197727, 45.97986532831201
58.997520535156355, 52.41771782518456
42.583035715985, 124.01184156583173
21.051973708481967, 47.98288715373786
59.03217874641682, 164.0830870808752
92.5575114455308, 197.86636248639658
83.52710189933241, 111.03996554209328
31.15619108990504, 131.78629033513243
40.05353042969036, 52.69130568650786
42.29281116425504, 42.36936358289978
45.25394208592017, 9.503412608508333
5.343265115679352, 72.78371634539398
43.12650642213956, 69.24561216769463
49.23509677562829, 153.1609023428768
30.77355978700309, 32.865007702740876
15.540633193647146, 45.03005236809876
97.93202784297414, 49.94305697925574
81.120645117234, 147.53569039575657
79.275519799272, 18.909916716317966
15.960453459531676, 88.59737000197423
68.16095088186812, 118.88922989698236
8.905685336582192, 25.248821603756898
36.922955938757966, 109.49042569959116
74.73526302945928, 132.43360901557566
29.159027871962195, 179.40061999885577
22.03329587861964, 153.61601723403692
13.12679303883314, 86.2812320523451
74.55391482627867, 130.69358049824697
98.08913882769734, 90.7101487158446
26.355942554030655, 191.9682179114283
25.282213805796637, 179.11668155272994
3.0456941101587476, 177.36145713085148
0.829997774162472, 161.8107099952636
30.6538832161632, 169.46688351313506
53.50741147350239, 128.7766251538149
56.51136470214646, 74.54977214664834
90.34217046476088, 42.178437828065405
90.94321111291941, 190.0566553541565
37.068746182122766, 113.08749631141339
12.571774460056496, 126.74280363591082
58.94027359784373, 73.6284117989884
26.013043509387014, 189.98118131241228
70.29656435275807, 155.1818847622781
39.291764909808876, 163.92213740285263
36.66689468603025, 175.28143690449394
62.9772430080518, 57.61035451172858
83.99474785474882, 9.593773251769978
48.97474626181013, 72.00860542969217
56.9666044777489, 53.091186837549365
30.98216790269409, 172.7796419096728
16.61213443696091, 143.270053987968
26.791232939430444, 85.33132362522804
92.93539769306183, 147.06930722688904
51.65842544846281, 20.294559709761284
159.58918767959923, 106.84057417140562
151.64378238921955, 24.259533346276353
146.7663158317326, 89.97818287798015
173.29421564604246, 105.7923064229837
160.96112054181634, 30.683848884124053
131.07559501746576, 161.8305435702107
107.88195231579873, 130.24621006584243
180.3308493273123, 72.02136331309268
166.03735693621354, 93.75326847412771
125.0778150972681, 103.41031021928748
166.79288221821045, 110.28124255268223
178.33456478029026, 158.27050971577492
144.32409274715292, 58.75264753410738
119.66506244762765, 71.00062377440422
155.14185765483376, 39.0689571184325
104.61694950178155, 115.44374149957328
174.21523597267048, 154.87181724087043
193.31055604213574, 106.64036505951022
148.4971809631985, 118.25123797251709
128.48627466549544, 71.77705159060315
171.0279224744897, 104.60127139730477
121.79604502855547, 104.06521170678408
127.49996068582725, 69.812542621055
126.61579343905508, 58.54739365153689
105.51576241930914, 52.28428334082902
183.3125901683495, 99.51452322583731
174.95290654253074, 132.87268163459228
123.61867954367099, 43.22170851098581
158.4798101197856, 116.96390280051926
139.72375900582324, 97.8216113162911
122.10233328161986, 111.3387987206105
117.96998994739091, 133.08067490167102
108.78063156801512, 132.34572992836996
159.5449507599465, 147.96893404304905
172.60105543786207, 95.78848933891815
140.43641893464314, 146.19302173515555
166.3495034155596, 43.20153285509936
125.65396508291468, 188.60649239367376
167.43037517403909, 118.07875010350301
147.82113795789664, 148.4701117019308
163.98044989994756, 170.94188496209668
126.31574310139777, 84.85332569188915
133.98634985802067, 100.35040284787927
108.81354074011665, 10.513125150968161
173.80926574154188, 103.96938351862366
124.65181763706566, 14.776844017711422
160.9345780279266, 55.401310496776965
169.23603515737415, 138.91350743170005
103.6040702847935, 36.6469879772916
136.38767355364064, 48.74915235303434
105.21295447747119, 3.374939999261395
105.6071655136449, 189.86108121721534
141.26297973060278, 144.80094107826153
139.94009859961278, 112.7692695660504
172.7640076866779, 63.20625377784965
111.66600579350757, 151.01788275954075
110.74861571347141, 27.9226009263841
116.2641688732166, 31.31721016019382
161.99930633749022, 178.10575743513007
147.42137031902854, 177.0134348390656
110.20086185247746, 198.18704661048633
119.77397664652692, 42.37892172003783
188.6324951770031, 115.54736179179316
107.09000515903247, 73.92032257759055
127.751691003791, 129.41604205944358
182.9606365767131, 114.93060034813392
151.95824631935898, 69.87172068088499
136.6140600356625, 176.12607053906913
151.57210967459054, 101.64670091399202
170.81546577564833, 127.64184804158238
133.15796035080845, 163.5894239825082
146.40435143861725, 178.63865455896905
104.30338664561114, 191.40744940037322
152.04164658349552, 154.11109547037483
102.73768031011944, 59.87148270394578
130.23629759355623, 30.15775052389649
157.416964284015, 124.01184156583173
125.16091972623092, 6.11467224435438
177.29806376562271, 88.26544968754719
107.4424885544692, 197.86636248639658
