160
81.92418620201089, 59.450124474891076
92.8638817812069, 22.073254266284415
20.783625435281373, 112.4329378735129
67.5801951649077, 55.22090150137808
9.486113768164234, 63.59231613063067
56.0938095298352, 169.28209778386258
2.756353657399324, 87.67279801406103
31.633229747839216, 106.75212853437553
44.84761816972863, 111.30621713819244
73.37078972055279, 188.53838753463555
64.85581813044087, 86.62070502516205
68.64881182558571, 146.7217769707397
81.42294248900184, 137.03557439681572
42.71410882161303, 105.68935507868011
65.45286135588242, 184.93634137106318
10.606263156951744, 76.50140758113602
43.54597699491665, 122.84294546928832
5.141063520361904, 45.00808160553257
52.892074825751955, 130.31572632436215
99.18196353875061, 113.23127583870476
61.43327545444217, 127.38831600271416
41.592216074930334, 164.3977156191086
47.911789885521365, 28.567857605862592
79.21457249749466, 89.21622562112813
55.165652766856724, 62.036527852286454
0.7295868456625527, 97.05627866737777
91.05122601459425, 116.86452243431185
54.47018944872378, 15.086891669857373
74.56766136444367, 121.09689492249728
0.4730051456640183, 39.05069180666578
68.85538553022255, 56.759512012083114
79.94878851312963, 74.7759910576516
11.93952740870121, 127.42517412799351
37.1777986110585, 20.14342209696335
26.797644389379954, 184.79089004029854
4.174385081544707, 117.2865811223978
16.220375661601572, 54.300367304110964
94.8434517201894, 39.785772107877484
85.18876765003196, 91.23699170053523
71.43553312918453, 170.48946653318615
24.489705989676438, 42.59783656007175
66.2015730461147, 152.02324650045074
25.007469084484246, 150.17805651175763
37.193160717912995, 115.66050796122526
21.913568241122306, 130.54370110070099
30.699886541668036, 64.09736007914748
72.27777204196536, 66.74791900612851
51.66641911114668, 49.338417850471885
43.52454570302101, 46.81965065641292
5.481994737798047, 29.686554997790637
65.26902040310225, 21.82675676472862
92.988075925047, 143.63604710453336
82.78164822428377, 113.31900185757762
30.274746451888365, 81.25254490939399
50.86752468678959, 86.50185605754987
68.52207604044096, 34.51779060629969
14.35869894612699, 109.94386022691884
41.99449931634337, 136.77038835243877
83.70345447992526, 162.8984566670414
65.46352259100584, 97.44325935439034
65.74556637495293, 136.0523327994765
9.913117504163004, 96.90684151195745
27.572462122229695, 133.88688763298737
99.6217181868867, 144.84747952347
30.67559310641829, 129.14318413265005
20.515916586120248, 187.95277002425112
15.227364777843711, 51.68135108842388
86.34860725363718, 4.970522052047999
8.932864253986516, 75.75649861213718
30.908763644052485, 71.49067747556236
3.6739010329795363, 15.672381013021138
90.38202308143751, 45.711949229057055
8.07096348130019, 106.47563301386043
47.299910141475245, 81.9591218749456
69.85316609932211, 184.1078208830881
53.85403597581057, 44.07058326881631
41.93146807971354, 30.42438811892083
11.274030732371598, 92.35931042646888
68.7874664986624, 104.54820352859497
3.855048751079039, 11.9686428422836
134.00984674922213, 33.614903959964714
107.1361182187931, 22.073254266284415
179.21637456471862, 112.4329378735129
132.4198048350923, 55.22090150137808
183.99103570533242, 118.30242659878157
164.99648741002935, 174.76832205907772
197.24364634260067, 87.67279801406103
119.8157975280658, 122.31671244742503
133.0013392976614, 181.03963920796568
189.4987558965831, 136.42505881065898
108.54114070595747, 64.21197212501495
131.3511881744143, 146.7217769707397
114.62952028181697, 186.6852610465793
157.28589117838698, 105.68935507868011
151.88657103566385, 114.57494420055833
189.39373684304826, 76.50140758113602
159.26496261421104, 122.7825369336229
139.1918764462075, 35.33212970878105
147.23511026273613, 143.11116760458805
155.40932383123828, 149.07634295282827
148.94657772250332, 99.04157461801762
158.40778392506968, 164.3977156191086
137.04633428182697, 26.75233231105272
128.91020864357657, 135.81402092702777
130.0307332992739, 20.286207538639967
128.68063057720695, 28.250837972657305
125.26284854041327, 182.4161357859509
145.52981055127623, 15.086891669857373
125.43233863555633, 121.09689492249728
131.69651792579376, 101.7089689719998
131.14461446977745, 56.759512012083114
102.05313831215511, 19.151856233538524
167.59909106737777, 122.10674241154219
184.05979219376687, 68.07354435138362
107.96987362968669, 165.42217517114932
195.8256149184553, 117.2865811223978
183.77962433839843, 54.300367304110964
105.1565482798106, 39.785772107877484
114.81123234996804, 91.23699170053523
128.56446687081547, 170.48946653318615
112.87203572226406, 81.15942553181794
106.71271644015314, 185.7250051975474
174.99253091551574, 150.17805651175763
162.806839282087, 115.66050796122526
109.12144800964597, 160.0851668409113
120.30958139502029, 47.90620453547525
172.61969422390533, 70.18890803165564
173.65889402385432, 37.300327121920574
156.475454296979, 46.81965065641292
120.89097410936084, 24.59690046070193
146.0563811710896, 53.41146899171183
107.011924074953, 143.63604710453336
117.21835177571623, 113.31900185757762
181.39391150824795, 90.15386805258323
149.13247531321042, 86.50185605754987
131.47792395955904, 34.51779060629969
185.641301053873, 109.94386022691884
110.18323752946962, 81.94309395792129
116.29654552007474, 162.8984566670414
134.53647740899416, 97.44325935439034
134.25443362504706, 136.0523327994765
190.086882495837, 96.90684151195745
193.56246643493975, 79.32415892331903
115.91394478694428, 142.66297522020685
177.47041236131628, 137.97035047687868
161.4442965233581, 138.46725431723547
147.87671452531384, 31.266449264004148
113.65139274636282, 4.970522052047999
191.0671357460135, 75.75649861213718
103.49419044757154, 56.774586260081584
160.77195749654737, 86.06951195735304
109.61797691856249, 45.711949229057055
151.90450708687217, 169.57326576119175
154.12990612809145, 40.52181869752769
110.19499339650005, 112.41339299895073
113.67063167918126, 40.6156631958098
190.13722613440333, 109.06270075978684
188.72596926762841, 92.35931042646888
103.67805486624859, 166.06039349361623
147.06851935949445, 18.15638685305656
