176
55.7584819331718, 40.858445903377635
54.004110521486346, 31.13880984767674
66.0669104553832, 12.617689707737867
17.22247148065157, 54.935882011964424
25.773386222046966, 145.46520729327355
55.34288806497072, 93.46391376548277
79.85263223642913, 41.672704253954485
56.51242501562803, 123.91171880868188
38.72426488429292, 127.03753363076254
58.52715785703846, 48.31616820838318
89.98950072557922, 119.5104752163494
74.82613725465286, 18.73219463124578
95.92423072483047, 168.9557529642111
77.7237293783793, 147.99652591922248
59.78628440431797, 125.17550996058733
34.90360524670491, 174.1618229000413
78.94547116530771, 126.07860971336397
24.022812287113204, 114.5441585041498
77.85772666676401, 165.11968729480708
27.46266110478597, 133.2712923606922
85.18938784211494, 145.86207162705716
4.027620254019548, 87.4849244787931
47.50584151359797, 18.431780362077177
83.86345599073611, 128.41155357745473
19.092530896804092, 54.15867970204866
89.27748054416591, 153.06814687213938
36.3844668171354, 145.5506240745699
82.31568328337767, 196.5242378524837
73.31124677758977, 95.10682025711886
50.23039303006891, 183.06040762109575
82.81203771828146, 13.864862924671328
74.4343326603245, 22.983405041386206
7.4874566877237925, 99.2717862456815
34.91323353041045, 135.96373506881363
30.92391183071235, 99.7547571019038
51.73922927775987, 102.46148413914004
64.84952548265909, 24.482027318155076
45.18479137922107, 146.0187656747215
61.170171044752244, 67.68700356064059
16.787562592795847, 141.78665954591128
75.83071647980368, 175.9787635069718
47.231396680133265, 98.73902729405333
23.138687800558266, 70.49009017489583
30.11338865249005, 91.44756483076175
84.10771416977455, 87.54030338105193
92.5472620515679, 99.5923284549136
45.38742306986624, 57.899284257596584
71.13876208880879, 160.24969283570206
59.98441763689317, 115.28071452159811
83.8495337601146, 60.23085434535569
69.03109431361244, 75.94217006172212
88.39634614864389, 82.68959832089739
69.1627427661882, 94.24654963615633
43.53712642462556, 43.06999969332885
81.918643206298, 2.7780997623938264
85.01654892848866, 178.69711880325326
96.56176232014874, 187.43615097610436
62.58734865849876, 134.08140439499257
20.273734654926866, 72.3225108022596
86.71234487711128, 140.92225354475195
93.42970660031473, 62.38526259432169
73.34152750927542, 30.975856901413223
96.14168546610139, 135.18766983136575
6.543779681734618, 90.23343594512076
46.878043727936536, 102.41888139598285
61.46848011222191, 113.07477913033419
99.08807901933882, 113.17182494768112
60.388344770405254, 79.77732226120753
81.04837103036641, 76.25924210476724
17.575068123590356, 147.83455380647277
53.18742416945912, 40.000618465600944
87.59955316546, 156.48994109933253
67.77233840848862, 106.8579606290046
49.568050667771026, 142.03917821710195
56.38089171263427, 151.36873198434878
3.3177192262335176, 80.57321796047839
12.400051776192111, 84.50019691810466
37.010910841891366, 62.91786679076563
17.222623383119906, 115.4620420291841
32.73421247666815, 170.2744248079776
69.91714235727889, 100.89311300425638
77.63385896184424, 35.45849519098236
98.5314468047622, 38.48263675819694
76.60575843894458, 194.6226951510578
53.24308061683921, 8.06240869079209
7.857518641886118, 157.72769327711626
34.43268270119355, 45.48398976778412
32.528877442090796, 153.8111765048873
40.43680233922523, 64.55217154016614
75.7673403006769, 111.82811680752889
61.04416723265535, 149.70649589025635
23.46751963391783, 21.41691128943912
82.74932295466488, 131.22525461799864
56.90721607108551, 196.20352367933853
81.17674941995632, 14.528460173694423
89.61845491461324, 59.73166939816386
144.2415180668282, 40.858445903377635
145.99588947851365, 31.13880984767674
133.9330895446168, 12.617689707737867
182.77752851934844, 54.935882011964424
174.22661377795305, 145.46520729327355
144.65711193502926, 93.46391376548277
120.14736776357087, 41.672704253954485
143.48757498437197, 123.91171880868188
161.27573511570708, 127.03753363076254
141.47284214296155, 48.31616820838318
110.01049927442078, 119.5104752163494
125.17386274534714, 18.73219463124578
104.07576927516953, 168.9557529642111
122.2762706216207, 147.99652591922248
140.21371559568203, 125.17550996058733
165.0963947532951, 174.1618229000413
121.05452883469229, 126.07860971336397
175.9771877128868, 114.5441585041498
122.14227333323599, 165.11968729480708
172.53733889521402, 133.2712923606922
114.81061215788506, 145.86207162705716
195.97237974598045, 87.4849244787931
152.49415848640203, 18.431780362077177
116.13654400926389, 128.41155357745473
180.90746910319592, 54.15867970204866
110.72251945583409, 153.06814687213938
163.6155331828646, 145.5506240745699
117.68431671662233, 196.5242378524837
126.68875322241023, 95.10682025711886
149.7696069699311, 183.06040762109575
117.18796228171854, 13.864862924671328
125.5656673396755, 22.983405041386206
192.5125433122762, 99.2717862456815
165.08676646958955, 135.96373506881363
169.07608816928766, 99.7547571019038
148.26077072224012, 102.46148413914004
135.1504745173409, 24.482027318155076
154.81520862077895, 146.0187656747215
138.82982895524776, 67.68700356064059
183.21243740720416, 141.78665954591128
124.16928352019632, 175.9787635069718
152.76860331986674, 98.73902729405333
176.86131219944173, 70.49009017489583
169.88661134750996, 91.44756483076175
115.89228583022545, 87.54030338105193
107.4527379484321, 99.5923284549136
154.61257693013377, 57.899284257596584
128.8612379111912, 160.24969283570206
140.01558236310683, 115.28071452159811
116.1504662398854, 60.23085434535569
130.96890568638756, 75.94217006172212
111.60365385135611, 82.68959832089739
130.83725723381178, 94.24654963615633
156.46287357537443, 43.06999969332885
118.081356793702, 2.7780997623938264
114.98345107151134, 178.69711880325326
103.43823767985126, 187.43615097610436
137.41265134150123, 134.08140439499257
179.72626534507313, 72.3225108022596
113.28765512288872, 140.92225354475195
106.57029339968527, 62.38526259432169
126.65847249072458, 30.975856901413223
103.85831453389861, 135.18766983136575
193.4562203182654, 90.23343594512076
153.12195627206347, 102.41888139598285
138.53151988777807, 113.07477913033419
100.91192098066118, 113.17182494768112
139.61165522959476, 79.77732226120753
118.95162896963359, 76.25924210476724
182.42493187640963, 147.83455380647277
146.81257583054088, 40.000618465600944
112.40044683454, 156.48994109933253
132.22766159151138, 106.8579606290046
150.43194933222898, 142.03917821710195
143.61910828736572, 151.36873198434878
196.68228077376648, 80.57321796047839
187.5999482238079, 84.50019691810466
162.98908915810864, 62.91786679076563
182.7773766168801, 115.4620420291841
167.26578752333185, 170.2744248079776
