160
51.51217622783125, 30.540121435705238
76.07814774953266, 67.0700705454999
38.23063207760437, 170.9431345863353
57.54282310700788, 118.61269439303976
27.64893886214773, 75.60412960545497
88.28707140191014, 94.79255847013431
25.199347144900244, 128.0687198621233
86.56119605000295, 136.17158824281665
24.80533925119383, 74.82074083514038
73.62382590117406, 145.80639907578976
37.039770180308565, 137.6989482587511
6.878991514980616, 78.18322049074806
14.685729963594127, 166.39833440096731
32.99088348276295, 32.456557098070604
9.391217358338771, 190.2770087511607
67.72140235186113, 113.90429544120556
71.72642758277132, 75.90638416830492
80.01887593398837, 149.31013940050576
77.52105816832999, 16.800176910795784
0.9895559048019322, 138.4486095845865
27.723931115422374, 140.88040348254515
17.386804031639223, 109.04453032079891
7.873780694118963, 121.69572222144056
8.911138705042823, 130.6242436149355
85.20289965164564, 50.469354182401695
54.93401364773745, 146.59125572240129
34.737116043374, 164.40115413131053
75.5055511195296, 33.3008739115369
65.08090577125819, 71.32186930262279
83.29847666199888, 101.90492877253452
12.89779687140846, 84.50364594342648
29.404590180533972, 51.91777246466034
30.14114214474862, 99.15468387147416
75.51209531964692, 140.6923181457918
29.34384532734328, 113.30997148351307
37.397052369237954, 113.0239805418369
22.3529322461315, 114.90604754742539
2.0705439328979196, 191.08660762542425
40.686072278477255, 100.26993589143767
17.571405742975656, 116.79258335094107
14.318270968631282, 153.12711637079315
68.05094952979175, 62.88375727996092
44.64055445539841, 8.772171749785983
23.43114192454066, 135.2330859829
86.12322219546903, 24.737143764052476
56.424581454390704, 121.04939570949264
90.85720473094915, 137.12353394465913
96.08846263409652, 150.56724404855612
46.40171580942116, 101.00126138103035
65.5147538116596, 177.90009226158526
31.798640160371853, 46.05997636349892
67.07477465599752, 91.30143523856884
49.05748767473, 57.030931708621786
55.679619528852285, 96.18672302548069
72.2831601139608, 100.7271833050487
68.29438269098746, 135.94893975983564
79.02524811427448, 99.4938410952368
98.56575644548883, 75.9508541891476
5.051125789804104, 119.1231691313079
50.49928304004807, 70.85894023579988
56.41338286281676, 71.94881304051329
12.276571998817843, 191.73194558916816
95.7531524507447, 182.14612842451967
43.199281804101105, 31.08849004707308
64.21139463579918, 148.21573438441055
51.03932578436341, 39.14704587755003
11.23863093010607, 167.3240798791073
26.169415832462455, 132.05510614321634
14.515384795241667, 88.67980745275372
58.60899522416511, 7.306678353990506
89.53293997126679, 156.29619010165143
59.34043154369469, 153.35182443033588
43.549518406187914, 25.900025487569287
69.82053356287528, 109.49012633812029
3.7911748541926755, 147.60710338213414
55.694988646380324, 52.148409364019145
52.01648271636198, 146.58418797553887
73.52774514993008, 30.51207258391625
54.70550218357292, 89.0275841862463
86.0659190601211, 116.55269844445876
175.37593340467237, 35.453656997932036
118.65433408445094, 42.92159332803869
156.67324884767908, 173.1377998002177
171.49711736017528, 47.09032602701206
103.95741738487465, 146.50159934377317
170.6876415651801, 151.3750454589107
139.96270065021696, 156.22396858939206
115.73272645730927, 93.06731365527348
120.56143075271356, 86.5985472181111
145.97984739898394, 140.91281789225278
162.44491127763715, 174.89420844695354
174.99262616644782, 52.17602001387289
124.45922658345184, 168.85569533724808
133.3882979968451, 36.409577443437556
146.7495034938483, 170.83808081054377
152.49377065090738, 73.18496122216274
129.16555220026584, 42.03885486094714
145.57006809479228, 137.6643697209427
194.18094651033198, 72.6840127422626
125.39483047235478, 103.60202177613778
110.72767499125099, 152.49165180920807
178.75345426256752, 46.88875558414327
135.02795450515663, 137.2271563919636
157.89672267912775, 60.05448442078362
104.3940826584611, 57.904980920366576
165.80985356316884, 89.23126658664675
105.06949176535468, 196.6791068356392
126.92027944133825, 11.379342767939061
178.7889005125388, 92.9259238518638
112.51283680144647, 131.48064148945
148.66367188121916, 33.430411498822
124.41191400830604, 37.213607471101405
167.44294055399914, 59.717398783199705
118.26421604686523, 62.83402916291245
157.04151744655897, 98.82082417664925
161.41693836381438, 88.08960813637891
178.64776889481914, 77.2941426136858
134.0926381341162, 121.00527131482508
136.53051640393608, 178.92822201937005
164.33474305411116, 133.08871423566046
113.74271636519534, 177.8442691446601
137.73264052674423, 103.89524339842752
100.67792433420576, 8.256361379059541
180.86694611088643, 95.9183190803585
149.4665410949029, 96.35132385230203
154.7619994680685, 84.56975530533877
188.6726215305803, 85.33508351014115
142.39258721842245, 140.36853720832016
100.89928248203563, 53.703115963872165
111.99291802942254, 154.083949821113
138.43850372425655, 94.75345905573423
140.32721563634993, 121.66576959608746
109.445453230434, 32.132866222406456
104.32378446287443, 61.530524107757564
163.5920653856081, 30.23638681715255
192.2200835380857, 103.96232373047955
144.71786776798905, 118.78400943616437
179.489696300336, 151.35928762200197
139.67155769612964, 88.53500746612295
180.45251074849017, 132.836835737292
127.93621992580306, 31.24898242459462
134.95215416423133, 153.25150525541474
107.16399935329639, 150.4825336828854
111.89678593701288, 28.787343970194357
143.00110202827122, 145.5858049569002
102.93421541744118, 65.93750112271188
129.28788361039756, 98.68777956479846
128.53378349167497, 187.86782429914072
184.44340622037151, 92.89370086938516
170.16333272006318, 59.41782406641523
126.40042455667496, 124.8722017864522
135.53031791408205, 155.29311455431147
159.7343035233369, 36.62069640642927
161.441743921778, 36.71423171509394
117.00694255078857, 82.91566268968084
100.92235979670096, 45.13774922905425
198.85306387794108, 100.74102761110473
120.09122633090182, 75.66850522887701
138.1275029204789, 74.96255241573454
156.88664524850373, 117.15988910790074
