192
94.86376909411595, 157.18091916348232
66.27761403968634, 136.9533647556652
99.08783052650234, 76.61459407881317
74.39904950462424, 120.87561456893694
37.04410482918974, 176.8128822736639
13.701902046360082, 115.40177325729968
29.434759998083127, 100.03232305728964
72.30064243885403, 17.454531655914153
40.074476021763395, 158.97989395455502
71.1647354142906, 111.94901837962772
86.89516543874419, 192.67836557380951
60.028475840202155, 143.58839351125278
91.50639674818842, 126.40383839993929
64.09419468505548, 157.33819806394064
97.2024654206764, 83.43771674393739
66.10694763755525, 97.28171901961258
57.17149176184656, 93.34284195395357
95.61371971857123, 171.90102380589153
92.4877158378688, 28.059645552225042
93.44104747277424, 17.73062074511762
54.14187798660296, 67.35855072666371
86.53722940828857, 73.71924576899158
47.80848149152277, 123.75613980141027
71.23964811610679, 93.48205588589033
45.975123487326556, 68.1395294018303
75.92399455671128, 184.08093224949366
86.645065385712, 131.66571008844846
24.20120683899778, 138.9317695463492
91.0130194926635, 171.5635425271699
29.957396365228373, 90.71325537403787
95.74865897248507, 194.30712283065083
57.398354507959205, 72.22215664181337
49.79711464214084, 70.16408534333789
77.0950213743861, 92.02582611186504
99.31481888495571, 26.881773487512906
80.69960057186647, 175.40708419687468
59.91906758444041, 77.52924253090565
56.71158176691622, 19.44089790247525
92.13525210317663, 175.93247274012631
49.851541214758896, 37.19272837678107
46.956675505724235, 138.84676934248986
6.861633341810968, 105.21249706842973
65.83985201122708, 8.459530710371311
90.15791826632648, 20.284267394310305
41.24056925743821, 93.05364000248764
44.94889398754396, 55.13366655726237
63.9520621087433, 21.80684073985153
65.47986306088251, 93.92351804159699
36.01793647461692, 38.82660652883938
41.35444207489263, 106.27979793070695
47.77923631119224, 34.158020851270706
99.88817813757426, 79.58398396276718
2.52727533370799, 108.71227572738493
23.0874947600465, 59.659611212676865
24.68948890820294, 80.15221761355396
53.93613344122038, 18.22200805517429
28.232268663513317, 109.3616270439336
94.43856072154773, 64.1205531084614
34.052782010341176, 77.68861584908606
57.42899502123899, 16.24814138703592
8.369284324160098, 80.08991809737881
60.56102617554975, 115.94331578659911
80.60864402565409, 109.79094467904034
88.92331382127023, 192.06080539348827
96.85696920937308, 152.03172635477554
78.49630189024379, 173.31933506242532
35.10966360010171, 107.60472754853443
68.39585208596134, 86.38245686808904
88.19851123793504, 58.87855099095185
45.12477805477606, 62.37517460942297
17.301083180434805, 142.41453499000045
23.55008691477408, 126.92629245007137
51.38126413119512, 69.20713432552901
7.8562509093885735, 77.05180987179003
56.48664956579713, 82.01047607268876
33.70151884166047, 62.07050121425732
24.418746966729856, 125.01554702188483
12.35925694200799, 123.43051273060703
93.23245584376889, 52.843782903628565
51.004124060192034, 42.58705006211709
60.925120646510564, 118.5540396677487
46.35822654773403, 157.77038738300348
98.15549835851317, 95.40907350341033
69.9260344864042, 4.939605569964667
97.65711719160961, 150.10826189642597
75.02936382085633, 48.18427265789309
28.197364680239613, 162.66532230435865
29.02967297107978, 74.55324970391572
93.33400743416347, 150.1455891695969
36.79500812861334, 117.30853797171076
69.01050434479407, 48.09501429959848
75.49883490069602, 111.93647621788179
97.96589267312294, 10.40312903357834
86.69293986261117, 8.471577701747712
55.442636710906854, 76.71476222290588
81.74240019933133, 35.4648566507249
0.2069289717216427, 112.79124618930732
9.49647102422887, 179.66478178509945
52.510094230676096, 105.21888333858196
85.2968967253237, 168.89266375705196
85.48307131679752, 180.56935247369077
3.424914094648257, 91.97117425922055
82.45103183091234, 136.49231671213528
38.26980050380568, 145.06838412981332
48.03197646640047, 49.90377547982035
92.5042448428935, 113.82170350289638
25.6684130495756, 185.26475050395737
90.1343195063198, 112.4785078308727
95.12626138628282, 113.0979940462701
75.40405538165928, 140.42541782766745
66.60221953247698, 48.84318119127053
62.14253358107196, 7.56851671442329
105.13623090588405, 157.18091916348232
133.72238596031366, 136.9533647556652
100.91216947349766, 76.61459407881317
125.60095049537576, 120.87561456893694
162.95589517081027, 176.8128822736639
186.2980979536399, 115.40177325729968
170.56524000191686, 100.03232305728964
127.69935756114597, 17.454531655914153
159.9255239782366, 158.97989395455502
128.8352645857094, 111.94901837962772
113.10483456125581, 192.67836557380951
139.97152415979784, 143.58839351125278
108.49360325181158, 126.40383839993929
135.90580531494453, 157.33819806394064
102.7975345793236, 83.43771674393739
133.89305236244473, 97.28171901961258
142.82850823815343, 93.34284195395357
104.38628028142877, 171.90102380589153
107.5122841621312, 28.059645552225042
106.55895252722576, 17.73062074511762
145.85812201339704, 67.35855072666371
113.46277059171143, 73.71924576899158
152.19151850847723, 123.75613980141027
128.7603518838932, 93.48205588589033
154.02487651267344, 68.1395294018303
124.07600544328872, 184.08093224949366
113.354934614288, 131.66571008844846
175.7987931610022, 138.9317695463492
108.9869805073365, 171.5635425271699
170.04260363477164, 90.71325537403787
104.25134102751493, 194.30712283065083
142.6016454920408, 72.22215664181337
150.20288535785915, 70.16408534333789
122.9049786256139, 92.02582611186504
100.68518111504429, 26.881773487512906
119.30039942813353, 175.40708419687468
140.08093241555957, 77.52924253090565
143.28841823308377, 19.44089790247525
107.86474789682337, 175.93247274012631
150.1484587852411, 37.19272837678107
153.04332449427577, 138.84676934248986
193.13836665818903, 105.21249706842973
134.1601479887729, 8.459530710371311
109.84208173367352, 20.284267394310305
158.7594307425618, 93.05364000248764
155.05110601245605, 55.13366655726237
136.0479378912567, 21.80684073985153
134.5201369391175, 93.92351804159699
163.98206352538307, 38.82660652883938
158.64555792510737, 106.27979793070695
152.22076368880775, 34.158020851270706
100.11182186242574, 79.58398396276718
197.472724666292, 108.71227572738493
176.9125052399535, 59.659611212676865
175.31051109179705, 80.15221761355396
146.06386655877964, 18.22200805517429
171.7677313364867, 109.3616270439336
105.56143927845227, 64.1205531084614
165.94721798965884, 77.68861584908606
142.571004978761, 16.24814138703592
191.6307156758399, 80.08991809737881
139.43897382445024, 115.94331578659911
119.39135597434591, 109.79094467904034
111.07668617872977, 192.06080539348827
103.14303079062692, 152.03172635477554
121.50369810975621, 173.31933506242532
164.89033639989827, 107.60472754853443
131.60414791403866, 86.38245686808904
111.80148876206496, 58.87855099095185
154.87522194522393, 62.37517460942297
182.6989168195652, 142.41453499000045
176.44991308522592, 126.92629245007137
148.6187358688049, 69.20713432552901
192.14374909061144, 77.05180987179003
143.51335043420286, 82.01047607268876
166.29848115833954, 62.07050121425732
175.58125303327014, 125.01554702188483
187.640743057992, 123.43051273060703
106.76754415623111, 52.843782903628565
148.99587593980797, 42.58705006211709
