160
35.14456898403013, 110.02406862054306
38.10684462335312, 62.92049174827004
94.80114044135517, 7.226675050070774
64.34232786357649, 128.9390427863709
63.22193197855199, 145.98875385267084
15.24992801824867, 59.53739564665928
8.288010301934944, 138.81734745147878
88.14987307116236, 64.99984125058063
67.02664375611789, 52.11948585734647
49.830314630375526, 48.96893124069053
51.27714186884479, 75.93356781709069
89.82011504365057, 164.22361489668293
27.47329874085037, 49.330364591778064
73.7288775256413, 130.60032587142462
24.07499727235812, 119.63347108321472
71.78741293624607, 18.995112240297154
92.83981515935835, 174.42797751290152
51.91271711657753, 32.56700325934623
28.792171195715234, 97.20943039848969
66.82739791994582, 139.99692362473215
9.04546759321172, 75.31764351135169
67.80224861269686, 74.85924413418643
61.10584220644213, 62.351886484425336
64.37838365549142, 35.018963953979366
52.24261755587669, 187.48740532786235
76.86843330425032, 115.70817095322042
63.40965031256243, 29.060175886384876
37.07909650223932, 51.93285768287239
78.29493078557398, 191.1608190540964
17.67787726247456, 67.71420393952891
66.06472333189946, 179.93320939680822
86.68450228551889, 89.83895845576295
98.73014787140445, 114.25893526417322
4.573303252256511, 127.76697285332304
81.85716169214872, 196.03276702828418
7.89510591447441, 84.77293298426423
84.83314857781737, 25.398767360297448
23.207028401258878, 84.4303322281411
45.443962083660914, 167.94413188350953
33.32360801856721, 47.873455112542906
80.42294744297284, 165.63559707038834
20.28678814064442, 99.44860534886972
61.39192672195327, 135.83563094314087
78.79380533743104, 109.66050710916721
33.904308233600666, 123.86790736081521
89.32797526759761, 116.42814080022728
74.30054750564177, 128.08554438752816
36.63693029594718, 27.806681079180006
89.43340835926796, 0.6667349089362284
74.09752361358305, 62.71567663834225
44.7678542363951, 116.13248320959204
95.19934026178156, 173.15375006293036
72.573129435307, 67.07872547454905
51.26057411419952, 150.78169399577178
94.66018411413054, 20.596883497967156
13.974916126349157, 57.46398373720418
7.986639315725219, 136.5460698999245
72.84250444675187, 22.969806647146875
41.37486188531938, 126.0264901649225
26.122273021649367, 65.57022276510092
72.77067933739822, 32.377177357345154
54.848218991894434, 24.942957033877768
10.7479833416096, 84.44993669179688
73.09628440821326, 103.63483591298932
87.77283456742644, 28.022733646099862
22.06820860150922, 124.36592861321223
30.028529099091582, 134.82702296255803
18.034266335990335, 99.73737990392635
81.7614524727254, 115.81952529264106
86.5894987170689, 60.03182960104194
59.431224386058105, 136.5253134549811
60.945411149340615, 94.81076990018933
24.69859444998064, 139.8637622496067
41.78014262982073, 99.16471932510677
90.05834517803055, 182.30742225330357
78.63466440850375, 111.39481453122171
1.4305995003612737, 96.74391261690234
6.860793266061749, 70.34875110015626
94.86614165543597, 93.33718825849367
12.060102247227267, 108.72047404044905
164.85543101596988, 110.02406862054306
161.8931553766469, 62.92049174827004
105.19885955864483, 7.226675050070774
135.6576721364235, 128.9390427863709
136.778068021448, 145.98875385267084
184.75007198175132, 59.53739564665928
191.71198969806505, 138.81734745147878
111.85012692883764, 64.99984125058063
132.9733562438821, 52.11948585734647
150.16968536962446, 48.96893124069053
148.72285813115522, 75.93356781709069
110.17988495634943, 164.22361489668293
172.52670125914963, 49.330364591778064
126.2711224743587, 130.60032587142462
175.92500272764187, 119.63347108321472
128.21258706375392, 18.995112240297154
107.16018484064165, 174.42797751290152
148.08728288342246, 32.56700325934623
171.20782880428476, 97.20943039848969
133.17260208005416, 139.99692362473215
190.95453240678827, 75.31764351135169
132.19775138730313, 74.85924413418643
138.89415779355787, 62.351886484425336
135.6216163445086, 35.018963953979366
147.75738244412332, 187.48740532786235
123.13156669574968, 115.70817095322042
136.59034968743757, 29.060175886384876
162.9209034977607, 51.93285768287239
121.70506921442602, 191.1608190540964
182.32212273752543, 67.71420393952891
133.93527666810053, 179.93320939680822
113.31549771448111, 89.83895845576295
101.26985212859555, 114.25893526417322
195.42669674774348, 127.76697285332304
118.14283830785128, 196.03276702828418
192.1048940855256, 84.77293298426423
115.16685142218263, 25.398767360297448
176.79297159874113, 84.4303322281411
154.55603791633908, 167.94413188350953
166.6763919814328, 47.873455112542906
119.57705255702716, 165.63559707038834
179.71321185935557, 99.44860534886972
138.60807327804673, 135.83563094314087
121.20619466256896, 109.66050710916721
166.09569176639934, 123.86790736081521
110.67202473240239, 116.42814080022728
125.69945249435823, 128.08554438752816
163.3630697040528, 27.806681079180006
110.56659164073204, 0.6667349089362284
125.90247638641695, 62.71567663834225
155.2321457636049, 116.13248320959204
104.80065973821844, 173.15375006293036
127.426870564693, 67.07872547454905
148.73942588580047, 150.78169399577178
105.33981588586946, 20.596883497967156
186.02508387365083, 57.46398373720418
192.01336068427477, 136.5460698999245
127.15749555324813, 22.969806647146875
158.62513811468062, 126.0264901649225
173.87772697835064, 65.57022276510092
127.22932066260178, 32.377177357345154
145.15178100810556, 24.942957033877768
189.2520166583904, 84.44993669179688
126.90371559178674, 103.63483591298932
112.22716543257356, 28.022733646099862
177.9317913984908, 124.36592861321223
169.97147090090843, 134.82702296255803
181.96573366400966, 99.73737990392635
118.2385475272746, 115.81952529264106
113.4105012829311, 60.03182960104194
140.5687756139419, 136.5253134549811
139.0545888506594, 94.81076990018933
175.30140555001935, 139.8637622496067
158.21985737017928, 99.16471932510677
109.94165482196945, 182.30742225330357
121.36533559149625, 111.39481453122171
198.56940049963873, 96.74391261690234
193.13920673393824, 70.34875110015626
105.13385834456403, 93.33718825849367
187.93989775277274, 108.72047404044905
