160
29.746236298031754, 100.43542396264237
0.15254575373482293, 97.60944701404688
97.57972735703802, 171.8111996549019
76.62551950863676, 90.17442196402803
64.57404360296289, 12.11450957931719
44.71068499758041, 167.0088363555714
11.709486972858995, 79.45751472037155
62.31202573930206, 31.11774758781005
36.428945193372556, 118.6672106177899
42.948208769342514, 58.09150779538557
22.405935120785546, 89.42021342291642
31.659776991382504, 62.16870877637501
20.220166520411382, 192.75315794312962
38.35109883596656, 25.521672868514788
16.876754708470244, 126.31321955788735
13.606316800026097, 109.7656433758109
22.987394433554265, 91.39236066747827
72.4463853620961, 54.9322509218839
73.12239721481531, 181.2270703374246
81.35766395374661, 104.3639581670017
7.838217470876385, 124.26457009391503
30.28262643427938, 147.07836349383163
96.7305810744645, 165.43182737170414
73.47013250078285, 90.07179928059557
6.048938318417768, 33.22689521131166
11.862302460467049, 32.14583996403678
51.97420828377659, 113.14484592888734
67.80196165894762, 137.7972244870892
91.21773646826664, 30.087055960881703
71.39137399585636, 56.945302003705024
96.776141368543, 47.60739288584372
78.37797796094591, 85.32756410495466
82.88962921666355, 18.02952986914592
91.22808139048595, 165.4908450197364
36.350663109704016, 69.29456167171799
85.66344946211417, 27.017034642267518
51.143759467447104, 76.17471684800408
41.207816797181266, 142.92158054701628
19.989042150545934, 63.97914129924338
15.355729238977345, 98.54343074374079
97.56866420627803, 128.51162018051363
90.00322362170982, 69.64110476450179
60.5246089606311, 108.23717158292139
24.036722111263714, 134.2375564884361
98.5512913122431, 151.1195802796974
93.14378983792267, 86.14162040189517
89.65293935352618, 171.99421917585772
43.99720949639221, 79.9232821284076
65.75991285228233, 124.11383434535306
61.42040367575957, 148.86589615871017
69.99201391887283, 72.29716123629153
93.37212892552836, 11.528031889165579
88.7081417552009, 84.00046815073357
95.10171453333984, 29.421056896858993
14.395092451832115, 78.02346443620804
97.03058527667123, 152.6191934460185
42.44258728468743, 146.1409541554142
81.72182751124993, 127.35840857203017
47.22721888634476, 128.03598564595822
59.8355788190098, 168.8214957650527
69.66867637418399, 181.74972558372218
69.42354946565614, 60.14008908281872
97.66413962295701, 141.73156360099563
98.27867798381432, 133.08736781212423
31.58103128983929, 114.96737648838328
23.802138445589215, 116.95414455047263
68.7175639366757, 18.253829439205226
87.41639204385588, 42.38705188447558
46.53935493972643, 183.43406347301573
49.05164310942126, 25.40742175980062
84.30528692079527, 94.36551184262682
72.8970899040514, 109.40538786113297
73.0011864272127, 150.80979893834126
62.540629372268285, 25.97954484966263
73.02709791097985, 198.04779109291664
41.095740766095936, 73.90033513882905
14.756141618175612, 61.34462835938619
22.454305811333285, 132.3673849392003
65.0840371009547, 133.59743231301252
15.448545800440062, 87.43856997418733
174.51407133854042, 35.81999080407079
199.8474542462652, 97.60944701404688
102.42027264296198, 171.8111996549019
141.37080430226055, 28.950822951497578
135.4259563970371, 12.11450957931719
155.28931500241958, 167.0088363555714
188.290513027141, 79.45751472037155
119.90711435836685, 53.15142041704013
163.57105480662744, 118.6672106177899
157.0517912306575, 58.09150779538557
177.59406487921444, 89.42021342291642
168.3402230086175, 62.16870877637501
152.36077130997683, 172.99216586057622
161.64890116403345, 25.521672868514788
183.12324529152977, 126.31321955788735
186.3936831999739, 109.7656433758109
123.18609800179992, 156.71539974374767
127.5536146379039, 54.9322509218839
126.87760278518469, 181.2270703374246
194.78812089857826, 130.06603312641158
192.16178252912363, 124.26457009391503
171.21610909246604, 158.45365634130658
103.2694189255355, 165.43182737170414
126.52986749921715, 90.07179928059557
120.62214569488975, 103.65874128484687
133.87705658761286, 8.32345482424861
148.0257917162234, 113.14484592888734
133.12038529428423, 185.85025458894808
108.78226353173336, 30.087055960881703
175.54099785957212, 64.86721096084392
103.223858631457, 47.60739288584372
113.62346676161606, 15.799157338372027
117.11037078333645, 18.02952986914592
137.47337119262264, 179.5701026991703
104.5335306003497, 38.92894691074136
128.11852175318876, 19.79337303256459
148.8562405325529, 76.17471684800408
135.9093742151576, 184.25987364230488
180.01095784945406, 63.97914129924338
184.64427076102265, 98.54343074374079
102.43133579372197, 128.51162018051363
153.155002197835, 29.795790666921086
139.4753910393689, 108.23717158292139
191.19273840515706, 139.02695126193018
167.80788297125963, 76.76893071046355
106.85621016207733, 86.14162040189517
110.34706064647382, 171.99421917585772
156.0027905036078, 79.9232821284076
134.24008714771767, 124.11383434535306
132.66333711104394, 107.15080742659424
130.00798608112717, 72.29716123629153
106.62787107447164, 11.528031889165579
111.2918582447991, 84.00046815073357
145.18488182647113, 49.48921308044998
185.6049075481679, 78.02346443620804
102.96941472332877, 152.6191934460185
142.5258035480764, 130.9135272274711
111.31087042414585, 120.71447328454514
152.77278111365524, 128.03598564595822
178.8925041812497, 138.1573304840142
124.92821681550913, 185.39997222471706
130.57645053434385, 60.14008908281872
102.33586037704299, 141.73156360099563
101.72132201618568, 133.08736781212423
168.263278903553, 82.09166422314966
177.57206995839957, 85.7763646472798
152.23460314943378, 58.67231633718812
112.58360795614412, 42.38705188447558
153.46064506027358, 183.43406347301573
150.94835689057874, 25.40742175980062
133.27514783086355, 84.32026303831255
127.1029100959486, 109.40538786113297
126.9988135727873, 150.80979893834126
105.88784824169308, 7.605695633640863
100.25349135161548, 141.5975026810211
158.90425923390407, 73.90033513882905
185.2438583818244, 61.34462835938619
177.54569418866672, 132.3673849392003
167.50179701261033, 140.0181543012028
184.55145419955994, 87.43856997418733
