160
89.99619618904752, 17.222923869789742
40.19947742973725, 152.65824203974668
12.339995353094054, 116.18390588455773
18.214227063988616, 84.20651130726873
64.44482309613787, 53.82787062591026
56.73842130842829, 149.89844743549463
7.159775292749714, 184.89799414092806
22.367163081858536, 171.28467859059492
68.18135178758332, 95.46465238922936
72.80492050662875, 172.30067828501473
57.57186111155784, 117.47697497091717
93.8648054740129, 157.39804143028593
13.82335861265624, 80.74992283316605
79.82178871186966, 125.00340548323123
23.355598197689055, 160.60721693641852
87.94962864714688, 33.79773943571506
31.910354821658053, 26.924394610400697
2.5689658569330263, 147.81954932099814
61.39215254038136, 195.276157328949
38.624882868264024, 168.70686298653789
52.25427965493543, 121.7369319211717
59.87927628662183, 143.72071904176394
1.1296268187182292, 124.75718408019077
97.57117674853251, 143.0467358122818
89.95807790737747, 121.51348495327191
77.9235100389395, 65.77630851596912
38.196359097102594, 68.09804552459622
78.5389560323961, 23.150307811520523
7.60670652657366, 54.37060775690732
29.412243625339983, 101.4673582358213
85.27517672098081, 157.7047294158027
86.50149208893986, 148.64455752371788
2.6224171932446225, 22.136754698124633
27.837487230753588, 155.80742437357526
50.9340578404641, 136.45861468944628
19.118477964583924, 136.71050613977212
83.19725413745583, 152.97654279897384
16.764317570533834, 75.35828013462191
21.930754327259415, 97.8757344157792
78.04333492827091, 14.971578022412512
67.09995215896541, 176.0715528743436
12.81729345247501, 57.150583575713874
81.40402095801035, 197.62195975182615
74.14926755299939, 92.4580279211177
60.94179765403521, 18.355783262840745
89.29384034126173, 197.9711604981984
43.5452731724401, 131.51699865414952
10.450340654110999, 22.72620467605951
55.18743316834014, 11.448158232578052
50.72070945427511, 176.73974510049476
15.203455496927894, 191.2622929901489
72.87303204800857, 187.77856937202017
8.980388055716631, 62.95333868690403
38.11604684500972, 100.91155451326149
67.0273638391211, 168.1672625799821
23.372297983682607, 81.21408062886536
43.220535519656636, 38.08062053288779
87.6465658455918, 46.982498170095475
84.48078205877782, 62.08950312890654
51.29017940082656, 51.4694086832765
74.2203757946009, 106.15599575454584
45.99000456206312, 122.80987250204237
0.6547749010161255, 111.47659434296745
56.01750709439196, 120.36601610737078
55.59768574133058, 171.5984127822407
93.06671927822228, 25.821288625411754
88.45569564129535, 138.31249084019794
39.311705386581295, 181.32546308901692
27.216605132635983, 67.36169990673017
59.07725424111612, 120.93543127878914
9.879301065476739, 115.12610845169249
66.3068783767238, 14.575977078228142
91.26009629330557, 124.97345705082915
58.27023474187541, 64.82622119684322
76.8577835734455, 183.14392036295666
20.126579305434536, 71.42806384438319
29.717184517918028, 99.14662903787439
18.4607375195595, 53.830141175566595
31.94592835349083, 49.85762060121508
45.84737720154119, 118.73778305390589
110.00380381095248, 17.222923869789742
159.80052257026276, 152.65824203974668
136.11585218559884, 193.14780892601735
108.14345962609382, 28.24945178560818
171.3776655722459, 36.96801589508873
125.92499223454712, 90.58152517267139
124.16182407010953, 162.73121295394776
113.94555284794643, 164.82135413396819
128.98880349740645, 76.4716380179421
150.6882601313427, 167.08610581970095
157.23135831777054, 44.0834474164826
106.1351945259871, 157.39804143028593
189.6664869508526, 69.98533401195068
120.17821128813034, 125.00340548323123
176.64440180231094, 160.60721693641852
145.77973823450662, 108.97661783335136
118.12060009243986, 94.3514191088403
140.85393184796638, 175.729992826968
104.0030738373309, 193.95408018062926
118.90961926739104, 179.99898139444775
153.44898123893637, 143.84080512638974
130.34080109006317, 192.43893528863208
137.65058454521557, 186.4568342528357
102.42882325146749, 143.0467358122818
106.64362592759826, 196.97622329397112
122.0764899610605, 65.77630851596912
161.8036409028974, 68.09804552459622
100.87454327848008, 12.984053686008767
141.95121792091578, 33.34289562483379
103.18945443186584, 119.4373789655363
172.1828510320244, 150.80679473311824
121.93520708959772, 128.8739288681936
147.2413923153034, 85.44436632032739
171.865284325922, 111.258270497845
149.0659421595359, 136.45861468944628
180.88152203541608, 136.71050613977212
123.79158293996144, 102.90609485090121
143.5112760003516, 64.9694434944158
140.00961215709637, 81.83483342409568
121.95666507172909, 14.971578022412512
132.9000478410346, 176.0715528743436
187.182706547525, 57.150583575713874
172.43634708847605, 142.69051874558235
125.85073244700061, 92.4580279211177
191.37141286092117, 78.99112135447372
110.70615965873827, 197.9711604981984
149.0056199747399, 159.61931555921984
175.95282001618025, 47.76069892430981
159.28800083184368, 68.44391264453608
124.26996168935364, 147.75702962471985
137.0132185636727, 115.1045991625862
145.98514931965872, 164.765978608856
117.93616569458374, 35.778282802168974
172.72358923910076, 154.45236104637343
135.11507509390867, 122.94066501356961
173.09899848838543, 40.50347436329687
196.9320709886332, 105.86788861433037
130.2411131379522, 33.786901937381565
114.52153936009326, 24.19433098377912
145.96418101510517, 130.4541442593782
189.10974490106466, 96.99290408711556
160.68677090969652, 51.565525327815664
124.1163209057912, 83.86368732683522
143.98249290560804, 120.36601610737078
118.44776423642354, 117.19895663858581
152.32013948248465, 102.08261715220223
140.24749865243308, 77.44232757013047
146.47712592004552, 134.57963805304297
151.4037941967457, 146.4198004829362
143.8188437595327, 147.7853971227276
110.95583047003171, 64.58369248860467
130.96974081327252, 39.61133752991377
140.00967976241503, 164.38325761381293
192.4755242533035, 115.5988155068085
122.59215735682945, 147.31718609124331
183.54757129724086, 63.84818250421007
176.59278884786025, 41.27247023993805
129.43126794175512, 23.190320296375532
174.11422751891743, 110.23876173328392
179.84402434882304, 133.71955839169942
