240
39.67326384471015, 146.16357987980984
71.81799556132844, 67.37623997148268
85.7788907127376, 157.91873688879738
16.650272383855636, 50.95168889609489
96.71255740169153, 189.38868882039594
83.98108846440695, 17.368693640751843
66.48604920752922, 98.86895052710783
65.12402132958475, 176.28544020185188
93.11026981635133, 45.17820406100404
88.93364617080003, 124.94109359246495
86.49650708605769, 57.04579747029812
91.9226019326152, 95.71959346303971
96.93653695646425, 29.227487177771707
63.54034942668216, 48.84030876676495
22.53240622910251, 117.54901168367473
25.353752103895687, 69.69253469099897
77.51987500966858, 93.31438808668595
15.265262590929884, 65.23148875127762
48.60502611902861, 182.69025381645602
69.31114643216618, 137.9712061830085
59.68936568008068, 173.62548685322224
91.8348762768313, 130.9058942919298
91.76477029317995, 87.03966068503635
29.066166342433107, 30.253756561018584
68.67678804976002, 105.83988073673379
61.91406965843969, 131.78776755586316
41.52146492661256, 175.89850029787857
82.13188585866668, 102.75314717500652
85.78750214293682, 17.112456948238332
78.37625086851673, 130.712941361979
90.13591140727335, 24.187605154042345
34.357191548702325, 56.819692928234325
92.43897831675729, 162.94369689777727
95.3870470906281, 95.67002962127391
81.25800822946155, 153.11840039348198
93.84944305074261, 16.37476766761443
3.8099065395016396, 118.57920623707814
34.832055371828176, 58.78564516568214
84.5814960144956, 192.88695178423353
97.41810932875985, 105.881266320934
84.92668658628475, 57.54137626120696
44.50566095655323, 125.21070597484058
87.10756740982511, 73.47619478118924
18.83408970615833, 132.73940860801954
48.99333847759774, 46.275864778816356
67.84802401629264, 21.37326537741675
49.608075878117305, 114.61800818005321
72.94862431191792, 115.62807445495555
55.97271524962581, 187.28118045235487
34.30039640083605, 94.47278850759382
52.86896145807075, 52.74080293784964
21.791747583628396, 89.41438370908772
52.79236266257424, 127.76307456068434
73.38297592309762, 15.535550208155113
95.35361138080638, 186.68219833429356
40.06561991755569, 57.145956347860526
95.18890814409068, 143.45752562221523
81.1039400301086, 72.17760635949728
73.02112346594573, 37.20973770195977
49.881398452731894, 87.7974296640673
64.46858856364219, 161.7911946398716
90.97808290235638, 172.14054886648523
96.2367376838987, 145.43816487351893
74.02287465780898, 75.36463748368398
71.86708546529599, 183.6664430843287
92.4033233311932, 49.213497438236644
75.4440723082217, 62.472880794172994
22.916237006309302, 76.63396317045878
42.269572955455374, 146.27029029815984
90.84982668073334, 19.600306563709857
99.59932134093344, 100.30813842570194
4.135349976008262, 90.91443725975665
17.983742188491767, 59.426320643962185
90.07747346301964, 56.838182744653906
74.58241881176338, 57.54558004626027
91.48363847727678, 70.50046152552314
89.887311610639, 164.72795451210354
45.11322461167089, 34.750919878452045
86.18183832516712, 8.910382195752732
8.087489963346384, 120.62008154096668
25.992942633795945, 142.85234215889596
88.99499200066121, 25.973523495203278
46.863395924947106, 18.38632953702146
7.704017257035034, 160.11597585424258
9.889936486831918, 50.112972151404136
87.51518372751185, 112.94110155137258
88.46556152373385, 10.328142592865476
42.17425442923742, 106.63815498206937
13.647984736517882, 38.07400125877547
14.53298777323746, 1.2006826831139739
72.80842586229149, 178.55447104654223
77.14197484426388, 13.861777101674644
38.79941736638736, 86.84566005547634
15.894549052850692, 165.65056534425418
66.34582426430123, 61.638334090386394
60.90245586011112, 174.67656228994838
2.7703714129159174, 47.45557905909325
85.58607413402775, 100.98168074245004
59.65275715996127, 44.21434810813607
23.088182268419853, 138.21806795320833
46.214725736805576, 96.49604067084738
11.153638462875104, 131.64279752649958
83.26088205675481, 104.80331936787178
62.77001087461366, 199.3314436375671
26.575790144749035, 39.91731320008842
8.851371970554755, 86.95446524938781
69.03614356911638, 185.12540337581666
70.9359078922289, 198.58091458289263
36.078380951416975, 9.40960694891353
41.59230506963626, 160.8123505859944
65.20496566058374, 144.67154661216298
97.48863702054142, 44.42384791170899
99.78342627457984, 56.985049911244424
54.71736935608802, 131.11158202658325
22.212416811634395, 26.96574898474109
90.12560557922494, 95.98925883039513
97.48661821179192, 72.4366229577287
79.4457154193737, 195.82357372550484
90.64578568426118, 47.52087877441809
7.9652214615644645, 122.9453821112977
25.429443621393645, 107.2787436917371
3.1502450501074475, 95.41098262841652
84.35449784074332, 145.83684837965748
54.62088594181718, 19.731648836978955
7.842589469007555, 179.3607483910859
96.20154157765313, 9.810788152504891
80.89126077220847, 84.67495373337226
75.54721106526543, 165.0698762291087
47.57988371721984, 115.06297808603625
9.270008651049578, 147.50003431868396
12.276287407647379, 165.55617089009112
3.3320594649111523, 39.881072281646034
32.690067277209565, 125.78236998745156
94.42936699182624, 93.01567525866965
27.047198150315243, 179.83467598159558
47.51437900811087, 187.69645541352088
49.920403431103544, 48.53889666782185
46.09199636576618, 20.28127979398242
12.572521014207505, 32.80570389583271
56.620500235324336, 31.249180713787705
10.764620298568827, 95.70431457475696
65.2471414635628, 64.9519622855492
97.88542792636188, 38.51803961703233
86.62620253449137, 122.73829441226007
77.65792004653352, 80.26714680464582
20.28909655912906, 50.18253589838761
80.97290368853291, 105.82897321566658
21.83325342588176, 145.49792005151605
35.79679294372102, 97.07011466841162
77.40645112798491, 162.88410090138547
32.33839775115575, 71.01572818067108
69.97469726074922, 172.19966322168017
92.26558273210256, 144.8477317974089
91.72680179630373, 78.15344030410752
92.99616261700598, 196.22644958459904
89.40566629703277, 132.45155799004715
86.21058191594658, 141.2276547911206
34.00228981544908, 115.97911322349665
74.0022239208068, 187.08331230383504
73.18056168601099, 68.26523021751359
160.32673615528984, 146.16357987980984
128.18200443867156, 67.37623997148268
114.2211092872624, 157.91873688879738
183.34972761614438, 50.95168889609489
103.28744259830847, 189.38868882039594
116.01891153559305, 17.368693640751843
133.51395079247078, 98.86895052710783
134.87597867041524, 176.28544020185188
106.88973018364867, 45.17820406100404
111.06635382919997, 124.94109359246495
113.50349291394231, 57.04579747029812
108.0773980673848, 95.71959346303971
103.06346304353575, 29.227487177771707
136.45965057331784, 48.84030876676495
177.46759377089748, 117.54901168367473
174.6462478961043, 69.69253469099897
122.48012499033142, 93.31438808668595
184.7347374090701, 65.23148875127762
151.3949738809714, 182.69025381645602
130.6888535678338, 137.9712061830085
140.31063431991933, 173.62548685322224
108.1651237231687, 130.9058942919298
108.23522970682005, 87.03966068503635
170.93383365756688, 30.253756561018584
131.32321195023997, 105.83988073673379
138.0859303415603, 131.78776755586316
158.47853507338743, 175.89850029787857
117.86811414133332, 102.75314717500652
114.21249785706318, 17.112456948238332
121.62374913148327, 130.712941361979
109.86408859272665, 24.187605154042345
165.64280845129767, 56.819692928234325
107.56102168324271, 162.94369689777727
104.6129529093719, 95.67002962127391
118.74199177053845, 153.11840039348198
106.15055694925739, 16.37476766761443
196.19009346049836, 118.57920623707814
165.16794462817182, 58.78564516568214
115.4185039855044, 192.88695178423353
102.58189067124015, 105.881266320934
115.07331341371525, 57.54137626120696
155.49433904344676, 125.21070597484058
112.89243259017489, 73.47619478118924
181.16591029384168, 132.73940860801954
151.00666152240225, 46.275864778816356
132.15197598370736, 21.37326537741675
150.3919241218827, 114.61800818005321
127.05137568808208, 115.62807445495555
144.02728475037418, 187.28118045235487
165.69960359916394, 94.47278850759382
147.13103854192926, 52.74080293784964
178.2082524163716, 89.41438370908772
147.20763733742575, 127.76307456068434
126.61702407690238, 15.535550208155113
104.64638861919362, 186.68219833429356
159.9343800824443, 57.145956347860526
104.81109185590932, 143.45752562221523
118.8960599698914, 72.17760635949728
126.97887653405427, 37.20973770195977
150.1186015472681, 87.7974296640673
135.5314114363578, 161.7911946398716
109.02191709764362, 172.14054886648523
103.7632623161013, 145.43816487351893
125.97712534219102, 75.36463748368398
128.132914534704, 183.6664430843287
107.5966766688068, 49.213497438236644
124.5559276917783, 62.472880794172994
177.0837629936907, 76.63396317045878
157.73042704454463, 146.27029029815984
109.15017331926666, 19.600306563709857
100.40067865906656, 100.30813842570194
195.86465002399174, 90.91443725975665
182.01625781150824, 59.426320643962185
109.92252653698036, 56.838182744653906
125.41758118823662, 57.54558004626027
108.51636152272322, 70.50046152552314
110.112688389361, 164.72795451210354
154.8867753883291, 34.750919878452045
113.81816167483288, 8.910382195752732
191.91251003665363, 120.62008154096668
