240
80.33753880366008, 175.8546110170956
62.755598012055934, 77.20062167812947
93.40856661977516, 92.60320927723022
7.077940358668866, 84.07029662790299
29.44263570914387, 125.44460076628174
92.52427191613177, 133.20946760019166
31.893525566900806, 43.844978852410186
26.411619651975027, 84.5916235881485
77.1429321522289, 133.99021204914686
39.790325094547754, 35.363172253722894
25.268897475409346, 73.33642174093491
86.30476045367543, 163.98744570429704
82.00980409439931, 170.4996703070002
94.96928805561167, 185.06227515630155
60.21248725296743, 30.963868798030415
94.07708604542229, 113.48668374291435
44.30089365367343, 179.06803165441752
68.92484637020424, 75.46113194384422
56.372781080104254, 64.53312020152451
76.37290649223048, 150.68973226529903
98.85377546439477, 71.45532812557336
62.84148804984483, 140.66847669869176
49.17238832965685, 137.84530951906336
39.7790363160525, 140.33736164653305
92.2667065786201, 103.12915933813022
3.229925673528633, 89.52103723061285
32.322167371542875, 54.22886755184295
87.91828025863936, 137.55720592537133
26.45246597798392, 98.33163592476544
49.10702432297603, 51.732249557174995
59.38192420001114, 187.5957222553572
22.324128944936472, 83.86443995422968
98.83487301886326, 31.52517066116833
51.90564023473275, 140.8739701114747
61.432338194282224, 191.75098098805782
70.66639135832139, 126.81303138171786
77.34163034203195, 122.57992397659616
54.12533158653046, 125.45587905488172
58.01463626444574, 144.89161126807406
95.25297229219022, 29.078135378451098
71.10249523255878, 95.35791995877423
64.08006251753949, 59.15630572088018
61.79806299320294, 101.41576295894737
82.3804165862767, 164.30596321067844
36.76982994105019, 75.9312662440359
72.78444193871431, 55.342785319848396
35.66323919550616, 29.476832443832656
30.137320578400583, 155.28010538526357
95.30506936898273, 13.560463685310808
80.4208362086153, 149.36800689457456
53.7034510226422, 61.36715839089886
39.50328034324586, 71.81113352975295
14.445521771006465, 124.17494851745083
60.19489854307831, 14.426459258281788
83.14454363115512, 120.80759698205806
19.803502251642946, 144.009627811908
95.95165978313534, 62.67452723535965
80.96526896173543, 184.5143492001289
83.79680657167623, 18.075805251572884
73.74780889520417, 180.92283158128947
88.24798084849623, 75.41967142979777
52.31857125491931, 67.38570238071067
36.610522362758815, 118.84679744752049
64.17087045918754, 109.24475288772508
76.62877719140307, 56.35192753293368
53.03432743266515, 23.527327117757736
74.93213413788185, 123.1845596735952
6.769846451913686, 76.25243268546468
72.26983243014908, 99.74614552314172
74.36850010255786, 132.37471124860878
28.744758307015562, 117.79173575983053
46.57070356631158, 124.28081135494364
68.17480626822746, 63.288252361846716
10.116882557504425, 96.2830469688709
46.21798293056115, 155.6280683535304
37.88708335870277, 97.7075505089348
71.00117030305701, 108.14747761670385
95.26309784947972, 195.52044461980472
48.38417029867771, 112.46198473504036
89.6294473235167, 12.286866146924869
12.160909837063938, 88.4735012000815
45.822886969232435, 49.13767323707885
0.19846193995445294, 32.018371743198124
35.984521130086975, 16.864260755517503
88.71401297903085, 161.86497952961082
71.84366196511253, 129.93041852495392
62.08002841119195, 46.567965589495564
29.47431774963568, 113.93208947789341
97.07714479485257, 41.04166267940019
45.13604959587454, 46.98118623864747
60.03113161436487, 55.83354140852188
87.04940282594991, 94.81527013621549
37.817258478628176, 21.3660807969301
92.40747751861564, 160.90109061338262
9.459221093911951, 20.969602208490933
80.0317435185069, 194.43063749321118
46.68206681226732, 193.29184355420534
14.237086025511147, 134.03987089600508
47.72799614058425, 40.39489793695541
52.89377944079339, 82.64411235097127
2.148743130118569, 128.14052515297087
26.908904218568587, 53.906663187705604
62.47847664293245, 69.00492670262778
25.53868361652134, 108.34383964408585
4.629974975404871, 185.37191757880117
11.21319115660665, 125.64596053775394
16.023122585793725, 41.27564526076961
38.0779482006769, 41.52090830212718
74.11485929309384, 121.12613362039848
34.14542233460145, 118.20386196708903
47.71219895589341, 68.65801960780156
65.66524489352246, 103.33515747767112
8.283109149649215, 61.469556538694505
30.860863902938085, 102.68186448817667
72.86054058100704, 109.25216639345653
78.1617479137892, 18.654222133926734
38.85473085818748, 80.35111317642935
16.73377922638385, 159.83813308196648
97.02551587564628, 98.86388846423526
95.31271722657993, 20.16769124060329
90.73530739346084, 60.36432241480598
33.1943675129904, 50.17520298882061
15.974497468167414, 61.652730771377804
86.60242909483077, 191.400137347376
46.28841261706421, 134.39863312534922
2.217406190044058, 2.3632155843252622
7.019851615444916, 11.648931503995353
48.98614776576582, 83.44028101307276
85.27984928575428, 66.01323654103976
58.596316239409184, 35.19234204367079
26.458971602865088, 35.354942606083384
37.636536224342166, 109.69178041608063
39.62536720099623, 58.404406797391474
58.41259538035779, 189.9185221344017
71.03255808867168, 19.943789763461584
12.801495295010834, 55.70817657419642
70.01729224973012, 40.978545454298995
66.1455240284351, 72.17116576197644
65.92193157417718, 43.62713511315612
38.143386971919526, 113.53887443237527
6.904018270862622, 129.09244516284556
40.519236090893784, 187.76282883292131
51.5432250934182, 33.92277190791948
28.198141218254445, 42.78285205146375
58.53338442690449, 149.46022985832835
57.77385757062377, 12.044931440238283
70.67697914442365, 81.84227920621854
27.985092183571105, 18.81025657876034
24.617642759513668, 153.4081904693554
91.27279351659038, 172.1343870593227
70.12673503173106, 135.02405753839295
18.373549800349476, 76.6889672269288
50.49489328290002, 116.32144896202792
95.4355609561492, 101.02426290698511
9.616925184173741, 90.46392581421824
8.627132082010869, 112.7437262430988
17.915737567855228, 94.96385852564768
92.60361921065115, 193.83127793389002
64.82643807258343, 84.72515076233198
6.870525628723778, 113.40699270288968
119.66246119633992, 175.8546110170956
137.24440198794406, 77.20062167812947
106.59143338022484, 92.60320927723022
192.92205964133115, 84.07029662790299
170.55736429085613, 125.44460076628174
107.47572808386823, 133.20946760019166
168.1064744330992, 43.844978852410186
173.58838034802497, 84.5916235881485
122.8570678477711, 133.99021204914686
160.20967490545223, 35.363172253722894
174.73110252459065, 73.33642174093491
113.69523954632457, 163.98744570429704
117.99019590560069, 170.4996703070002
105.03071194438833, 185.06227515630155
139.78751274703257, 30.963868798030415
105.92291395457771, 113.48668374291435
155.69910634632657, 179.06803165441752
131.07515362979575, 75.46113194384422
143.62721891989574, 64.53312020152451
123.62709350776952, 150.68973226529903
101.14622453560523, 71.45532812557336
137.15851195015517, 140.66847669869176
150.82761167034315, 137.84530951906336
160.2209636839475, 140.33736164653305
107.7332934213799, 103.12915933813022
196.77007432647136, 89.52103723061285
167.6778326284571, 54.22886755184295
112.08171974136064, 137.55720592537133
173.54753402201607, 98.33163592476544
150.89297567702397, 51.732249557174995
140.61807579998884, 187.5957222553572
177.67587105506354, 83.86443995422968
101.16512698113674, 31.52517066116833
148.09435976526726, 140.8739701114747
138.56766180571776, 191.75098098805782
129.3336086416786, 126.81303138171786
122.65836965796805, 122.57992397659616
145.87466841346955, 125.45587905488172
141.98536373555424, 144.89161126807406
104.74702770780978, 29.078135378451098
128.8975047674412, 95.35791995877423
135.9199374824605, 59.15630572088018
138.20193700679707, 101.41576295894737
117.6195834137233, 164.30596321067844
163.2301700589498, 75.9312662440359
127.21555806128569, 55.342785319848396
164.33676080449385, 29.476832443832656
169.8626794215994, 155.28010538526357
104.69493063101727, 13.560463685310808
119.5791637913847, 149.36800689457456
146.29654897735782, 61.36715839089886
160.49671965675412, 71.81113352975295
185.55447822899353, 124.17494851745083
139.8051014569217, 14.426459258281788
116.85545636884488, 120.80759698205806
180.19649774835705, 144.009627811908
104.04834021686466, 62.67452723535965
119.03473103826457, 184.5143492001289
116.20319342832377, 18.075805251572884
126.25219110479583, 180.92283158128947
111.75201915150377, 75.41967142979777
147.6814287450807, 67.38570238071067
163.38947763724119, 118.84679744752049
135.82912954081246, 109.24475288772508
123.37122280859693, 56.35192753293368
146.96567256733485, 23.527327117757736
125.06786586211815, 123.1845596735952
193.23015354808632, 76.25243268546468
127.73016756985092, 99.74614552314172
125.63149989744214, 132.37471124860878
171.25524169298444, 117.79173575983053
153.42929643368842, 124.28081135494364
131.82519373177254, 63.288252361846716
189.88311744249557, 96.2830469688709
153.78201706943884, 155.6280683535304
162.11291664129723, 97.7075505089348
128.998829696943, 108.14747761670385
104.73690215052028, 195.52044461980472
151.6158297013223, 112.46198473504036
110.3705526764833, 12.286866146924869
