192
41.826214291802685, 108.81862405977223
27.839719095467817, 162.21350993323324
95.31562475515219, 93.40314154819426
47.71886296415282, 59.04875046015694
28.14802122538751, 84.00208114807425
85.75515084400757, 98.99287256033418
28.606388838140298, 71.42521834464632
62.161002756582405, 136.63935778257144
53.34017916272351, 109.40913693510018
94.57037537604563, 67.49531721930846
45.58067908089419, 95.97747580211005
48.37946584088266, 82.28874762056853
74.27290618592181, 194.64398395908552
75.94387362006971, 187.16097793926102
29.95226361379082, 164.36086562931055
80.21498639778916, 180.82225186296412
76.71141649431611, 114.1823118762786
71.3017078112801, 13.111577718643886
42.41690004895956, 134.01592111886643
18.884599452099778, 123.16499520937683
84.32831407018642, 79.72705657458863
37.03346169157354, 22.44821946516864
49.85857055570132, 137.41121515215167
58.07250516379793, 102.56937043208823
34.36323045020837, 129.20447215084917
67.05745086366112, 171.8899106742431
51.64506729312029, 180.55258875720736
24.7630545781319, 90.90183306282317
91.90302233225502, 83.60072340133293
68.04163715971782, 182.81741532833712
38.54962547636754, 97.14088457165532
62.52506003133388, 149.7128015652904
57.4638790857161, 57.86487798476791
33.60185976040282, 107.45190462356553
59.9690526453201, 108.34272458542212
57.759794205273565, 12.912147750719672
71.69539159974619, 71.97399039017984
20.653235959473236, 104.48000504493444
94.41505515431317, 102.7842171139715
33.78382022691404, 45.53418002039478
83.13984273218587, 162.0093489626037
97.8602546082205, 33.984248142861496
97.25436962924718, 143.85774488576706
25.493499384577913, 100.92847447924909
30.918623922589315, 96.99745996887314
39.92900030041441, 24.413368546098212
99.85907625130308, 1.63983334346669
94.6046204097189, 181.48452573626233
80.67241178638787, 44.394769370247985
97.33100772803962, 91.89063058361747
95.54636594710723, 172.95971778701386
11.721407168183205, 170.3774635716097
60.48889827789522, 80.82118171288117
63.43406527528508, 140.52450653352653
58.95352425258606, 65.41214755515179
46.838664077601734, 197.67769946825317
41.74212772770268, 127.98403858871387
19.08176137391576, 174.4666942446966
25.348991742553107, 126.90120309220818
77.14506979669967, 154.4513918076396
60.640795077921425, 144.10078719247142
54.41065367056207, 86.4985314905238
56.390272161041594, 179.78231645769677
30.10168514275533, 195.58843727561177
59.369852644987084, 11.54110911957915
51.25181078083859, 156.08298497632524
29.213829899655973, 63.90579030747175
83.65642242764434, 138.32492756728647
53.86151820197266, 163.93986956440602
18.180961448459783, 118.37466159144319
16.832778288733053, 136.08334628471633
47.60055446328588, 160.55487327055604
13.007977532180615, 75.69685672627817
20.550192943169176, 52.476736590063226
49.463748589085085, 97.96604916826021
65.67483515190452, 108.8548601587713
5.318505124705741, 93.58623647736653
47.18432085390951, 122.94377464263222
5.455816213829799, 132.53399486520863
59.13448632458571, 127.07625541331964
10.013195547329556, 81.00255910035989
22.930064380761095, 113.1679094042909
73.27372528799752, 191.05671143111934
71.3673484682783, 88.21359725907887
90.79639747790151, 45.025782898143696
3.9860131470909943, 133.87773962785622
82.16152115385843, 188.91910026236593
37.70210675102524, 140.80875856886678
26.90628042476827, 18.55802921075782
70.74388651000261, 46.15236165346304
44.46554165505863, 74.24506120565172
54.662563315862236, 24.539115033457627
78.72750911516933, 177.19570137480792
43.409470734215695, 49.11828304049044
56.48526876107036, 124.96034512619924
32.660577515884725, 47.25704340303722
35.37679467913474, 110.37600009031381
29.64750395428909, 86.55341689921794
0.8386796770158522, 26.923510279507834
93.59879919521131, 22.840908486699107
25.597329257893463, 15.512710619529525
71.72043946265862, 52.66559609480033
99.87235858002977, 128.40950769205236
90.4450269769508, 137.8098723897975
31.50694463276995, 41.06655974560667
35.042665910791385, 6.983808936024372
66.99181804399699, 136.9266815697734
69.44849796743523, 19.28326510568821
57.321842168395435, 141.7563223482454
73.7522108057292, 178.2967376248888
97.92119550713166, 76.32430484559731
39.514074309112445, 54.96802213410523
158.17378570819733, 108.81862405977223
191.38134836415705, 85.25683354488211
126.52918614809485, 69.90197251428512
152.28113703584717, 59.04875046015694
171.8519787746125, 84.00208114807425
114.24484915599243, 98.99287256033418
125.97540066635133, 120.84844328462768
137.8389972434176, 136.63935778257144
125.64820943614212, 82.99003157212277
160.458844355103, 28.624997576931644
154.41932091910581, 95.97747580211005
180.60364392708377, 69.2805469580594
125.72709381407819, 194.64398395908552
123.50683624114107, 171.61968302056025
187.6027776840951, 134.92784029672657
119.78501360221084, 180.82225186296412
132.90283404596352, 35.107967428287324
128.6982921887199, 13.111577718643886
157.58309995104042, 134.01592111886643
118.78495431249388, 197.1518142029368
115.67168592981358, 79.72705657458863
162.96653830842646, 22.44821946516864
150.1414294442987, 137.41121515215167
196.09682989883913, 90.6284984110704
165.63676954979164, 129.20447215084917
132.94254913633887, 171.8899106742431
148.3549327068797, 180.55258875720736
107.18668151699269, 127.19865281673597
108.09697766774498, 83.60072340133293
131.95836284028218, 182.81741532833712
125.13471578026937, 160.81267765812166
113.86463067863912, 158.91529982668123
117.46471962169085, 117.47147224292095
143.3564693121507, 108.55332442054294
140.0309473546799, 108.34272458542212
142.24020579472642, 12.912147750719672
128.3046084002538, 71.97399039017984
179.34676404052675, 104.48000504493444
101.15432534787517, 142.18805493603716
166.21617977308597, 45.53418002039478
116.86015726781413, 162.0093489626037
102.1397453917795, 33.984248142861496
102.74563037075282, 143.85774488576706
174.50650061542208, 100.92847447924909
169.08137607741068, 96.99745996887314
160.0709996995856, 24.413368546098212
100.14092374869692, 1.63983334346669
120.63708603297626, 153.42417043066766
127.03490178259848, 79.60161609670378
102.66899227196038, 91.89063058361747
180.5797557342048, 147.85933938731978
116.5091044180494, 195.59062757595916
139.5111017221048, 80.82118171288117
136.5659347247149, 140.52450653352653
141.04647574741395, 65.41214755515179
151.72051574312155, 169.34476586977107
158.25787227229733, 127.98403858871387
125.12154750512684, 151.81817582504183
178.4867094648874, 95.72754426612337
122.85493020330033, 154.4513918076396
139.35920492207856, 144.10078719247142
145.58934632943794, 86.4985314905238
109.90533784952113, 153.05038655320874
100.77769234643553, 135.98778205684968
140.63014735501292, 11.54110911957915
148.74818921916142, 156.08298497632524
170.78617010034404, 63.90579030747175
148.43301507678217, 131.3223289281448
138.89634964086628, 180.7462812598104
175.12139369528148, 69.50903619560782
183.16722171126696, 136.08334628471633
174.41014200923647, 151.9000974496748
186.9920224678194, 75.69685672627817
179.44980705683082, 52.476736590063226
158.4872168344752, 173.26184476250086
134.32516484809548, 108.8548601587713
194.68149487529425, 93.58623647736653
152.81567914609047, 122.94377464263222
147.85034909500854, 59.40363290139914
140.8655136754143, 127.07625541331964
