176
68.47996462113596, 167.96249499195187
73.89663078281662, 25.998672777615738
46.549926907325435, 55.720548259258564
74.51981521709328, 166.93105899092328
95.38203903530042, 161.95143129448059
77.80807652218493, 52.28897861460307
80.07782059698658, 124.45086032901939
62.974402690204, 156.70810160169316
26.183401471314692, 39.086143471847
91.97377767516417, 195.2028200333318
35.72353274116223, 160.2805568254343
19.671455676797002, 66.17342749537876
73.59825674704781, 94.35624098641087
96.56018612791051, 13.921854033987447
32.73563563758501, 118.27500087483078
7.252755313381121, 88.86752249768308
94.60378079616378, 92.63883194670248
44.96366119903523, 134.12951972744764
51.011950759725664, 136.356256246132
97.07417939488766, 54.099946253301965
90.36093461135084, 103.44888634657552
66.2801291140292, 82.88493152344525
92.41437298578921, 103.80355403915287
48.929554401977526, 53.43930107067254
22.320437759642566, 146.73474791228776
97.31805311491783, 66.91466760942848
11.231206040017195, 126.0252992174837
63.10772358721183, 175.49848325752527
45.245136008625956, 122.88287777671529
47.883277244581954, 115.16303498541902
15.815093777567423, 58.81230929428756
86.66028693244482, 134.09955605280413
63.85108513090964, 154.48296268170333
74.52035639293094, 92.35267768726504
80.31814770677357, 91.17142745884298
79.81354288225924, 43.82150615441957
45.60303300595234, 21.914993790192195
27.065999633928286, 76.66943566259299
28.32136242261114, 133.6010542328882
98.0197694841408, 123.59304829284945
67.90302800890919, 41.89265068907866
64.67531061343954, 70.00718289779628
94.6300770836376, 52.382788386994925
35.040714586091745, 110.27009102847269
54.198130230065935, 122.04879753358952
96.31049767330481, 114.58196295926368
69.15687893751434, 70.3276535888944
80.42483767924755, 100.5333810595788
39.364818971888226, 55.0298001168009
11.401755888552378, 74.3594781528386
24.639626924132664, 153.80247785462748
15.673415320093632, 79.85256034658089
36.28380242971484, 89.25675517759923
47.80626422117127, 118.08136638853502
68.48083279829216, 43.930160793927556
82.35624861926175, 189.63664568280754
19.36149011917101, 42.69129649554624
59.423456679396004, 118.07359162240604
40.980422962383145, 109.84287873561055
13.759520630236977, 71.85579962086481
55.2206356583931, 66.65658293506893
72.31358350424546, 150.06851039679924
84.03577485157996, 180.33612943878353
16.32330745555992, 62.24551844912782
77.34309317190761, 65.35542382323077
68.41985741112812, 107.11319551370275
57.95542535493613, 133.0503961935563
68.0733006211847, 96.94193137000504
86.54459863638144, 23.809530677874037
51.42591143962476, 39.150720864554266
87.85637909033645, 9.369401762363182
78.72244537736375, 169.14279822349673
12.602231055080647, 75.70582722833548
9.064141385113157, 140.3388673437721
37.057122125455834, 156.09875216397157
83.19369366881017, 85.56849692915762
35.51429781735425, 153.2418353063973
73.28711560648681, 156.40098928551038
43.98628014616196, 106.10477647695589
92.26439991842358, 158.17850744418735
59.920934735664076, 138.56301844561344
7.556892187282571, 120.83721138049826
53.874303114818154, 108.75316695073862
14.308750411635218, 47.3081306670617
85.33754702341756, 82.299717820007
6.100391849852582, 5.135262380212224
65.68878194398947, 27.76294926691587
32.06080081378999, 195.5327254251748
68.04733152477358, 18.696086008377087
41.373156987583926, 126.26815426908556
12.954694122276644, 20.89637740597223
25.267051708571664, 166.52080682190558
55.751814995625296, 132.06574565265535
70.88697850345152, 51.70331640974153
77.88952129308835, 184.01041152141707
66.90579925795416, 53.95080532505616
131.52003537886404, 167.96249499195187
126.10336921718338, 25.998672777615738
153.45007309267456, 55.720548259258564
125.48018478290672, 166.93105899092328
104.61796096469958, 161.95143129448059
122.19192347781507, 52.28897861460307
119.92217940301342, 124.45086032901939
137.025597309796, 156.70810160169316
173.81659852868532, 39.086143471847
108.02622232483583, 195.2028200333318
164.27646725883778, 160.2805568254343
180.328544323203, 66.17342749537876
126.40174325295219, 94.35624098641087
103.43981387208949, 13.921854033987447
167.264364362415, 118.27500087483078
192.74724468661887, 88.86752249768308
105.39621920383622, 92.63883194670248
155.03633880096476, 134.12951972744764
148.98804924027434, 136.356256246132
102.92582060511234, 54.099946253301965
109.63906538864916, 103.44888634657552
133.7198708859708, 82.88493152344525
107.58562701421079, 103.80355403915287
151.07044559802247, 53.43930107067254
177.67956224035743, 146.73474791228776
102.68194688508217, 66.91466760942848
188.76879395998282, 126.0252992174837
136.89227641278816, 175.49848325752527
154.75486399137404, 122.88287777671529
152.11672275541804, 115.16303498541902
184.18490622243257, 58.81230929428756
113.33971306755518, 134.09955605280413
136.14891486909036, 154.48296268170333
125.47964360706906, 92.35267768726504
119.68185229322643, 91.17142745884298
120.18645711774076, 43.82150615441957
154.39696699404766, 21.914993790192195
172.9340003660717, 76.66943566259299
171.67863757738886, 133.6010542328882
101.9802305158592, 123.59304829284945
132.0969719910908, 41.89265068907866
135.32468938656046, 70.00718289779628
105.3699229163624, 52.382788386994925
164.95928541390825, 110.27009102847269
145.80186976993406, 122.04879753358952
103.68950232669519, 114.58196295926368
130.84312106248566, 70.3276535888944
119.57516232075245, 100.5333810595788
160.6351810281118, 55.0298001168009
188.59824411144763, 74.3594781528386
175.36037307586733, 153.80247785462748
184.32658467990638, 79.85256034658089
163.71619757028515, 89.25675517759923
152.19373577882874, 118.08136638853502
131.51916720170783, 43.930160793927556
117.64375138073825, 189.63664568280754
180.638509880829, 42.69129649554624
140.576543320604, 118.07359162240604
159.01957703761684, 109.84287873561055
186.24047936976302, 71.85579962086481
144.7793643416069, 66.65658293506893
127.68641649575454, 150.06851039679924
115.96422514842004, 180.33612943878353
183.67669254444007, 62.24551844912782
122.65690682809239, 65.35542382323077
131.58014258887187, 107.11319551370275
142.04457464506388, 133.0503961935563
131.9266993788153, 96.94193137000504
113.45540136361856, 23.809530677874037
148.57408856037523, 39.150720864554266
112.14362090966355, 9.369401762363182
121.27755462263625, 169.14279822349673
187.39776894491936, 75.70582722833548
190.93585861488685, 140.3388673437721
162.94287787454417, 156.09875216397157
116.80630633118983, 85.56849692915762
164.48570218264575, 153.2418353063973
126.71288439351319, 156.40098928551038
156.01371985383804, 106.10477647695589
107.73560008157642, 158.17850744418735
