160
48.814452214859635, 129.51973363068325
22.73411076724676, 115.16429144547722
24.442863686635828, 58.10427499466233
79.36667431235199, 7.7533257954153445
45.90758489120345, 72.54564128736214
97.85133714674589, 66.20834799470305
40.21024689408594, 105.42524521452063
94.22582829296951, 89.61184884971512
85.78077801351786, 61.71656992349304
56.492759739909104, 188.53493772174278
65.17803521111809, 177.40820673396502
27.554714434283934, 158.62296905184698
51.12680561950005, 161.40823042637194
72.82196014100705, 184.6690806322587
84.6202288812847, 135.5069188765935
80.82026830482788, 185.81356567286406
94.56766577900952, 162.78734657449746
36.39785008306855, 79.36137874336964
5.42674378103285, 118.23210488348612
33.349585208516494, 72.60503869255588
28.511619963404943, 122.44753906278146
36.111426624569674, 83.33171971305602
44.93636805343429, 143.62504591030356
6.857553319102894, 119.22525458246194
45.0515487874216, 64.36807428016296
26.32183479995085, 142.6084799216857
51.818890700672085, 180.3155635611863
99.41424000102937, 37.740125259970924
94.79019622318503, 121.73530172855868
78.16061633106858, 33.463281708934424
55.93121062128227, 70.23829955754775
69.68715748473934, 108.84864616782728
77.16739757681042, 170.98792196866245
31.89354319990353, 142.10065136354822
55.06725222443142, 141.143189958707
79.10042003981268, 163.76704912002208
34.74244345374184, 70.6757869498936
68.4087158221368, 61.68937596879112
55.79451802696022, 16.24084680323563
54.17733570316104, 153.0013210735481
60.36844947756743, 129.9091250482686
44.86132951423871, 66.30530638251741
48.40585774259954, 71.73465465646673
32.36600875860458, 32.157287618083295
88.78569591848097, 151.22738926618206
66.28157392436668, 100.8567344918494
72.01197695934636, 168.74872333326584
85.70839620955246, 79.01139191936544
62.75793105151618, 144.5501724299992
64.41388742370312, 76.6348385672307
81.99183573913508, 46.59876252422394
24.323220563733383, 40.16634093952367
86.7209885192903, 154.03878961201013
59.92647097201312, 90.18215631381833
65.1012398493087, 132.52231541067806
80.08957099883995, 63.74069226361983
28.48420297124845, 132.72057239028987
82.3944021563953, 125.7858137180792
47.737379741574216, 81.37374600096653
49.55040326311858, 169.9872588578122
57.61612456267879, 139.12280923405208
43.37444269182386, 173.6656345340857
90.62916588678289, 92.61607954775548
98.27782492919445, 141.429634671576
90.62504339347677, 129.07049014379163
83.7029650611126, 197.74001794279584
74.55063125920314, 87.44704686729801
42.51300396713735, 144.48580103306128
55.52442023133401, 31.11297459469988
17.71421595571757, 81.13972674875505
99.81064938419371, 44.94135735234692
89.9942059139655, 72.93436162233368
20.590990910912545, 147.56846190511976
71.85964155279446, 26.723612802739826
70.91258873530461, 87.17333811348536
43.229494430258775, 130.99971632362372
60.85568178171394, 175.43756869870782
99.72342318772827, 41.17199284601389
86.77828353724153, 118.26265416862792
22.561564807659607, 42.02954411969131
151.18554778514036, 129.51973363068325
177.26588923275324, 115.16429144547722
175.55713631336417, 58.10427499466233
120.63332568764801, 7.7533257954153445
154.09241510879656, 72.54564128736214
102.14866285325411, 66.20834799470305
159.78975310591406, 105.42524521452063
105.77417170703049, 89.61184884971512
114.21922198648214, 61.71656992349304
143.5072402600909, 188.53493772174278
134.82196478888193, 177.40820673396502
172.44528556571606, 158.62296905184698
148.87319438049997, 161.40823042637194
127.17803985899295, 184.6690806322587
115.3797711187153, 135.5069188765935
119.17973169517212, 185.81356567286406
105.43233422099048, 162.78734657449746
163.60214991693147, 79.36137874336964
194.57325621896715, 118.23210488348612
166.6504147914835, 72.60503869255588
171.48838003659506, 122.44753906278146
163.88857337543033, 83.33171971305602
155.0636319465657, 143.62504591030356
193.1424466808971, 119.22525458246194
154.9484512125784, 64.36807428016296
173.67816520004914, 142.6084799216857
148.18110929932791, 180.3155635611863
100.58575999897063, 37.740125259970924
105.20980377681497, 121.73530172855868
121.83938366893142, 33.463281708934424
144.06878937871772, 70.23829955754775
130.31284251526066, 108.84864616782728
122.83260242318958, 170.98792196866245
168.10645680009648, 142.10065136354822
144.93274777556857, 141.143189958707
120.89957996018732, 163.76704912002208
165.25755654625817, 70.6757869498936
131.5912841778632, 61.68937596879112
144.20548197303978, 16.24084680323563
145.82266429683895, 153.0013210735481
139.63155052243258, 129.9091250482686
155.13867048576128, 66.30530638251741
151.59414225740045, 71.73465465646673
167.63399124139542, 32.157287618083295
111.21430408151903, 151.22738926618206
133.71842607563332, 100.8567344918494
127.98802304065364, 168.74872333326584
114.29160379044754, 79.01139191936544
137.24206894848382, 144.5501724299992
135.5861125762969, 76.6348385672307
118.00816426086492, 46.59876252422394
175.67677943626663, 40.16634093952367
113.2790114807097, 154.03878961201013
140.07352902798687, 90.18215631381833
134.89876015069132, 132.52231541067806
119.91042900116005, 63.74069226361983
171.51579702875154, 132.72057239028987
117.6055978436047, 125.7858137180792
152.26262025842578, 81.37374600096653
150.4495967368814, 169.9872588578122
142.3838754373212, 139.12280923405208
156.62555730817616, 173.6656345340857
109.37083411321711, 92.61607954775548
101.72217507080555, 141.429634671576
109.37495660652323, 129.07049014379163
116.2970349388874, 197.74001794279584
125.44936874079686, 87.44704686729801
157.48699603286263, 144.48580103306128
144.475579768666, 31.11297459469988
182.28578404428242, 81.13972674875505
100.18935061580629, 44.94135735234692
110.0057940860345, 72.93436162233368
179.40900908908745, 147.56846190511976
128.14035844720553, 26.723612802739826
129.0874112646954, 87.17333811348536
156.77050556974123, 130.99971632362372
139.14431821828606, 175.43756869870782
100.27657681227173, 41.17199284601389
113.22171646275847, 118.26265416862792
177.4384351923404, 42.02954411969131
