192
35.10575351578682, 156.16798547217172
64.14216440580289, 111.28573449340027
16.14712593053508, 68.19127470748481
43.73426098605897, 181.07022768630435
11.12624887069751, 54.34755799411379
0.6303070186151416, 131.3812793349145
28.09331849442467, 122.64592449778596
31.016720630314936, 90.824204208772
91.43955516353893, 159.39033815142028
27.643003421673463, 109.28970637563589
67.96666532919512, 123.83628519171538
24.945427658920938, 105.26695896309646
35.278332809991056, 175.18740734503197
50.71205658687256, 74.10904812057906
91.67892624069263, 88.23664902002497
26.53900656806488, 70.12701047038705
70.26452355609011, 95.43787508073936
19.671381092131547, 78.34875957972244
77.95709397176057, 27.73867910475536
56.60078905012336, 83.68363860749331
95.34906373486768, 66.33946250622715
91.22280736439102, 195.90548867979777
12.225894822464255, 72.4373753135522
24.81626100955704, 130.77628380784657
90.81691753589936, 194.29924709482387
25.031085417039705, 0.5510514664205992
41.70701451736812, 116.09019881943546
52.45731651166988, 170.65246821614488
75.93253258473995, 126.3292771787966
66.64326526927017, 98.82769760937622
89.66466049101219, 134.10628425772043
69.62789658675841, 33.59858808880149
82.79514131477642, 53.29558873772879
47.04884000998616, 36.71565585119846
24.05760305429484, 74.7750492639648
62.15002574503213, 82.09945477213488
6.501134557141043, 65.65068054191832
89.93666508206081, 111.03255255485026
27.52180912904386, 13.294910157078895
26.740475713169765, 116.84046315887113
11.804701569555132, 56.21064987240907
82.70063160194734, 112.15083163466504
92.11213014785498, 129.6596967945053
64.28412384411347, 10.786133177378554
75.84045766418218, 8.35701598491815
60.468927467574986, 25.122496411545697
82.71581323347729, 100.69046888273463
93.70331487028986, 87.40581282206234
29.55657922347098, 128.31442121253488
49.067518181523184, 44.83867763122668
88.97906768374347, 182.3783751822846
4.193656871278598, 79.83604045280283
29.42808252966688, 157.17110882471002
25.58532622036711, 113.44295550641456
42.07035650166006, 47.884927974634664
39.66354826498455, 95.49615521415737
75.53987609828253, 32.19371409685871
94.69083736392275, 189.24989734507812
34.802371227785734, 157.92195343454637
33.68333367911769, 161.45858949187348
91.78771068256287, 166.33470830180127
52.8512821659678, 101.83755508939181
19.355400154271617, 67.40107585108706
94.10416107350527, 75.78574333479358
65.8896995435041, 20.878424613227065
49.49073310909861, 143.57460753220926
79.23259154199641, 44.64825157554764
72.50715029817043, 63.706951551772036
71.14575538043282, 77.66750438578833
74.18341658912453, 5.298360526148516
77.48672253845767, 176.34219244800627
98.29571323897393, 33.85335715190317
35.125217887727224, 134.6650592198047
40.53381802355165, 134.18397190251954
33.16572662426206, 140.21384924470055
39.54406113559021, 21.311640172101587
57.99429283252392, 156.6484938063331
35.25400704080725, 26.008825802223214
11.631705174573945, 140.4976846128617
94.65905620625033, 78.9435010011689
31.026630022833668, 94.30531802225389
63.2117613921971, 194.9810108679701
63.34724405234298, 191.89836405619408
32.87968943203366, 6.816372474526178
13.41599842932254, 83.55149848515336
66.42039298104193, 102.02794463428329
85.51261216015304, 119.85490748989211
49.5139125800912, 174.25359480111956
23.77361399860338, 47.432012499670996
3.401665872825277, 27.74034760732733
73.26429683120452, 48.902946680382996
88.12411618058371, 187.27545386506011
9.308145341808483, 93.23030556846652
0.5517077038992291, 123.90757765918028
30.17553312089486, 101.70109732283844
64.24826908231873, 16.947128194344362
52.25706808770768, 154.3429273514944
84.07496700075299, 123.19837215907945
98.80935358946886, 64.99010438784289
87.2176282679202, 61.51998023050629
92.29365073093007, 55.00048533671675
8.15172982703929, 143.8833916652269
62.8530047149675, 119.95188632724445
17.16517966769019, 133.24942967413955
27.051683930102797, 185.75116511780135
38.40177694336426, 68.95472291789848
81.46087268287668, 46.657177948102316
12.064632538608155, 145.7802037421071
58.683379770004464, 36.66910386885534
25.16932754550858, 51.36299336438035
36.52025447681575, 159.27077574818952
77.61771339169185, 37.550075411191976
123.88296744656132, 169.99449184175012
135.85783559419713, 111.28573449340027
191.16427023698412, 88.37104301827662
156.26573901394102, 181.07022768630435
188.8737511293025, 54.34755799411379
126.16699863074324, 175.7205783909678
171.90668150557534, 122.64592449778596
121.10922573407166, 164.445357991196
147.80536610115973, 143.10724981142906
172.35699657832654, 109.28970637563589
142.68613040316384, 177.93293991810089
175.05457234107905, 105.26695896309646
164.72166719000893, 175.18740734503197
114.20882367130322, 94.4490763747344
108.32107375930737, 88.23664902002497
173.46099343193512, 70.12701047038705
129.73547644390987, 95.43787508073936
140.94515520322142, 57.223798704639606
122.04290602823943, 27.73867910475536
150.1880939966413, 30.42075086385363
169.05755332763107, 53.61772874814585
108.77719263560898, 195.90548867979777
187.77410517753574, 72.4373753135522
175.18373899044298, 130.77628380784657
159.02953192971086, 142.83787491911417
137.8370785549406, 24.532251728007925
158.29298548263188, 116.09019881943546
147.5426834883301, 170.65246821614488
124.06746741526005, 126.3292771787966
133.35673473072984, 98.82769760937622
110.33533950898781, 134.10628425772043
125.62114560269092, 113.44360289537705
101.9131735120403, 131.30716935462976
150.34855004665857, 116.15223882285959
175.94239694570516, 74.7750492639648
161.12100744785414, 88.87751320824795
188.7936376734251, 105.3515048135514
110.06333491793919, 111.03255255485026
114.63701057690314, 71.37436770482437
173.25952428683024, 116.84046315887113
188.19529843044486, 56.21064987240907
117.29936839805266, 112.15083163466504
106.19638731898834, 61.85961037423051
135.71587615588652, 10.786133177378554
134.61539249704205, 85.37429167047313
102.28633172075824, 24.98129323111189
117.28418676652271, 100.69046888273463
106.29668512971014, 87.40581282206234
170.44342077652902, 128.31442121253488
143.4298905002302, 32.539507728074945
111.02093231625653, 182.3783751822846
132.46842911955088, 15.67131018732384
123.56626995391692, 132.14298756318632
174.4146737796329, 113.44295550641456
143.34873520825045, 15.561914271743959
160.33645173501546, 95.49615521415737
124.46012390171747, 32.19371409685871
102.293034699784, 123.06921871292933
165.19762877221427, 157.92195343454637
116.69548141264444, 156.26898522717033
108.21228931743713, 166.33470830180127
147.1487178340322, 101.83755508939181
180.64459984572838, 67.40107585108706
105.89583892649473, 75.78574333479358
134.1103004564959, 20.878424613227065
127.25222137299367, 190.4510169180456
120.76740845800359, 44.64825157554764
127.49284970182957, 63.706951551772036
182.5883427671857, 145.37739380355978
125.81658341087547, 5.298360526148516
122.51327746154233, 176.34219244800627
160.20789272145777, 27.824373956923054
164.87478211227278, 134.6650592198047
165.4608502844709, 166.6508054696887
166.83427337573795, 140.21384924470055
160.4559388644098, 21.311640172101587
142.0057071674761, 156.6484938063331
164.74599295919273, 26.008825802223214
149.72341655193648, 150.4742434078561
105.34094379374967, 78.9435010011689
