208
1.1273907685822926, 99.52929832925324
46.83824377596996, 75.65692727873822
61.01463669906783, 108.89429908226889
14.443646577069579, 74.38873383154522
90.80224950320269, 169.49963865075895
58.243480852489206, 153.66122004219235
51.17436884657164, 181.8331598861419
29.76475366823924, 162.29812686337354
56.807480417237564, 143.43776600260458
82.39199484056203, 58.75551959142964
55.93523954448919, 51.30262750140984
52.812415366348716, 82.01282244387104
25.623201478109138, 138.8732356171855
80.77914239397057, 100.8669419790928
20.428663532763224, 47.25788534841256
42.10681351259833, 50.89467737047484
84.4528805672061, 2.930895781169496
78.19946855742437, 97.66826835057674
21.1077632199127, 151.98361506674289
75.05274283865651, 57.658187858163345
34.065954910220896, 63.907826685037165
19.76306783037025, 52.36975550262719
67.77448278919103, 163.157433898486
6.523135285464521, 122.35041918675182
53.725894921382945, 51.868137929259106
50.96854115994147, 78.71342488646582
68.59350925522291, 11.260009663410365
95.71708611259339, 147.92411426422095
48.05035294274948, 168.17184055275897
57.47725199818342, 141.82519403630158
29.706186381592413, 85.9742977983453
65.02283334849864, 159.08574744189644
65.39473977291023, 141.32466681991465
59.249583772965174, 123.19232846145547
43.168319343872774, 99.71296211832656
92.51406998782984, 131.3218832735468
11.218491787271546, 60.91848805949467
65.73227289767838, 126.85014741155014
41.14745316270641, 85.70639460088955
3.882544465736315, 75.06745941825403
69.66410667863549, 159.54016845750888
81.82043320786828, 40.45533863753874
62.27654632063273, 19.89194429898049
72.4388032839439, 4.174768525663763
75.85298940687994, 192.2649284577755
4.852264406635176, 93.64987091263801
83.51122369742754, 188.20847218313455
99.38386788033728, 20.88149256761036
85.01361810204212, 31.921370389662094
53.99981159762002, 138.39207712618096
73.65312928948072, 141.65934393887963
79.29265970965191, 111.8249672533731
14.864959397118927, 123.42268800730456
99.18392187137609, 188.50685588536007
73.99030519226851, 150.66941867189158
47.436896633576396, 81.68468259214224
84.79831936810436, 175.04937967685103
77.4066748177743, 131.2327344543558
72.82956431637969, 186.60979738674882
20.728223870757787, 99.58684032050643
61.09898414580235, 175.49228817892072
83.41000273356507, 144.9126420305679
25.211108844937392, 75.92751537812252
15.977581825652166, 131.48865405085388
88.2760798258602, 35.736175729867625
24.54423480822532, 141.12769290505454
60.87192660973852, 147.5010094383161
91.25608152178734, 182.70469816632695
56.61532322317062, 107.47604379172219
93.28105644743314, 24.71124793877706
98.13057732843589, 97.87115038639178
76.0133401835082, 43.554894130810574
89.00795025307114, 173.13465159155749
75.26519396568241, 165.93753020538804
76.94881542515229, 4.678929113736241
22.413153663468467, 119.83317325035281
25.028244685587996, 158.24203677743037
26.89756149829471, 56.000577954507904
91.89622365039625, 133.2600641847701
57.019898283018414, 80.21706844870464
10.69134593252068, 77.73354254967914
2.5165170388014024, 193.66054861439002
73.53097507046144, 28.156264293865107
59.405429973784926, 138.68591502502343
89.36581697416761, 149.3866451854226
43.14428929372936, 48.60127752511427
96.52587294370811, 180.95177057994823
76.13389720426412, 141.24977867448288
71.44176468992752, 65.0693294725144
32.59524268924557, 120.72393827293408
31.752032152300536, 109.3952033544127
10.771453075247495, 135.00520545051907
1.3679891714648562, 160.68449759767395
25.09926195686426, 26.241539052285123
69.03561794417607, 155.24488261589852
50.64789904820919, 169.69803323551912
30.698490593335247, 16.792183606478318
79.98735031933066, 82.20987765192007
13.98518738753446, 171.26402604585306
42.83532539456145, 106.47734294211621
77.06315751771824, 158.47593168526478
96.67126613239357, 15.762893350213103
50.1874380919367, 150.38228423346186
77.42174595973349, 153.83349184309597
24.631392888198466, 4.65498292731692
48.16625001880853, 19.194037850221978
33.22379566093206, 70.04996885441885
8.302084965782342, 194.73528498634656
97.3660843770146, 112.08777034650493
63.013812534182954, 173.3669418819405
64.02392537582662, 81.41433707747537
94.46684588172852, 29.16955953843148
47.76746219234239, 121.82185949962394
16.31589016680128, 86.69569458837394
11.878942895333978, 144.68997212478772
41.11717770286405, 65.36600304217686
40.63453249484682, 102.00511034572797
38.789839145714, 169.46174765803949
11.231388921994645, 48.359680996661105
90.13242857831327, 43.94882811434449
48.42214190542579, 25.001736603213075
56.345643247149155, 198.51277961621724
31.59429450858363, 136.5621737426696
38.98823618847972, 153.3978602115328
95.04334366516423, 126.08863788803217
15.442908920119125, 147.4109169196293
9.730460874321235, 129.56016405044656
60.06960612492067, 113.87844822196644
198.8726092314177, 99.52929832925324
153.16175622403006, 75.65692727873822
138.98536330093216, 108.89429908226889
185.5563534229304, 74.38873383154522
109.19775049679731, 169.49963865075895
141.7565191475108, 153.66122004219235
148.82563115342836, 181.8331598861419
170.23524633176075, 162.29812686337354
143.19251958276243, 143.43776600260458
117.60800515943797, 58.75551959142964
144.0647604555108, 51.30262750140984
147.18758463365128, 82.01282244387104
174.37679852189086, 138.8732356171855
119.22085760602943, 100.8669419790928
179.5713364672368, 47.25788534841256
157.89318648740166, 50.89467737047484
115.5471194327939, 2.930895781169496
121.80053144257563, 97.66826835057674
178.8922367800873, 151.98361506674289
124.94725716134349, 57.658187858163345
165.9340450897791, 63.907826685037165
180.23693216962974, 52.36975550262719
132.22551721080896, 163.157433898486
193.47686471453548, 122.35041918675182
146.27410507861705, 51.868137929259106
149.03145884005852, 78.71342488646582
131.4064907447771, 11.260009663410365
104.28291388740661, 147.92411426422095
151.94964705725053, 168.17184055275897
142.52274800181658, 141.82519403630158
170.2938136184076, 85.9742977983453
134.97716665150136, 159.08574744189644
134.6052602270898, 141.32466681991465
140.75041622703483, 123.19232846145547
156.83168065612722, 99.71296211832656
107.48593001217016, 131.3218832735468
188.78150821272845, 60.91848805949467
134.2677271023216, 126.85014741155014
158.85254683729357, 85.70639460088955
196.11745553426368, 75.06745941825403
130.3358933213645, 159.54016845750888
118.17956679213172, 40.45533863753874
137.72345367936725, 19.89194429898049
127.5611967160561, 4.174768525663763
124.14701059312006, 192.2649284577755
195.1477355933648, 93.64987091263801
116.48877630257246, 188.20847218313455
100.61613211966272, 20.88149256761036
114.98638189795788, 31.921370389662094
146.00018840238, 138.39207712618096
126.34687071051928, 141.65934393887963
120.70734029034809, 111.8249672533731
185.13504060288108, 123.42268800730456
100.81607812862391, 188.50685588536007
126.00969480773149, 150.66941867189158
152.5631033664236, 81.68468259214224
115.20168063189564, 175.04937967685103
122.5933251822257, 131.2327344543558
127.17043568362031, 186.60979738674882
179.2717761292422, 99.58684032050643
138.90101585419765, 175.49228817892072
116.58999726643493, 144.9126420305679
174.7888911550626, 75.92751537812252
184.02241817434782, 131.48865405085388
111.7239201741398, 35.736175729867625
175.45576519177467, 141.12769290505454
139.12807339026148, 147.5010094383161
108.74391847821266, 182.70469816632695
143.3846767768294, 107.47604379172219
106.71894355256686, 24.71124793877706
101.86942267156411, 97.87115038639178
123.9866598164918, 43.554894130810574
110.99204974692886, 173.13465159155749
124.73480603431759, 165.93753020538804
123.05118457484771, 4.678929113736241
177.58684633653152, 119.83317325035281
174.971755314412, 158.24203677743037
173.10243850170528, 56.000577954507904
108.10377634960375, 133.2600641847701
142.98010171698158, 80.21706844870464
