192
59.442058532605415, 126.86195932046549
74.0635725402635, 132.578695091474
85.0059801174654, 71.28184131368175
58.20206257460793, 83.61588654944833
55.83371270581557, 135.7196621857779
84.26363634728803, 74.15999916572578
97.58043412176491, 8.167748868649284
8.562106246819628, 100.61427780695152
36.87556135974472, 108.04898074012463
61.922874925886894, 98.300137960462
80.03706525563913, 196.6005939037147
71.28511037174482, 69.57775462247267
97.90504485087385, 118.13357173110872
35.288525708946494, 41.013487851424
88.52247321130396, 85.93705621728462
36.80046743614158, 136.9489496962466
49.67466031217876, 126.00137834871587
91.01970038923798, 3.038321762633629
14.399060975877076, 85.00030140133552
30.73163000459681, 66.00793517563085
67.91632288976514, 63.585459932128344
5.512374998265335, 112.02777244392675
94.52340214008406, 45.216097525172614
63.00652257516322, 132.78529165042258
95.8469375971843, 102.66321230972113
42.23614948909001, 111.78988924073269
17.80218936964193, 67.08503982554986
27.568510390084228, 136.58334306763257
21.46860251418361, 94.1283836452569
78.91537938168361, 91.57690302583607
98.80868243970025, 19.268596563401076
65.71308167093744, 133.73789923660698
64.50966701059552, 79.53690482322993
94.11087067203323, 120.05432436163888
26.505355074268024, 22.657966960680156
74.05318182901546, 113.500066779215
7.825984490727947, 143.2744589098087
55.43445508181609, 64.88545943742837
27.241097743620998, 162.60409027595824
99.4588367669557, 113.18113746374992
25.19569336908969, 163.72361731058177
91.61716894721008, 90.90965429764604
30.878275254474765, 137.54104165785077
50.29281267096102, 183.73372723199356
9.991299216895975, 162.52353104301545
48.77069891230544, 162.39760638916366
19.080456365759375, 160.36816197970018
18.929710776770314, 57.841401233995214
69.72394977500977, 63.8946375287232
53.44382342238833, 22.045782014035396
37.39593262692396, 145.94027023423558
80.61724223776847, 62.49784325405929
74.80683223278032, 66.70567731239312
48.2386943067263, 122.80245631722535
16.488651035754266, 77.84490097497934
55.66054060503466, 40.80650418099272
37.29157613994861, 132.96544366947973
46.7005542036228, 174.84023482082478
79.52379364485573, 74.6362992362911
18.921730710925743, 11.096416969479002
73.94348179749082, 51.272125827841755
44.452776195788466, 44.634845759030654
62.57913003103121, 92.23215314534994
96.98664265192959, 175.36062181434272
34.666498764129194, 139.1092591856721
70.73403755654832, 194.59518146517684
92.3478758858678, 27.17763640992985
21.413734594116008, 153.27516691896145
17.5224320169958, 21.325118038381817
39.698036352024864, 123.78711184931373
7.6963678850333945, 128.688370610952
93.29654088704356, 143.41055501060887
92.74846380446961, 13.760100485903127
38.434499729872655, 19.418296714545434
53.487279966109035, 155.54329876076721
52.50539408184625, 149.8193688629477
98.03313361587452, 84.49873090904912
91.13850721736937, 93.976072710057
99.96438455964991, 68.6711643714902
6.973565788781, 89.08816009742777
72.7140563641483, 15.85831829460953
30.404652406855636, 37.08733384262368
89.13273974029185, 77.15954434710797
51.64755342815794, 22.14262065468098
11.236617108720182, 95.44626366642441
47.575647429718636, 95.78760303238376
43.558462091939866, 42.804456331119425
70.37624454869092, 141.42976049072377
22.781669353562872, 3.662046203328617
48.1885511032713, 199.41599868888204
75.15931315655747, 180.64328858184373
36.16055433289439, 85.23231871793058
93.1146658023, 63.14134819861763
47.205319456956296, 188.7395001841033
10.67821609744961, 3.6736117531191326
26.906793834383247, 141.08502087361296
59.73237663616, 109.65900877013581
89.25535014408273, 140.15213494650638
0.22222074804355563, 67.68321635459826
57.07315499040108, 34.11256389360546
43.95407972258035, 74.40405462418889
24.703896216967514, 144.6701668049363
35.16264474917045, 163.85858160192754
47.55815150370496, 22.853196052726044
32.895986111314926, 4.319618294848282
34.20365648686744, 74.38963136229455
62.66898205625417, 120.0669912040625
47.12704805504996, 125.06717218827457
4.921162399567802, 1.6229557827182273
28.58386712427885, 84.89585259949533
3.0738361756785126, 91.27446018171763
83.51856914513259, 85.64894196164659
132.21319036853635, 185.02676672087662
167.39907955208832, 121.24454666065321
140.05665934805916, 100.14560290821368
141.79793742539206, 83.61588654944833
144.16628729418443, 135.7196621857779
115.73636365271197, 74.15999916572578
102.41956587823509, 8.167748868649284
173.61508512461407, 141.8410136044611
163.12443864025528, 108.04898074012463
138.0771250741131, 98.300137960462
119.96293474436087, 196.6005939037147
128.71488962825518, 69.57775462247267
141.81566059769048, 116.39163898473069
165.80539479548173, 109.76648198315986
116.79578080616406, 15.40775733671147
163.1995325638584, 136.9489496962466
116.44186841803351, 127.14994428733178
104.77320612232191, 64.47780001598473
185.60093902412294, 85.00030140133552
166.2139740104585, 49.2033900897773
132.08367711023487, 63.585459932128344
194.48762500173467, 112.02777244392675
105.47659785991594, 45.216097525172614
136.99347742483678, 132.78529165042258
104.1530624028157, 102.66321230972113
100.4278726216343, 125.79175020505593
182.19781063035808, 67.08503982554986
141.4227659824277, 143.71664627803818
178.5313974858164, 94.1283836452569
180.94060968656328, 72.20074417120266
101.19131756029975, 19.268596563401076
103.85661087051868, 163.89254590057837
135.49033298940446, 79.53690482322993
121.23420826031469, 126.13428302173735
193.021509096164, 100.37055359199533
125.94681817098454, 113.500066779215
118.05905511215411, 197.47484733257576
144.56554491818392, 64.88545943742837
161.93928099089666, 176.9311585385692
100.5411632330443, 113.18113746374992
146.0933343179654, 172.14114977016544
108.38283105278992, 90.90965429764604
152.84957405159753, 59.626525194552826
149.707187329039, 183.73372723199356
151.7905011552426, 97.16528003165297
151.22930108769455, 162.39760638916366
156.24195724569842, 103.5362044946276
181.07028922322968, 57.841401233995214
110.90972826148067, 46.66579575794507
146.55617657761167, 22.045782014035396
162.60406737307605, 145.94027023423558
119.38275776223153, 62.49784325405929
125.19316776721968, 66.70567731239312
151.7613056932737, 122.80245631722535
183.51134896424574, 77.84490097497934
144.33945939496533, 40.80650418099272
162.7084238600514, 132.96544366947973
122.90611780209568, 162.85306938865403
120.47620635514427, 74.6362992362911
123.7653701982327, 46.71071437341183
126.05651820250918, 51.272125827841755
155.54722380421154, 44.634845759030654
137.4208699689688, 92.23215314534994
103.01335734807041, 175.36062181434272
165.3335012358708, 139.1092591856721
142.4603423184801, 190.19102598090223
107.6521241141322, 27.17763640992985
178.58626540588398, 153.27516691896145
123.86935009148411, 39.30151046857466
145.74579077081194, 130.07085532504266
192.3036321149666, 128.688370610952
106.70345911295644, 143.41055501060887
107.25153619553039, 13.760100485903127
155.91787637136008, 28.91321030594898
146.51272003389096, 155.54329876076721
147.49460591815375, 149.8193688629477
101.96686638412548, 84.49873090904912
122.57776578426144, 116.78737036606097
103.55033656137016, 29.14749609422691
194.74344528838913, 123.21128719933347
