112
47.98487852329275, 26.28546254082662
69.19131068235156, 62.215242095212055
92.56139528232775, 64.23746949118627
77.51939243715184, 48.53099212693592
91.47065932405492, 83.55665791510498
75.54732274740901, 95.61958250320363
76.76611053607631, 111.07272227441645
33.05648778223011, 157.9405092049285
95.8590314584038, 148.9629354569759
70.71291715053903, 58.60668721757296
47.85616962459498, 15.503220816942132
73.98119655903514, 91.49459346918663
91.64159831633144, 54.82795244092649
64.87333070179191, 66.88416530074772
5.969341834342046, 96.65653425307026
69.17228680440289, 13.522800694691274
30.492699104133703, 75.15259077946355
9.155759499415684, 133.9592519869624
25.545141961728724, 78.44526292485314
64.4436473300817, 119.5810075726087
39.24262914921758, 159.73194630313782
29.766885915825014, 133.21990638008012
99.39031276173172, 120.5091881586636
64.47961850125652, 44.62878872342333
67.44451533553934, 17.497327357172555
61.1398749205339, 99.17686790878363
69.16986368976058, 10.856631719057951
48.46422188062126, 93.67124423166415
29.215871150148576, 118.50776516420736
57.972459192306346, 137.0510392162144
41.40354180058877, 68.54146455627996
73.79792101954557, 59.99694260632034
192.31798125187458, 107.63526947552779
152.01512147670724, 26.28546254082662
107.90283719075197, 85.09514383755439
130.80868931764843, 62.215242095212055
144.7562873673713, 124.21835286740001
172.1459321162613, 133.80461071060833
147.21628825590602, 65.56733296803523
134.44714035261424, 115.90660092224331
156.95096587393235, 52.432703540542455
181.1306196158301, 140.15796661972115
101.96895097944342, 82.81362477026282
138.75801357508612, 9.8461399285803
107.43860471767225, 64.23746949118627
157.73728258591035, 163.29123126638797
122.48060756284816, 48.53099212693592
108.52934067594508, 83.55665791510498
124.45267725259099, 95.61958250320363
174.71562017715044, 150.0665091876653
133.6552128900592, 154.2802288565016
123.23388946392369, 111.07272227441645
192.46978568288503, 137.53099857716745
174.72251909964214, 73.81713842366638
166.9435122177699, 157.9405092049285
104.1409685415962, 148.9629354569759
129.28708284946097, 58.60668721757296
171.1892085734522, 151.81586491057072
152.143830375405, 15.503220816942132
146.8382841925172, 169.35816661646385
162.7423902899153, 58.77450039118646
126.01880344096486, 91.49459346918663
142.09400226759516, 129.02264054147366
155.7582778580986, 81.60574986580613
108.35840168366856, 54.82795244092649
150.6607214402082, 127.39290906224944
135.12666929820807, 66.88416530074772
194.03065816565794, 96.65653425307026
130.8277131955971, 13.522800694691274
106.19923062494966, 149.7227813621916
169.5073008958663, 75.15259077946355
190.8442405005843, 133.9592519869624
149.38397683675143, 32.79871356804325
174.45485803827128, 78.44526292485314
120.58051400421995, 90.97798945430928
135.55635266991828, 119.5810075726087
120.02979908381631, 116.01268093337754
160.75737085078242, 159.73194630313782
184.23780411898218, 120.59564707570047
170.23311408417499, 133.21990638008012
100.60968723826828, 120.5091881586636
135.52038149874346, 44.62878872342333
187.7326784198173, 76.65128647077901
132.55548466446066, 17.497327357172555
135.57047980446382, 21.00679709068487
197.08555410312428, 103.77516816252322
162.74164483758994, 160.4796419965217
193.04885236906574, 73.38942008146083
144.73366092534764, 150.51718133219507
112.63867881888325, 160.72158028935957
107.0153629277384, 33.46169827919354
140.1223565641751, 19.596550979590344
138.86012507946612, 99.17686790878363
130.83013631023942, 10.856631719057951
113.96557075168674, 41.21141689542149
122.20018758431705, 91.37340253092776
129.3547316426069, 139.0175852814156
132.86965510058263, 65.96609369090494
112.88872810598835, 25.400281609548415
151.53577811937873, 93.67124423166415
170.7841288498514, 118.50776516420736
160.75412164126737, 147.6354002693905
110.17293828718378, 150.0281628816372
152.59226142782552, 142.6232890852634
169.66697675095656, 28.745151980595107
142.02754080769364, 137.0510392162144
108.84452315177141, 141.64315119947787
134.3518322876627, 109.59855400628926
158.59645819941125, 68.54146455627996
168.11973384396057, 163.66926611008412
110.24306519107304, 19.58835096231455
126.20207898045443, 59.99694260632034
