160
59.93812260656291, 7.029679733270548
28.76377015042585, 44.428785612045864
5.546611333466345, 76.5623131009343
94.84007282756238, 102.25215906667219
21.54349083392752, 102.7926705311851
99.79516326835079, 95.71482831194271
64.5844300312789, 134.34051343078454
44.50542571791726, 76.03560971029451
4.6222310796840915, 74.85315211619633
53.80418836767022, 66.0551649106
74.30177780244173, 82.17256457353945
85.33899909550453, 82.18123438391741
87.22715062672765, 71.8645115832189
77.4970101596746, 7.566257038643911
28.355580658510334, 141.4689243422093
60.13316826711425, 148.737124693966
60.27072448827944, 1.7709314726570398
41.509844640047206, 38.21914811989342
9.12966015422613, 58.30429270327692
45.19842990900845, 70.02532762597458
99.70111105515407, 89.57012589574644
21.481790122448885, 162.11391321945024
52.27884407931425, 58.39714349437068
73.74872742394417, 152.38835769739615
75.9268233405104, 78.48614594946142
7.886045865706507, 97.25759591126781
21.5947473451187, 33.34306523999172
41.21694253840139, 191.10515554126312
69.83019599549421, 22.546611682603682
84.17284343049238, 194.74348828479526
95.37268229930801, 118.76922900146073
58.55405957136449, 80.65971825439678
90.3535252761865, 136.7128951225632
39.24832935540961, 193.4193282568329
14.84346398505371, 162.30778338775048
40.40719113652887, 40.00356751571208
49.278785862000554, 40.236362091696094
7.3073102120443245, 111.29411572760591
59.08786131940004, 42.99255177392009
70.92887100554509, 173.61798087474318
72.63847271698465, 186.02005150392398
53.918614430283235, 122.02344111079323
86.37530997437256, 152.38272046541812
61.94599549565396, 6.320480363264856
97.74664289552659, 8.281883684959634
13.704445216461423, 144.11582905911138
12.869919660934649, 141.43520879878412
92.75748192244365, 0.5414643962571049
88.81624995667912, 128.12557500857798
41.9409748676204, 133.75702883730557
56.70521409537266, 68.69048210826337
23.71435429076048, 155.64741520161778
62.45849391954482, 114.11422932083862
86.01227000522127, 119.55151075861033
75.72652026767247, 40.454200128153786
70.62638918503649, 120.51859358150513
89.25881590063439, 166.89529392167265
36.003879158008644, 79.45044745630211
57.03038189924082, 121.40896243341682
58.54077110228076, 105.67127765052462
0.14291428903059078, 107.49193187588175
62.54982438516552, 66.62772737061889
94.50064005794793, 88.65203610974872
6.545082786654067, 2.074605295404453
25.097113250256882, 146.82934415779152
78.73990582598024, 128.84544280122194
64.84035535349003, 123.92680683538195
51.365310235740225, 98.30307755180773
92.01906519282664, 142.39657117132498
41.627267596047254, 101.93061085145028
76.03599955595176, 118.60929744956185
85.78313146276238, 116.83494903531833
62.763528860377804, 176.41316877159025
72.27310654936912, 124.14804075345492
26.512244371448435, 59.22595599680476
97.28773810804437, 176.97783429663298
50.32964812008933, 106.13866033995052
59.05867026790885, 176.69309713126978
30.080015844222686, 173.05810232215413
78.36691700696056, 87.46712931183063
177.08282142869976, 61.46756750209499
171.23622984957416, 44.428785612045864
130.2138394908963, 57.67440501306125
105.15992717243762, 102.25215906667219
102.16798257037766, 167.14915020877407
118.99983520317485, 54.04532631370378
158.61495467652844, 65.34487915170502
138.55294169637128, 109.05617599402233
135.66772006888826, 133.1468137725038
150.45682801555512, 68.93085306647305
173.74945017508873, 157.9311878480883
152.40556980498474, 135.8116871846664
140.95780494698565, 101.20489509592035
134.5827280933712, 71.52580377347273
100.09688738628408, 167.1106831093718
169.7566304011918, 89.75202828510322
162.48883486062562, 24.379489554518273
172.94056887713722, 80.88558575106109
119.26077891332737, 28.671786904989325
152.2492614536224, 50.387185528323684
118.32497679139911, 15.054807534422498
103.76672055966144, 147.64150576467352
147.72115592068576, 58.39714349437068
182.82372525461392, 96.61491044970272
158.59202168561276, 126.52784960038974
147.0550840015648, 104.4769677491018
173.9339346109934, 40.017285175317795
194.6402208681872, 126.30830242663073
190.11704024157032, 74.36551056315955
127.84884185555784, 155.6134565747396
100.44939794716763, 75.89717850367046
141.4459404286355, 80.65971825439678
109.6464747238135, 136.7128951225632
107.64642991769237, 126.86724505853515
163.17522905279225, 121.6643290566495
178.8324492744208, 112.4934928121485
115.75329977055326, 79.45513164902998
170.4223179455016, 68.57857472864106
137.4485138859689, 60.75520681505824
196.08728716418162, 97.91409621714602
127.36152728301535, 186.02005150392398
195.8183894984299, 121.96883658832758
113.62469002562744, 152.38272046541812
110.531012340046, 33.27969621289082
102.25335710447341, 8.281883684959634
110.21574905946325, 197.49051425304674
187.13008033906536, 141.43520879878412
158.09379129741293, 52.87941792245463
181.4470431639997, 138.90613893180515
158.0590251323796, 133.75702883730557
143.29478590462733, 68.69048210826337
185.98735298074013, 101.34795941337909
128.02474235955134, 148.280377724248
186.34652844154883, 57.3312858266487
169.84068675692578, 58.75608983188587
137.93412222052473, 87.5206896961763
173.3890302917947, 115.65489368404629
163.99612084199134, 79.45044745630211
169.09493080392213, 106.4610746122886
128.43488414201448, 62.967768163785955
192.53975112898883, 65.36476710163794
110.64425734628776, 52.77747741022163
105.49935994205207, 88.65203610974872
183.54969322589102, 68.64400354001879
116.33247748550384, 152.22454727429343
121.26009417401976, 128.84544280122194
140.5796206101562, 160.31251288263627
125.40134756150472, 176.64259352484936
136.06432041935008, 119.23491276535174
136.24682147409197, 131.46182592376897
144.22078557871635, 62.82918887244877
147.56251692124704, 70.29258476183284
126.98742034995236, 116.13949463970388
101.70307089517885, 102.32754333687507
173.48775562855155, 59.22595599680476
102.71226189195563, 176.97783429663298
139.12618437205737, 41.98305298763461
133.930740529054, 165.3638076442888
103.41272263070435, 168.39041348877723
105.55253786658699, 34.85104591062029
