160
45.8410232626361, 156.539403981887
57.51039054975715, 50.834896334692274
43.9837937680973, 58.967683001806336
53.64741161017877, 187.79804292935222
0.7105170092558666, 148.6814423328936
88.36815094201846, 187.66947715533706
58.46841063930186, 89.68133353835158
6.823846263617071, 76.55227582050091
89.45397156017481, 80.13597445064745
0.5042835467904112, 170.9143953637502
30.92385566572721, 99.03412894193683
28.141323306212286, 46.11995743501137
92.01055393520288, 106.0846378881914
12.363144779055853, 77.54825051299372
89.55003338417424, 102.57154986946189
44.80506033722905, 137.84660642259922
11.904892736526861, 170.86630841035628
27.53278483673948, 59.2030603166371
67.07405199326779, 122.57607075488893
85.14536567492391, 168.97841668981434
2.1631427343680727, 100.21846302158491
41.25584606976545, 150.45929896128905
39.05483764712133, 65.67959797017285
18.014248568757388, 184.24349855612215
3.6405871238232805, 126.53026941542477
56.47774130146358, 62.04055355868489
72.78550898067388, 69.02054382961327
17.006439077938822, 113.88517809360523
89.90032789340549, 131.94180582595237
25.02825907184848, 61.894557688797256
10.681990702071893, 21.015255361370045
12.20494787440694, 37.83638353224312
37.049359666837276, 83.16165336287926
59.8385614286654, 26.46349369641834
11.729895868801009, 79.91668759781679
92.55528242909833, 126.89331576899117
29.630266929636193, 66.73479839121602
19.144353090635036, 73.7495817964001
70.68672401152742, 51.17068998026813
5.546938286140765, 114.86208874876243
26.919014754264055, 137.56222441366657
60.84244337229483, 173.9686960674502
32.706003975914705, 106.4713511098977
55.98904517160305, 82.8506575149151
25.211900824489533, 18.968962473291143
29.86087527973696, 59.99954628051579
82.84308177015649, 128.2010694253075
19.454937560024803, 13.861070672161418
75.11138012306793, 166.1547906030552
2.2280829796138875, 35.37763740319869
50.040088452508684, 52.04806547596266
33.80446137725202, 117.21721181328482
42.98417592162909, 148.73160811829325
34.46795398963897, 140.8838949336906
67.52618792273742, 87.18110603390407
99.37625654168495, 13.53869638281309
60.30871472692251, 182.4209902093951
95.46403321205028, 192.41872774588546
50.13500751400163, 113.3800916472259
80.42732057373998, 83.55912887314848
36.25399228636866, 80.04986042176732
62.08497081462124, 114.30301705329565
71.12838622192685, 28.527735805318613
32.36648109178115, 104.61713445084793
7.090634091317241, 125.59518518931158
44.6755895991821, 107.24035553320824
67.57320173872924, 32.78214466269275
40.3448769541216, 72.69634457679632
38.96350699829583, 193.5738233626126
77.18790407987608, 87.69734965299214
44.665267624690344, 114.23710942841744
66.1266878521335, 62.41906350645159
53.02603510413258, 126.71038428035601
45.73011447389826, 73.30351528977522
41.62188124098166, 197.78754231017595
87.28749104601353, 66.99466039087524
86.41826554499247, 38.112586740185954
96.65737531445482, 123.49250734967563
15.686073125905818, 98.56406981846848
66.36042400149273, 24.113678288504275
155.46015298783726, 175.81563018672503
181.06279179297192, 64.03881228316786
100.85995777855075, 125.86840412060178
172.05091718130538, 141.5478114798264
125.39070567749077, 172.16706056732954
115.35515580791612, 147.36643141904224
180.92713104495766, 75.23359539469747
124.03092621622918, 51.010670703327655
159.83904726979793, 22.222632742428104
156.0480536281182, 108.17744225619607
106.46195947192167, 97.16283512684134
133.50846249956965, 38.83977464200623
127.85045260416193, 56.68134500349069
191.39923297857942, 81.09467305116749
110.54497896481067, 158.9040271471797
104.98978182939588, 138.54203859210702
116.52145944435, 103.1931546800716
102.08845196700467, 87.81625127259254
110.8793619091658, 197.25960091311444
148.1792803046925, 175.18337559990343
144.67196319116064, 125.6512133835087
100.08951086579142, 136.37415668138553
104.4491139224591, 13.663454633996409
156.32738060614778, 153.71971458298742
127.87985980062786, 64.5682094368678
147.0890951505357, 115.33431692731489
185.88220328380672, 110.38978328210278
148.54098473146848, 43.591924608154486
113.57554495012063, 194.60016560108528
128.29396861507806, 20.885379353790178
167.85774657509796, 70.03384850228689
112.20771249371035, 93.19668379803807
119.68657848614795, 142.82481501854403
179.2500690970864, 93.67937648915532
131.22309699083252, 102.93066116403493
136.59891255571335, 180.5039798579592
114.63782900636778, 9.69781923734432
103.27838298478079, 75.07460425527435
155.1846914321709, 53.998866205243566
152.96203769034685, 92.29920679688897
155.5005166282703, 131.31344422347195
194.01308083384654, 129.70366899085792
174.483204069046, 95.50806098582103
185.4700536432423, 122.74320640745835
117.00889688855356, 57.255087741369294
119.60791090884932, 103.93973191453982
174.51826054477635, 119.06541172883117
101.82293891717777, 15.747491702162876
156.0768373852889, 169.69430495565905
185.9595175200968, 94.65698663892222
105.295267393004, 84.74195069824842
187.13021237489008, 65.99366993176483
181.05565779940588, 131.19103054150997
130.8308284793527, 115.16144356962583
175.04280497703664, 136.71134314552546
103.52691457247606, 20.116313525791018
106.03529382451605, 104.93191651820257
152.81765319583232, 126.70662794894498
186.5194059930453, 56.58758524086338
159.43054385660412, 118.56713861531813
173.68500276035584, 150.6505306897045
140.24311159923425, 90.70311682884223
109.11133934882649, 13.346039954902068
148.83413660352105, 94.35737457175016
160.8292108178024, 104.03621017143847
122.53573813568178, 158.92285283405522
142.58738895791618, 77.89261009768029
103.16179021971975, 69.2582621194238
165.03195511628752, 118.94643444167583
130.29091763980415, 17.25802209700591
155.60567076810014, 121.8198996015867
106.91953084855477, 2.760998328093889
110.09550851949294, 174.65803053084238
106.68284832921132, 142.91376251898217
165.17134307650812, 155.0306327074734
171.64451991598634, 66.07926431817286
168.54159173901306, 35.64299004445544
113.74194944434646, 175.78249985325255
172.08667316202312, 163.00222912471907
103.6486015309651, 58.01018179424102
