160
43.35142390749556, 159.87994024044082
9.852108664726643, 90.3862873252216
87.79568736185279, 193.04652421254386
4.152767063970401, 144.3885470300221
49.26154117162463, 39.179070104694745
9.780416078731168, 111.41821550290472
70.3169311714886, 79.68733588367343
30.285851139196396, 49.04790783251105
62.22716733616491, 167.79729237303445
64.7223948997823, 77.10299945781559
9.929135421727509, 135.655697294046
67.55089919077322, 48.195715864558466
6.08105954237419, 121.02764263027332
73.78237475495614, 85.72132207234783
96.02217201327701, 149.1486896296579
89.36984532387517, 34.63238636750434
14.570512656706603, 75.92630232884119
89.89142331211059, 174.42802078230972
25.37625208636062, 46.17550582599943
90.59633578200183, 108.45507835671042
49.326387829509585, 2.2037569255730496
65.72245256338026, 164.89168263079122
85.48040040334463, 97.69647593714875
94.53507841950925, 156.496649289591
29.931512790187774, 66.96621366268627
92.35686882653995, 170.16074414434453
84.31653380048955, 94.11553687675784
62.05268253127196, 9.091916475179119
68.90650522110943, 24.369039017791494
36.169204326907035, 35.02764393452003
23.462647310685192, 63.925956530399716
26.17927854028423, 186.6573965611912
19.98191356362067, 76.79064195267829
20.449442328623498, 57.19981892520814
75.01773584886872, 118.72620879337926
58.42200651440431, 91.71798626671747
38.96502434335915, 101.65990518793828
3.603528166006228, 21.772580954307678
80.69114268034839, 135.48193530987245
43.51243436181368, 85.80976244629167
50.97063446019627, 29.32192031050318
60.99416023913126, 30.752246379110517
73.43343582957935, 116.62422762787469
35.6971733334169, 96.45101667788678
40.1585164018008, 63.78440297949102
35.31988298954481, 175.5713164471764
21.7946024094977, 41.45827146054404
67.28482282720238, 37.56808036532775
22.53901205392227, 54.71943956050682
36.283079118837215, 102.25730227605887
66.58151022646763, 49.58431850169702
61.879922433749, 62.21541462933724
27.316712451067858, 75.26216274458366
29.978676179196015, 111.87681021727339
56.92966577901009, 41.99938813558861
56.296182282158746, 18.86102222935946
68.26841622058876, 7.567918244002869
39.26818609217416, 94.40527721087962
80.6067325521607, 127.49420915187599
57.501175586968444, 155.43590787355507
22.479114853403182, 12.564407080688994
35.36999243544946, 77.95317913340776
18.834247406861365, 38.701071732503685
87.47637086057345, 137.7213884542033
4.4945371272485275, 109.69800421134609
17.273119867324716, 118.5369174416936
89.93136065710782, 75.33123751469213
54.11588041900476, 154.1328539296201
66.98975939733629, 125.06633173832478
48.07897385310942, 145.48317474469786
55.72441534975122, 46.47470560131723
8.053461155812947, 117.11476801395759
35.68458612155982, 119.06622841218932
1.695239230404745, 92.71053924528361
55.57319051045977, 30.755604788106684
46.019229796806904, 114.15070142125575
68.05763334658376, 165.613612031698
66.05491770733867, 22.827770641269254
62.90688388512048, 82.0175940087392
78.5295717621303, 183.6119126412115
156.64857609250444, 159.87994024044082
128.75314708059946, 74.32474368246871
112.20431263814721, 193.04652421254386
133.8220660384923, 134.29973812339705
127.45388372906893, 15.17752945798716
190.21958392126882, 111.41821550290472
162.8875109081066, 42.392694188381675
169.71414886080362, 49.04790783251105
137.7728326638351, 167.79729237303445
135.2776051002177, 77.10299945781559
190.0708645782725, 135.655697294046
132.44910080922676, 48.195715864558466
193.9189404576258, 121.02764263027332
185.00814726493496, 50.25576139782939
103.97782798672299, 149.1486896296579
110.63015467612483, 34.63238636750434
185.4294873432934, 75.92630232884119
142.3043487099419, 182.67887444915644
174.6237479136394, 46.17550582599943
109.40366421799817, 108.45507835671042
104.40558809573612, 25.233493950762774
134.27754743661973, 164.89168263079122
114.51959959665537, 97.69647593714875
105.46492158049075, 156.496649289591
170.06848720981222, 66.96621366268627
134.38179449796627, 126.84007731566736
115.68346619951045, 94.11553687675784
164.29248744731967, 41.40716808596372
175.04946597782214, 96.84752696639603
163.83079567309295, 35.02764393452003
176.53735268931482, 63.925956530399716
178.27425788391932, 135.4834372628781
180.01808643637932, 76.79064195267829
137.0618528951266, 7.723451560556804
124.98226415113128, 118.72620879337926
141.5779934855957, 91.71798626671747
161.03497565664085, 101.65990518793828
148.83333196318108, 13.39706892714485
155.1566561312294, 158.83014106146157
133.99360322412775, 155.02083380549027
149.02936553980373, 29.32192031050318
151.70702823538346, 20.242522539098886
114.87551451615502, 116.80187567486011
164.3028266665831, 96.45101667788678
159.8414835981992, 63.78440297949102
109.67667712620839, 192.84637590135733
100.38826421525106, 11.596396977450741
132.7151771727976, 37.56808036532775
177.46098794607772, 54.71943956050682
163.7169208811628, 102.25730227605887
133.41848977353237, 49.58431850169702
138.12007756625098, 62.21541462933724
172.68328754893213, 75.26216274458366
104.26087363669696, 56.26108130512948
153.8497162439349, 56.054926070842306
143.70381771784125, 18.86102222935946
131.73158377941124, 7.567918244002869
160.73181390782582, 94.40527721087962
119.3932674478393, 127.49420915187599
142.49882441303157, 155.43590787355507
158.51275755866124, 68.37739273224344
164.63000756455054, 77.95317913340776
160.74555662574366, 36.67821566299536
112.52362913942655, 137.7213884542033
174.9591429646226, 88.9753003726736
160.0744979503463, 130.0239245106114
110.06863934289218, 75.33123751469213
145.88411958099525, 154.1328539296201
107.33547217172848, 145.28398086809707
168.05184626081473, 143.8673817279934
144.2755846502488, 46.47470560131723
191.94653884418705, 117.11476801395759
124.5050790140572, 173.4323135996805
158.61631407597415, 135.97138802905528
144.42680948954023, 30.755604788106684
153.9807702031931, 114.15070142125575
131.94236665341623, 165.613612031698
103.1422402809736, 72.048365775918
101.5289016838023, 63.120075247761
184.16505990601277, 104.15283927712093
