160
39.22263839757437, 129.60410090277276
87.5199649306976, 38.94960954838884
12.65028758925678, 74.59225324516059
12.199619273114493, 84.43295425079758
69.33057993660194, 118.29144726008043
16.577351052750167, 135.74462712828327
64.54701247708874, 31.99368714791635
20.74731235753773, 120.77037737354482
14.160408800091595, 117.44499804478536
92.22536347385619, 32.55044248825924
92.12781815516145, 99.53117474038527
21.551632087294326, 61.605166741322726
64.62199136841798, 122.35963692702454
28.84258180582172, 115.06205649546692
86.27398163805175, 176.0179951523262
61.976418290383975, 37.87594695737837
15.153307236623547, 73.48424832565759
90.59462320340303, 176.347741638405
44.199806803224526, 167.85501380960943
60.310295941634784, 125.72836511287457
85.35891661157065, 154.82805140735692
11.269502871119174, 142.62399154103335
99.25393395333964, 118.56461078779652
81.05055624604263, 196.52559856890724
95.9688831267033, 33.68648785672666
58.720932986150075, 87.93373070667145
68.00441846888835, 102.66724718068734
68.24141623416784, 29.942336812563084
73.45600803403576, 66.27631820295336
65.96565584591359, 14.972954307292152
96.07386289853889, 110.40594893385564
64.71198724044459, 28.3461023309995
31.706964053804832, 106.90130043936146
30.35263409174903, 98.23131868971775
78.31267280954253, 68.89649722867739
80.29190029398443, 111.87768979501966
72.19145315172328, 112.71035896878561
77.15958625550866, 178.31673595347453
45.07120387775927, 130.87665984142743
73.52756697224704, 126.97257758136962
23.13854137681468, 163.66498456762108
99.9301285040938, 25.18368552530017
47.89702017907198, 60.84347995804424
71.76029487226431, 65.4498519024971
39.1779935712387, 70.46777454474866
27.04285166949716, 88.72497141589778
62.599841860583325, 43.72696074921536
12.532938019553297, 108.1528588197311
79.6468236045629, 135.86086901606305
98.30372600351048, 13.54657519905742
20.858708022815364, 150.02419638519558
72.19931466930504, 107.81079048908944
61.73662974708394, 73.02077032782593
60.776259284594616, 174.84126163260999
28.277082440771196, 71.25399378475437
45.995142366691375, 126.78660281585164
28.80449343042949, 82.06443544021107
80.12392368337235, 183.13324958006726
87.27299905540252, 101.61921594106225
70.63097258305727, 180.56819962102162
86.08774046269812, 32.898393807031034
32.64109474534478, 56.65929041366162
81.98297140851693, 124.36360185401973
36.25802413076358, 77.5830546919543
29.6681147424384, 95.07453432865809
86.8596833219802, 139.23949414360325
90.39765221362201, 27.739059167364964
82.0080082207301, 188.50860301513202
60.22013514468079, 189.77078008696483
77.56661321492446, 111.15349828954695
40.52089464533884, 139.62913289564688
98.36845375987315, 5.770313019167195
26.124941031397743, 41.81729808899646
22.564533048562474, 43.03408875926369
91.33405817031127, 37.87262961291154
74.84282315474242, 25.604959375670777
13.415100753262255, 62.47171867328471
60.037948884115465, 25.634193533869066
81.4854381066645, 13.389481145177285
90.54943115187284, 196.14032011729668
160.77736160242563, 129.60410090277276
112.4800350693024, 38.94960954838884
187.34971241074322, 74.59225324516059
187.80038072688552, 84.43295425079758
130.66942006339806, 118.29144726008043
183.42264894724983, 135.74462712828327
135.45298752291126, 31.99368714791635
179.25268764246226, 120.77037737354482
185.8395911999084, 117.44499804478536
107.77463652614381, 32.55044248825924
107.87218184483855, 99.53117474038527
178.44836791270566, 61.605166741322726
135.37800863158202, 122.35963692702454
171.1574181941783, 115.06205649546692
113.72601836194825, 176.0179951523262
138.02358170961602, 37.87594695737837
184.84669276337644, 73.48424832565759
109.40537679659697, 176.347741638405
155.80019319677547, 167.85501380960943
139.6897040583652, 125.72836511287457
114.64108338842935, 154.82805140735692
188.7304971288808, 142.62399154103335
100.74606604666036, 118.56461078779652
118.94944375395737, 196.52559856890724
104.0311168732967, 33.68648785672666
141.27906701384993, 87.93373070667145
131.99558153111167, 102.66724718068734
131.75858376583216, 29.942336812563084
126.54399196596424, 66.27631820295336
134.0343441540864, 14.972954307292152
103.92613710146111, 110.40594893385564
135.28801275955541, 28.3461023309995
168.29303594619518, 106.90130043936146
169.64736590825098, 98.23131868971775
121.68732719045747, 68.89649722867739
119.70809970601557, 111.87768979501966
127.80854684827672, 112.71035896878561
122.84041374449134, 178.31673595347453
154.92879612224073, 130.87665984142743
126.47243302775296, 126.97257758136962
176.8614586231853, 163.66498456762108
100.0698714959062, 25.18368552530017
152.10297982092803, 60.84347995804424
128.2397051277357, 65.4498519024971
160.8220064287613, 70.46777454474866
172.95714833050283, 88.72497141589778
137.40015813941667, 43.72696074921536
187.46706198044672, 108.1528588197311
120.3531763954371, 135.86086901606305
101.69627399648952, 13.54657519905742
179.14129197718464, 150.02419638519558
127.80068533069496, 107.81079048908944
138.26337025291605, 73.02077032782593
139.22374071540537, 174.84126163260999
171.7229175592288, 71.25399378475437
154.00485763330863, 126.78660281585164
171.1955065695705, 82.06443544021107
119.87607631662765, 183.13324958006726
112.72700094459748, 101.61921594106225
129.36902741694274, 180.56819962102162
113.91225953730188, 32.898393807031034
167.3589052546552, 56.65929041366162
118.01702859148307, 124.36360185401973
163.74197586923643, 77.5830546919543
170.3318852575616, 95.07453432865809
113.1403166780198, 139.23949414360325
109.60234778637799, 27.739059167364964
117.9919917792699, 188.50860301513202
139.7798648553192, 189.77078008696483
122.43338678507554, 111.15349828954695
159.47910535466116, 139.62913289564688
101.63154624012685, 5.770313019167195
173.87505896860225, 41.81729808899646
177.43546695143752, 43.03408875926369
108.66594182968873, 37.87262961291154
125.15717684525758, 25.604959375670777
186.58489924673773, 62.47171867328471
139.96205111588455, 25.634193533869066
118.5145618933355, 13.389481145177285
109.45056884812716, 196.14032011729668
