112
80.16517691436282, 66.18350740423166
49.73726021531465, 120.25380826452113
75.6243445390476, 47.762731516266534
77.2646201750399, 4.73579035964018
83.04116366513956, 184.75734896773702
91.21681943623936, 23.86471054458914
7.537975670752628, 95.0093690365712
13.290794295434916, 59.79590155862717
60.51234613452375, 64.74683619757202
13.315964112335699, 81.0470919404695
19.8329644096049, 46.705063117972955
29.632181487436338, 44.32241617185382
54.92890331520746, 45.46270048562755
91.16576284630968, 186.18077616364792
95.74637894146079, 17.710271818355892
89.7524925626493, 178.0172682500384
75.01611229667266, 177.3756645286683
25.128306929220756, 153.36665406396088
83.7555347626661, 195.1792299107342
26.54458647475144, 132.0907819506077
85.76805413306603, 12.592444021130289
91.8521234402315, 112.00059197047352
88.4516153655897, 156.83793669073373
99.99675406653226, 170.67989818673558
11.106328752163785, 112.03037658043229
50.35475362698951, 135.06688329821478
88.11271520895019, 40.153939323047695
27.378267524416223, 55.599800778294714
51.18787069113411, 29.2790337715809
99.6162369255827, 83.85351278090141
75.13487072634662, 78.805578387504
35.2837972737213, 102.4797605851073
119.83482308563718, 66.18350740423166
155.24206497277146, 121.45379758418852
150.26273978468535, 120.25380826452113
122.08208542646443, 88.8404939839025
135.73439232067057, 57.26028108234837
180.0326971670122, 95.94447381968678
124.3756554609524, 47.762731516266534
114.60028569881072, 4.363229711032646
122.7353798249601, 4.73579035964018
177.9300089336494, 52.69080583942633
163.55144080549735, 33.10799172680219
116.95883633486044, 184.75734896773702
108.78318056376064, 23.86471054458914
134.19811883335524, 159.02958882093458
123.39588757316226, 132.5967170978406
174.2237087558661, 111.47693105261315
157.2566568668934, 54.260037576799625
122.12022386587364, 78.80188284517216
187.15441459246983, 96.15374732834458
141.26679630239505, 123.96775526117283
156.07909452793552, 146.18732238164054
192.46202432924738, 95.0093690365712
123.51958383202869, 147.427130300481
186.70920570456508, 59.79590155862717
139.48765386547626, 64.74683619757202
186.6840358876643, 81.0470919404695
152.78868911414523, 74.8391896899429
106.65300800725811, 133.6505897687055
115.89263034964081, 148.2123533595453
111.1518667806265, 30.72321087985028
174.26700998598696, 53.13092035140756
180.1670355903951, 46.705063117972955
160.1317629540892, 175.85308390451436
170.36781851256367, 44.32241617185382
145.07109668479254, 45.46270048562755
108.83423715369032, 186.18077616364792
104.25362105853921, 17.710271818355892
148.83429084801853, 95.3128767237438
154.2058757320526, 173.97646508818409
120.3745264523157, 99.01307314277123
127.81458375953616, 104.6694043200645
120.69668078887642, 27.933184216212624
110.2475074373507, 178.0172682500384
124.98388770332734, 177.3756645286683
131.83515349931923, 73.3286995137955
174.87169307077926, 153.36665406396088
116.2444652373339, 195.1792299107342
146.5110357311823, 61.91221518088908
163.66865217121403, 114.15679573851625
173.57196597100278, 64.52438021541096
153.82234321846406, 177.1063907804773
193.02539559970728, 84.55904777565237
173.45541352524856, 132.0907819506077
183.54842788436358, 68.61298965098234
107.60210142185632, 158.52976030753405
114.23194586693397, 12.592444021130289
167.54025019159198, 102.90231680093433
196.70536017171656, 102.08042726730748
108.1478765597685, 112.00059197047352
111.5483846344103, 156.83793669073373
169.70814585099123, 41.70420357965767
102.96357168493022, 53.91587234854936
100.00324593346774, 170.67989818673558
105.13432882247376, 66.29258396469666
116.11963710833444, 100.3422714344544
188.8936712478362, 112.03037658043229
102.92838014157863, 69.05123312150732
149.64524637301048, 135.06688329821478
111.88728479104981, 40.153939323047695
142.11009259383871, 57.538368113590565
136.58715290502988, 74.02634930935541
172.62173247558377, 55.599800778294714
148.8121293088659, 29.2790337715809
105.69837448728885, 191.86452542741
190.6092115207487, 128.1150371588817
101.25434588874887, 39.338843049364705
100.3837630744173, 83.85351278090141
124.86512927365338, 78.805578387504
164.7162027262787, 102.4797605851073
118.56653013638564, 159.5259408886986
