176
53.46076891539923, 117.63444119213855
96.97142794611625, 189.46104156095706
76.51018433759937, 98.27443265163383
78.55340973573598, 122.11455663243957
60.78175161363981, 86.78133721659889
52.19442858841994, 156.26755787601013
64.2289129526507, 86.76368311521858
85.63097425780913, 80.36459626721569
25.655450876929454, 74.9676384047776
38.87965545407349, 90.86107634337107
55.905457576452676, 146.7323012378032
61.93814575504161, 61.79445694760333
84.202510468702, 68.12803304592396
47.9404478599256, 28.187884738169664
3.442402356537033, 79.38397658518616
37.13818591159951, 57.20685057882435
59.49163608739152, 165.93494764323756
4.406703839008652, 119.25550413356672
71.91175581880337, 150.59172894034458
77.68501183966362, 48.108696943138305
67.09140978921945, 168.32227749850057
71.15326847069966, 134.85607368710427
55.71055822155245, 121.90787085414121
58.37658692236914, 115.49996080340847
80.55496907934418, 80.33516152767235
85.17782953973678, 168.8790356831666
80.92537205419681, 140.3893625527483
59.40178580731862, 22.11274786384927
53.98581080820406, 28.925249604465563
96.37680658875355, 174.66340725416592
25.136636456639895, 142.41996246399447
21.1632575074007, 46.84116548082544
86.8730075904906, 76.68599023957378
75.11263920354251, 123.64048364544269
40.82562225505083, 121.52676129233167
34.74923055582776, 50.01358824814861
42.59100971087474, 69.9582841203722
68.80358181755237, 102.274131724469
7.022888347269007, 78.7808300771875
70.89650120407008, 162.23564359603188
80.67729512616577, 40.983069517831126
81.39434479410674, 135.06262686506943
57.26471194346713, 119.06810258594275
22.309859359446136, 140.1978742862856
72.77337431233006, 81.12864177499408
38.848764659424326, 75.75769619850163
36.458799525548066, 150.44005874158793
89.9633727234897, 140.76256516521218
75.05639994751033, 141.72957194943353
50.57680259425592, 34.15126435923676
99.15436595253286, 160.5240337022051
69.04175580809866, 34.752618838830585
80.26739926972755, 171.45867691952324
75.57271851002476, 191.60790963027384
27.5131387139638, 58.130618728480464
85.19548629065243, 149.09615471677526
98.0123541153641, 157.28200016946738
28.196479141100504, 85.69175355248899
87.39714961803602, 92.49278245325368
98.55631332346834, 148.43866692575992
9.797897167618686, 114.2856797930017
43.7727948138283, 91.06201131142477
15.750148395391783, 127.8765823965224
93.98194403418647, 170.71738849704155
97.93121245643727, 129.64411720765762
66.80060609392702, 23.427204554863867
70.63608626125055, 77.02467070851995
10.223285642725966, 99.29374505287794
52.79677537987987, 50.617700202688184
59.02095136990558, 101.79964070251862
64.4990786982836, 182.31155875819633
94.47486746767116, 197.75903861723128
61.91765442281169, 81.35535350246582
99.61727992902595, 154.08463257689573
13.65058644988154, 84.6694015298208
79.46364948902585, 103.19756256652713
67.8231925529571, 62.47243464851033
63.660129537224364, 147.2217704087567
35.72151572602675, 37.02650933412366
16.218399824313156, 153.61373401003823
26.594502566971656, 60.800563477299384
61.57320946964209, 132.52314856104775
78.87708225308684, 84.07314882312637
9.781769306250476, 136.32132523887492
87.3819991791243, 112.20470129012132
51.81949212857665, 16.77802412060696
32.17269381733846, 35.093971488308526
85.71493061542822, 103.59360650657044
61.608565003355196, 174.64495655703186
95.21979956681956, 191.21563567331526
18.801279649966517, 147.65552456569463
38.766466037708604, 56.33873273865362
36.005171770257526, 9.893190547789722
93.26637048221966, 119.15907303098483
7.431345904691766, 159.78437170084575
39.58025471414768, 74.33461442109888
146.53923108460077, 117.63444119213855
103.02857205388375, 189.46104156095706
123.48981566240063, 98.27443265163383
121.44659026426402, 122.11455663243957
139.2182483863602, 86.78133721659889
147.80557141158005, 156.26755787601013
135.77108704734928, 86.76368311521858
114.36902574219087, 80.36459626721569
174.34454912307055, 74.9676384047776
161.1203445459265, 90.86107634337107
144.09454242354732, 146.7323012378032
138.0618542449584, 61.79445694760333
115.797489531298, 68.12803304592396
152.0595521400744, 28.187884738169664
196.55759764346297, 79.38397658518616
162.86181408840048, 57.20685057882435
140.50836391260847, 165.93494764323756
195.59329616099134, 119.25550413356672
128.08824418119661, 150.59172894034458
122.31498816033638, 48.108696943138305
132.90859021078055, 168.32227749850057
128.84673152930034, 134.85607368710427
144.28944177844755, 121.90787085414121
141.62341307763086, 115.49996080340847
119.44503092065582, 80.33516152767235
114.82217046026322, 168.8790356831666
119.07462794580319, 140.3893625527483
140.59821419268138, 22.11274786384927
146.01418919179594, 28.925249604465563
103.62319341124645, 174.66340725416592
174.8633635433601, 142.41996246399447
178.83674249259929, 46.84116548082544
113.1269924095094, 76.68599023957378
124.88736079645749, 123.64048364544269
159.17437774494917, 121.52676129233167
165.25076944417225, 50.01358824814861
157.40899028912526, 69.9582841203722
131.19641818244764, 102.274131724469
192.977111652731, 78.7808300771875
129.1034987959299, 162.23564359603188
119.32270487383423, 40.983069517831126
118.60565520589326, 135.06262686506943
142.73528805653288, 119.06810258594275
177.69014064055386, 140.1978742862856
127.22662568766994, 81.12864177499408
161.15123534057568, 75.75769619850163
163.54120047445193, 150.44005874158793
110.0366272765103, 140.76256516521218
124.94360005248967, 141.72957194943353
149.42319740574408, 34.15126435923676
100.84563404746714, 160.5240337022051
130.95824419190134, 34.752618838830585
119.73260073027245, 171.45867691952324
124.42728148997524, 191.60790963027384
172.4868612860362, 58.130618728480464
114.80451370934757, 149.09615471677526
101.9876458846359, 157.28200016946738
171.8035208588995, 85.69175355248899
112.60285038196398, 92.49278245325368
101.44368667653166, 148.43866692575992
190.2021028323813, 114.2856797930017
156.22720518617172, 91.06201131142477
184.2498516046082, 127.8765823965224
106.01805596581353, 170.71738849704155
102.06878754356273, 129.64411720765762
133.199393906073, 23.427204554863867
129.36391373874943, 77.02467070851995
189.77671435727405, 99.29374505287794
147.20322462012012, 50.617700202688184
140.9790486300944, 101.79964070251862
135.5009213017164, 182.31155875819633
105.52513253232884, 197.75903861723128
138.0823455771883, 81.35535350246582
100.38272007097405, 154.08463257689573
186.34941355011847, 84.6694015298208
120.53635051097415, 103.19756256652713
132.1768074470429, 62.47243464851033
136.33987046277565, 147.2217704087567
164.27848427397325, 37.02650933412366
183.78160017568683, 153.61373401003823
