160
24.623093121253937, 84.40810877053839
13.564597090468222, 103.59372228487122
54.88194648712261, 116.25332815230695
51.82250307124892, 31.15511722075015
98.04688185379648, 155.01817110633186
85.41815463338295, 93.56609181007158
52.916298881295475, 65.75970615850173
65.82518289596425, 169.0008904767112
18.91429230337779, 104.95257833466223
60.49802537745863, 182.68961765382653
48.950192520085835, 95.9311621363631
69.50133572281302, 192.5759190456928
25.524226750538904, 46.57502582198407
22.951907579631325, 123.47403487730351
52.28805409027364, 179.00249742163197
53.77250638487251, 178.25689714842102
61.41214385315929, 37.76948004402962
79.66323297443783, 189.3619987177285
83.69014858392482, 182.01965094376234
88.54399704537515, 119.1967981235905
87.97737534123631, 40.333479073353715
79.08147705419032, 64.37662023259898
91.53467394158272, 11.778509683554539
96.54176754697338, 194.39793800524058
77.41691781921695, 7.31310110848169
51.371786282015975, 41.36301235590414
40.11335534128698, 97.34520827489894
72.65785505920155, 80.24175144456511
73.96066530763112, 78.22505806590054
77.89656389172184, 107.57332688192822
81.08918984539967, 164.93401116393
4.453673240608036, 127.57929539213224
1.7492913205230387, 90.11267906751424
38.81228426257116, 45.63689198941838
40.084176749632306, 129.64432715964685
29.224177135859584, 125.26012791619041
74.43171488335734, 118.18999977093449
62.591443887327415, 9.235635096221317
37.55159650087768, 91.82658840178655
89.55986198876117, 198.9191355260073
42.850124971281204, 171.7334872684906
17.913216372296127, 59.13315026209065
72.36632404648469, 123.85708517608549
50.88886327742116, 115.86233755925423
99.17373338621947, 115.11223067525064
99.80152205860091, 142.6210966591449
55.362733773932845, 27.555564604116434
58.752143543708826, 73.19803483906104
8.715658871137965, 61.17021669674318
17.285798755953998, 50.81931041715957
21.68813496988504, 112.74369817924577
12.46493535848795, 126.7026020533651
66.63450211833344, 14.307278021673774
18.726164030459667, 121.35620087824786
58.003611161365775, 127.25215254848297
83.51253095641279, 147.00439435798464
80.06634382965201, 192.8529267889705
43.92076524044292, 84.0888014752886
66.08898435271298, 76.23825297361844
28.44697836839153, 36.6876922923671
81.35151099742052, 170.9125847655085
23.59196316289275, 105.74471016251465
27.65012149788857, 132.73585914984236
95.24565795314285, 118.72127054857616
25.81812091735758, 91.49926809755738
96.72714929097864, 57.190681975142056
57.77870248540816, 104.34139953133482
68.05399995212527, 170.97042243183168
74.02055901444133, 135.60277287262434
71.14429496657934, 28.1989993381641
12.944902719638652, 91.37827874538453
67.78281293333474, 86.88959487549496
82.81560899300729, 196.91124967160115
93.57248342235248, 78.97967706777231
75.72292352543222, 150.3326757370592
36.36008830160608, 47.36426681795216
16.254145652101627, 52.40160598531358
56.03168346554156, 45.90897568671601
99.12962150300996, 83.28060761109688
87.96644969577994, 145.68489679227562
175.37690687874607, 84.40810877053839
186.43540290953177, 103.59372228487122
145.1180535128774, 116.25332815230695
148.17749692875108, 31.15511722075015
101.95311814620352, 155.01817110633186
114.58184536661705, 93.56609181007158
147.08370111870454, 65.75970615850173
134.17481710403575, 169.0008904767112
181.08570769662222, 104.95257833466223
139.50197462254135, 182.68961765382653
151.04980747991416, 95.9311621363631
130.49866427718698, 192.5759190456928
174.4757732494611, 46.57502582198407
177.04809242036868, 123.47403487730351
147.71194590972635, 179.00249742163197
146.22749361512749, 178.25689714842102
138.5878561468407, 37.76948004402962
120.33676702556217, 189.3619987177285
116.30985141607518, 182.01965094376234
111.45600295462485, 119.1967981235905
112.02262465876369, 40.333479073353715
120.91852294580968, 64.37662023259898
108.46532605841728, 11.778509683554539
103.45823245302662, 194.39793800524058
122.58308218078305, 7.31310110848169
148.628213717984, 41.36301235590414
159.886644658713, 97.34520827489894
127.34214494079845, 80.24175144456511
126.03933469236888, 78.22505806590054
122.10343610827816, 107.57332688192822
118.91081015460033, 164.93401116393
195.54632675939197, 127.57929539213224
198.25070867947696, 90.11267906751424
161.18771573742885, 45.63689198941838
159.91582325036768, 129.64432715964685
170.77582286414042, 125.26012791619041
125.56828511664266, 118.18999977093449
137.40855611267258, 9.235635096221317
162.44840349912232, 91.82658840178655
110.44013801123883, 198.9191355260073
157.14987502871878, 171.7334872684906
182.08678362770388, 59.13315026209065
127.63367595351531, 123.85708517608549
149.11113672257883, 115.86233755925423
100.82626661378053, 115.11223067525064
100.19847794139909, 142.6210966591449
144.63726622606714, 27.555564604116434
141.24785645629117, 73.19803483906104
191.28434112886202, 61.17021669674318
182.714201244046, 50.81931041715957
178.31186503011497, 112.74369817924577
187.53506464151207, 126.7026020533651
133.36549788166656, 14.307278021673774
181.27383596954033, 121.35620087824786
141.99638883863423, 127.25215254848297
116.48746904358721, 147.00439435798464
119.93365617034799, 192.8529267889705
156.0792347595571, 84.0888014752886
133.911015647287, 76.23825297361844
171.55302163160846, 36.6876922923671
118.64848900257948, 170.9125847655085
176.40803683710726, 105.74471016251465
172.34987850211144, 132.73585914984236
104.75434204685715, 118.72127054857616
174.1818790826424, 91.49926809755738
103.27285070902136, 57.190681975142056
142.22129751459184, 104.34139953133482
131.94600004787475, 170.97042243183168
125.97944098555867, 135.60277287262434
128.85570503342066, 28.1989993381641
187.05509728036134, 91.37827874538453
132.21718706666525, 86.88959487549496
117.18439100699271, 196.91124967160115
106.42751657764752, 78.97967706777231
124.27707647456778, 150.3326757370592
163.63991169839392, 47.36426681795216
183.7458543478984, 52.40160598531358
143.96831653445844, 45.90897568671601
100.87037849699004, 83.28060761109688
112.03355030422006, 145.68489679227562
