224
40.97409395247768, 196.02572108859212
53.30348071233065, 40.623158774527404
86.19936617892425, 58.375261885718885
58.97332866764478, 144.2624294253883
67.18363296510539, 24.82273299775636
57.692357200276206, 79.96057807902383
77.89840578603715, 38.61264203451924
48.42040291719765, 49.42417384405197
23.879703341216143, 26.314086151471308
57.822653621456, 97.23831996214282
70.05259129244187, 36.219297909119845
44.372350886040905, 95.54476220709884
17.991260361490216, 45.318998680973834
61.778897761834386, 183.77653205671163
18.331680272337906, 11.521871868654799
87.16307456203691, 67.70272109369817
87.0348077036864, 48.40642578260037
79.3087872924442, 171.50240930576086
26.393924978697573, 38.07228586666335
50.289117722551914, 137.55014094788345
43.193531492919824, 148.96730400192848
81.41101346673477, 98.20217303556032
29.699589662041532, 93.5829279126392
7.956837885944196, 73.53550412512803
36.8708949758156, 0.34684992490533517
25.9963246891312, 64.23182490145535
90.33952841288749, 54.440384516299005
82.3467187402055, 109.83192928301551
65.4650308048131, 144.09769263696322
35.83268563838258, 132.66872106104148
24.4386935402094, 135.42048379193636
58.542056161251864, 199.9882764585799
96.9214776273317, 40.82662231706909
97.5848689839291, 103.13411217548006
29.242225985926616, 150.4654068485391
89.93544053769581, 18.87467215331988
50.78687099810974, 107.18366291542304
86.38907211939366, 141.15194120082936
39.895963692924596, 78.6319598571658
34.071391056886355, 8.17171067610979
37.838399029903556, 114.86332403812798
28.38735448232744, 132.74062189818903
88.2574613342195, 24.7418161558447
26.8521703940808, 125.0537134132755
15.382563581362781, 87.32697160030163
39.37954196498171, 136.3843130072214
21.959838215741435, 155.3217739301009
92.13320871191647, 82.67901549803017
60.40452843427057, 67.26916274159616
52.72494821773572, 96.68687760939872
21.8596729214728, 184.67847839130138
6.453141666747923, 66.17633953754768
56.43218609363698, 54.83580424276923
79.66164837600611, 153.81399149606565
31.782176690849774, 123.93401042759204
65.37507550156496, 42.18121949739573
25.977582202745253, 154.76249155481491
95.92923946367573, 1.926700225082012
64.01342148591648, 151.4889961396327
94.98654936358245, 161.17745931939953
95.19125196588328, 115.29457759664994
55.39478241012969, 169.1845807915388
51.79577669186573, 60.275020631723145
70.20376134098993, 154.21640627207142
77.60667835940379, 174.50850993742867
56.17191220520338, 101.24967903783627
65.61203953379119, 22.849276937236922
93.28221550108762, 3.8661961509850507
17.225403051321315, 186.34068168524738
33.269574258214085, 62.19781927492444
65.00167072050544, 153.2173361318938
54.29455664270455, 143.15001281980184
49.8581041758664, 43.26795965892353
19.412460140913446, 3.2791299222808092
79.81316060801501, 91.72837833854493
82.13666462711214, 135.3927100708266
33.179160026513955, 83.02708328331136
23.410533692598662, 147.77369875166647
68.76787506299208, 138.71237121266824
60.34472145898307, 87.92722696523302
97.43211261250013, 135.67347623147995
40.12687279220513, 18.44026044127176
59.09904893521465, 170.1531735878384
6.328931171606356, 137.19472126885557
51.906755822347186, 26.782763792537057
0.8324257658375189, 68.56126506743128
54.58573218000341, 110.25419340086036
49.347817800745744, 185.99189205752594
49.881069094903474, 154.01894337921527
42.97361747489658, 20.316187541046627
50.91413119908444, 90.55610209967332
94.11229778822678, 151.0419685671815
81.29509222335565, 175.68242930894007
34.05140916407815, 104.6481594932014
70.01241874806206, 194.07561337483878
63.821663636710355, 34.8270058872151
13.930673797291304, 89.0047371055038
3.125064622090934, 199.0766310413871
42.19817078618504, 95.22255191764782
24.120197769699626, 111.8302593997536
96.11344546580521, 16.45071552881032
43.72610987548765, 104.19299730010891
57.27939083731688, 10.798621379266615
68.40841215075959, 197.53096351023189
13.396695609924992, 39.807310129270526
0.06736787992721593, 15.550325711150359
85.60803627815065, 77.91544080051325
29.30956727901798, 192.50572383473656
38.439526172473094, 35.10780322266675
98.71668758421983, 179.4365655072193
5.9957792237710805, 23.43443712344129
87.56478902963865, 198.8409085969136
1.9970217681359648, 62.12166262034917
98.23383857933547, 199.60803710779004
55.862251991431656, 69.71382673345505
47.982297235899985, 197.04034189014365
51.88670923398714, 76.22770685714373
51.72656967827049, 83.96016702150601
8.274964124451623, 60.16302156005264
61.294859545783, 0.5073368283560642
64.27445117729239, 194.8596750899072
93.72531179944389, 53.89049493548208
54.20764267565663, 17.622516934013998
19.509716394068544, 55.458267486169575
66.73578117579211, 184.16178365786948
68.13276059605, 173.99379009659026
55.94960137401262, 89.55347688429273
73.32328428493715, 157.37602773024582
98.58273248551095, 0.654404913959783
42.993247021786985, 131.59253037097972
11.319658404610145, 175.5664627603261
47.50310199249939, 2.4292910409160484
65.5954765607586, 74.06680386827809
38.55522565564841, 52.73387067567094
17.55521116639277, 39.23453709157354
32.62403135287217, 138.1492416660488
34.72727439761536, 143.88702559878098
62.06737128265857, 100.269092858466
98.27263446119225, 190.7091566091331
89.55333756620846, 10.807318026897693
90.06308271996207, 72.53883898015016
36.48346821026958, 37.6737042341571
48.67799754105724, 19.350033316608805
59.8506828007545, 189.74010647809217
152.4714900629091, 173.25382109905038
146.69651928766933, 40.623158774527404
123.62885580605844, 109.0604761501198
161.21707448087875, 157.4981639480737
110.12730015461607, 46.386750193227
129.75465558409886, 19.257317963053477
122.10159421396285, 38.61264203451924
106.11919946901989, 48.828788705631474
165.0906478681532, 63.487184566506485
131.80123539843723, 19.37184897531672
148.78224376232575, 47.16989403916567
166.75971895591857, 164.71698506771955
190.53642244840947, 79.93212393626523
135.04203111714102, 155.48248074617032
130.39369164212584, 90.95196182928777
145.4618330934022, 96.05805155802993
112.9651922963136, 48.40642578260037
120.6912127075558, 171.50240930576086
194.8459768890651, 76.8568809524947
195.29766030262337, 93.4062797793805
121.63994465692929, 164.29880311997547
166.3376812880641, 133.61332099292832
149.78817083097408, 113.61008020573603
149.23144862663437, 51.30202339540597
121.0137547613251, 44.71244265635341
174.0036753108688, 64.23182490145535
161.239436752711, 35.97756165390484
143.11121346378008, 34.24128712969841
115.51878186392564, 153.40825282516246
164.16731436161743, 132.66872106104148
102.31800376984629, 175.2317630857919
146.39820279149046, 149.65592100150798
115.51210655228374, 24.226412053086555
176.96621755766313, 150.28674000314516
136.92867886224585, 93.3008184692598
110.06455946230419, 18.87467215331988
110.4533805166438, 38.40009442214378
154.3700026935423, 113.66966136569026
120.5046669215504, 38.95594800652182
105.51021224811996, 52.6710800297842
125.85442587160281, 38.85434328282358
117.89154050931845, 197.9493636954153
111.7425386657805, 24.7418161558447
151.96676139824206, 169.55408346180096
150.82254359721787, 110.29456909653197
176.91246167518625, 125.73739187669078
178.04016178425857, 155.3217739301009
146.91141970087168, 20.052100190547286
139.59547156572944, 67.26916274159616
147.27505178226428, 96.68687760939872
147.62755147110937, 127.84099617611517
187.0222432248354, 79.7358353568716
139.21500883756113, 85.94528651565541
172.21573799517122, 132.24511548344728
168.21782330915022, 123.93401042759204
102.70364659752593, 72.85083463513106
181.26938965442326, 141.5810015289464
104.07076053632427, 1.926700225082012
132.65832523351284, 91.1192398928907
132.5242725278252, 111.46612226986521
144.77893477521047, 73.41654506654616
141.56026105297542, 165.46743832372772
148.20422330813426, 60.275020631723145
146.92760554247369, 86.02529152148031
122.39332164059621, 174.50850993742867
175.85901330923582, 52.256330085989156
106.92021661811476, 9.122084834560141
150.24551204182688, 29.789984977111406
127.39253123602062, 137.47474433543357
189.21875001422907, 70.45751900580963
134.99832927949456, 153.2173361318938
114.42611744440819, 94.62789737391182
125.32140243117085, 112.19863246723037
163.15439406640323, 58.06695273012457
154.6750419359292, 151.23853502741852
186.7738445853485, 63.641608749823696
128.39191885014057, 62.18072972229769
100.55916510326388, 117.17001749929285
172.9418679073639, 157.61796302119183
114.17406854416217, 12.371719378275369
