160
62.052725488111534, 177.5550636168799
74.9298146889579, 103.64298106987664
20.922986047278293, 69.05576417394413
58.29762271350839, 41.4913965791595
40.33490127168523, 87.32080248230005
38.493732474754715, 150.97499386328212
29.893719395528606, 145.11877328548312
69.87685683741742, 179.98763277966268
3.4807179665796606, 81.00142598513594
35.99979860048491, 124.6986811827253
17.555783005831827, 112.06876743743928
64.38679652928391, 61.66656396708004
77.5269860293925, 3.854880497973867
69.12208612802297, 192.58327111826043
5.809608374980302, 93.75945196746684
50.79443398010749, 109.03265689055617
95.96945333708457, 135.13757450708394
72.24066529961553, 178.40792042656065
45.385406073979325, 77.48298608671529
89.98533478992326, 184.55754194096036
52.07640204738646, 12.475212903513967
61.24343854941424, 93.15702691303174
30.298442524991053, 156.53891597389747
42.03831495830289, 181.3246196709588
31.072450583757238, 154.3326111393003
1.6568208654409222, 109.73054020765952
11.076728448104657, 142.66643062239396
29.531426219027946, 110.99535541174437
80.46840633024398, 7.918965959201252
82.98123369961874, 24.2053028821273
98.35526609218985, 126.47673273825501
33.13303409683294, 47.75439336647871
69.66338162032162, 16.322962112352624
8.986060645867244, 119.05624244931687
55.920092852925244, 148.2774610673472
71.21391017183511, 15.23084171863578
94.2821868582189, 177.70803635155983
96.83510903258849, 193.52091710015995
71.03884678853909, 123.39604617435039
80.11958298294888, 119.17955786867603
41.091654806313905, 109.97721499705642
92.58394222553231, 42.83490062008413
51.79736814449698, 83.21190850584902
97.21852443584332, 10.930610783287896
53.32506801864854, 162.13677564889238
59.39489879924745, 12.057028320666173
46.48833205079402, 58.285547600921795
52.261351767039784, 80.74913006016216
16.346715430195722, 71.04302374916396
35.9057350409113, 52.13928987973253
32.422767133419725, 159.87044280891467
44.41920487692317, 86.19817008822257
18.9450372499101, 91.31065648690249
23.417218763719028, 61.16929597970504
71.61537552164454, 114.53045568566094
2.503754399618041, 99.27314534231337
54.88329631982768, 59.702917976115664
69.94527114314967, 30.179600366938296
57.211302577872935, 50.83030974376763
69.89482830601283, 178.16640582479658
49.979303443063394, 29.25071325232902
71.75043187311067, 63.068444273833315
57.108044652918956, 43.98059223978428
95.51849180633205, 124.62347954412058
77.56425051527293, 153.20041654228237
8.515538124221568, 102.92028324485823
16.071405034658927, 82.78123868764958
7.50987701036564, 105.69057455858109
69.53840318611549, 35.09738229548689
35.49367405890966, 67.29630109451257
63.96554407641456, 173.2427186195266
58.832264266414526, 134.49415608717717
93.38950459152532, 10.306173414272513
57.81991311170387, 77.23861004919566
58.446388489649536, 68.44172651091385
31.68421379749965, 135.96544716350365
79.76316725177813, 166.11764871249366
73.72132588990617, 75.39729991412352
35.986824332017584, 26.268260717157197
26.830878902246123, 53.72902110464102
137.94727451188845, 177.5550636168799
125.0701853110421, 103.64298106987664
179.0770139527217, 69.05576417394413
141.7023772864916, 41.4913965791595
159.66509872831477, 87.32080248230005
161.50626752524528, 150.97499386328212
170.1062806044714, 145.11877328548312
130.12314316258258, 179.98763277966268
196.51928203342035, 81.00142598513594
164.0002013995151, 124.6986811827253
182.4442169941682, 112.06876743743928
135.6132034707161, 61.66656396708004
122.4730139706075, 3.854880497973867
130.87791387197703, 192.58327111826043
194.19039162501969, 93.75945196746684
149.2055660198925, 109.03265689055617
104.03054666291543, 135.13757450708394
127.75933470038447, 178.40792042656065
154.6145939260207, 77.48298608671529
110.01466521007674, 184.55754194096036
147.92359795261353, 12.475212903513967
138.75656145058576, 93.15702691303174
169.70155747500894, 156.53891597389747
157.9616850416971, 181.3246196709588
168.92754941624275, 154.3326111393003
198.34317913455908, 109.73054020765952
188.92327155189534, 142.66643062239396
170.46857378097206, 110.99535541174437
119.53159366975602, 7.918965959201252
117.01876630038126, 24.2053028821273
101.64473390781015, 126.47673273825501
166.86696590316706, 47.75439336647871
130.33661837967838, 16.322962112352624
191.01393935413276, 119.05624244931687
144.07990714707475, 148.2774610673472
128.7860898281649, 15.23084171863578
105.7178131417811, 177.70803635155983
103.16489096741151, 193.52091710015995
128.9611532114609, 123.39604617435039
119.88041701705112, 119.17955786867603
158.9083451936861, 109.97721499705642
107.41605777446769, 42.83490062008413
148.20263185550303, 83.21190850584902
102.78147556415668, 10.930610783287896
146.67493198135145, 162.13677564889238
140.60510120075256, 12.057028320666173
153.511667949206, 58.285547600921795
147.7386482329602, 80.74913006016216
183.65328456980427, 71.04302374916396
164.0942649590887, 52.13928987973253
167.5772328665803, 159.87044280891467
155.58079512307683, 86.19817008822257
181.05496275008989, 91.31065648690249
176.58278123628097, 61.16929597970504
128.38462447835548, 114.53045568566094
197.49624560038197, 99.27314534231337
145.11670368017232, 59.702917976115664
130.05472885685032, 30.179600366938296
142.78869742212706, 50.83030974376763
130.1051716939872, 178.16640582479658
150.0206965569366, 29.25071325232902
128.24956812688933, 63.068444273833315
142.89195534708105, 43.98059223978428
104.48150819366795, 124.62347954412058
122.43574948472707, 153.20041654228237
191.48446187577844, 102.92028324485823
183.92859496534106, 82.78123868764958
192.49012298963436, 105.69057455858109
130.4615968138845, 35.09738229548689
164.50632594109032, 67.29630109451257
136.03445592358543, 173.2427186195266
141.16773573358546, 134.49415608717717
106.61049540847468, 10.306173414272513
142.18008688829613, 77.23861004919566
141.55361151035046, 68.44172651091385
168.31578620250036, 135.96544716350365
120.23683274822187, 166.11764871249366
126.27867411009383, 75.39729991412352
164.0131756679824, 26.268260717157197
173.16912109775387, 53.72902110464102
