192
95.42683052921875, 35.84516923801666
71.7870355457189, 103.49633285653321
26.348972096277635, 60.132731786990654
29.794179539726752, 157.9735043500309
4.5848039143166925, 97.9203121945773
40.37989110339451, 85.5146246447809
37.8133873526966, 142.46823508398785
26.64448480281849, 123.58152847400201
64.5006114334569, 70.47905566548908
95.43715589915872, 169.22319963937028
69.7722047892372, 177.3353042041027
49.96639908767961, 15.512879938681866
76.75806109162889, 126.93953197547813
51.051100954023944, 78.53389132499215
92.55382807599534, 166.08905688990788
95.25317812057064, 194.5780237502066
87.9389057581956, 162.3016475191103
84.63843798446916, 40.9447969190667
62.289171150883526, 34.24862030229938
55.02939552457418, 27.33374218273852
38.314800538363784, 125.60561612005479
6.848537773589502, 86.08936230041711
81.5088915372401, 118.62517424750112
52.83341870824907, 58.830133034943245
54.01838975477145, 79.17513467312025
34.13185572146627, 83.10884393339788
73.99597233146878, 149.83863237487736
48.590470021618096, 54.49956701951986
89.49904456768053, 82.06035121476663
59.971437724484154, 67.49971938435932
36.45831355360117, 98.60657550337662
14.828955090532448, 72.06055001061722
96.88688543353098, 169.92340413774
49.6438086388893, 82.07346623897907
45.283064134526164, 45.24413171914146
98.03098574495483, 125.80116206570351
42.650251010191376, 79.77061319468362
46.32149277812759, 124.76701024389365
86.0871165054452, 188.0375688305037
83.58888985625377, 29.371098182611522
23.470298122519072, 158.6127931271711
92.81232083933872, 148.93293625978353
89.45379660400424, 140.98979240164417
1.571606199362896, 96.24208151888085
79.26454521706586, 113.93390688430863
38.51417635502291, 29.33599666195623
7.1612313691157725, 110.00360530585453
61.51914110112442, 11.949101912892024
93.7575370215584, 175.2620737591461
50.907592390393496, 22.51649803638354
71.90285437066325, 143.62952026769773
75.96041659891793, 158.6221066874679
82.65981423257095, 91.96791609604146
36.130128932017755, 117.74785623852786
99.1373243541371, 66.1331227073307
54.63411666897796, 49.44690090841106
43.894670392660885, 24.349474325618225
57.40067638255658, 184.08004271099153
31.97725175570435, 144.05774020470702
37.11465533020439, 164.57929838123582
54.7566336837368, 36.33264983059803
97.39469288966505, 158.294901341669
51.29456246384167, 149.35409583343926
37.78133117884498, 75.6721213461627
45.225066262373836, 52.51714120635087
86.9981179620049, 199.01658849423512
67.3640909468896, 161.04840141931513
53.79105139208613, 151.1855823337301
15.119426020188264, 146.204221146968
75.91772857503044, 173.82747445453987
78.31981419728568, 50.31317623694489
30.80684619994577, 137.58342324019367
79.12608780684754, 58.47715277688803
42.001082734434135, 100.52744869266445
46.91741727828389, 95.50837029945534
80.8731722275945, 66.79826322421165
67.05332308784526, 32.062555351797364
76.8527869517234, 178.16085702185356
48.65347499441855, 31.023805226044132
24.044786201347478, 47.77619203415047
17.35570321365827, 120.50431373341908
34.54434830303084, 6.274697538137564
23.846943551195242, 35.29009331952913
74.44377318626597, 101.16392466981179
75.18276587384337, 19.090531984601732
51.48040905706544, 76.3409889640339
59.2494561141232, 7.761949516566324
9.624408728007772, 198.33512919874505
45.324086311466516, 160.81978868275414
59.496017807254844, 127.87660197159443
54.59414440772466, 6.689971441121734
6.79644136782942, 102.96887799831134
97.34950947207571, 51.12860219236779
73.93530865619466, 16.90115511637138
11.944534454762179, 11.526374867368737
89.0127979451069, 171.75539005360417
11.8602235895249, 89.30205072815684
27.893225760859586, 153.88387917679614
22.570573778383828, 66.86884621515962
69.58540011826942, 159.12060062216818
16.777353900894955, 123.1821205816352
3.967411948027877, 177.05917026501842
47.13232262699323, 151.7646615744274
48.75466281733796, 192.61984409419733
94.56476605106062, 130.11922730806828
48.47042569497068, 122.9404133940667
99.27624928621024, 94.4286320335273
55.48620294221984, 68.04685500354408
95.86275611478801, 52.50982837207398
55.33580280528757, 46.11923104088114
86.00014002590642, 75.71353351181709
21.623903500149012, 156.32452922713432
104.57316947078125, 35.84516923801666
128.21296445428112, 103.49633285653321
173.65102790372237, 60.132731786990654
170.20582046027326, 157.9735043500309
195.4151960856833, 97.9203121945773
159.62010889660547, 85.5146246447809
162.1866126473034, 142.46823508398785
173.35551519718152, 123.58152847400201
135.4993885665431, 70.47905566548908
104.56284410084128, 169.22319963937028
130.2277952107628, 177.3353042041027
150.0336009123204, 15.512879938681866
123.24193890837111, 126.93953197547813
148.94889904597605, 78.53389132499215
107.44617192400466, 166.08905688990788
104.74682187942936, 194.5780237502066
112.0610942418044, 162.3016475191103
115.36156201553084, 40.9447969190667
137.71082884911647, 34.24862030229938
144.97060447542583, 27.33374218273852
161.68519946163622, 125.60561612005479
193.1514622264105, 86.08936230041711
118.4911084627599, 118.62517424750112
147.16658129175093, 58.830133034943245
145.98161024522855, 79.17513467312025
165.86814427853372, 83.10884393339788
126.00402766853122, 149.83863237487736
151.4095299783819, 54.49956701951986
110.50095543231947, 82.06035121476663
140.02856227551584, 67.49971938435932
163.54168644639884, 98.60657550337662
185.17104490946755, 72.06055001061722
103.11311456646902, 169.92340413774
150.3561913611107, 82.07346623897907
154.71693586547383, 45.24413171914146
101.96901425504517, 125.80116206570351
157.34974898980863, 79.77061319468362
153.6785072218724, 124.76701024389365
113.9128834945548, 188.0375688305037
116.41111014374623, 29.371098182611522
176.52970187748093, 158.6127931271711
107.18767916066128, 148.93293625978353
110.54620339599576, 140.98979240164417
198.4283938006371, 96.24208151888085
120.73545478293414, 113.93390688430863
161.48582364497707, 29.33599666195623
192.83876863088423, 110.00360530585453
138.48085889887557, 11.949101912892024
106.2424629784416, 175.2620737591461
149.0924076096065, 22.51649803638354
128.09714562933675, 143.62952026769773
124.03958340108207, 158.6221066874679
117.34018576742905, 91.96791609604146
163.86987106798225, 117.74785623852786
100.8626756458629, 66.1331227073307
145.36588333102205, 49.44690090841106
156.10532960733912, 24.349474325618225
142.59932361744342, 184.08004271099153
168.02274824429566, 144.05774020470702
162.88534466979561, 164.57929838123582
145.2433663162632, 36.33264983059803
102.60530711033495, 158.294901341669
148.70543753615834, 149.35409583343926
162.218668821155, 75.6721213461627
154.77493373762616, 52.51714120635087
113.0018820379951, 199.01658849423512
132.6359090531104, 161.04840141931513
146.20894860791387, 151.1855823337301
184.88057397981174, 146.204221146968
124.08227142496956, 173.82747445453987
121.68018580271432, 50.31317623694489
169.19315380005423, 137.58342324019367
120.87391219315246, 58.47715277688803
157.99891726556586, 100.52744869266445
153.0825827217161, 95.50837029945534
119.1268277724055, 66.79826322421165
132.94667691215474, 32.062555351797364
123.1472130482766, 178.16085702185356
151.34652500558144, 31.023805226044132
175.95521379865252, 47.77619203415047
