176
58.21961802637562, 96.12404237075096
75.74440472178274, 4.50612140771407
36.09845403891314, 40.821022260089364
96.54126270164286, 190.3191861322324
39.17707439985513, 132.49731811731223
33.135464516167005, 146.87718396764492
74.95303666961881, 93.38453650373073
27.835622628097113, 90.08325527367647
80.02187115449127, 116.99660067270025
10.885446686663759, 139.71171606692283
51.75515726396899, 39.621518501152785
78.54670736510444, 38.282297319278726
30.756525262360356, 55.07854094141855
83.14200311383765, 64.95218974438043
75.67230915799908, 182.52214350017718
89.3245750147321, 94.59152890615381
25.44409625768148, 90.98486947304248
84.69633163045242, 88.6868565334544
81.6574496422817, 38.72315310936671
71.25070406167177, 76.36881588191244
60.20778722193825, 77.35318496409162
95.22367878691496, 84.65905696328771
11.005393851810386, 93.57493556312741
72.17251029900245, 18.06688349376453
79.17602115145812, 98.40238124395032
93.90476685408035, 168.2596398896466
16.50969781185394, 46.59876288077322
94.58688241627627, 30.94213574313578
75.33768957272554, 130.84366235919254
14.351150095878696, 131.79872100006588
48.79954773299493, 44.196637012078185
75.16968302322297, 116.58862793649192
30.398029438798304, 63.856669751395565
59.43944840244384, 147.66962475011155
93.31163639600337, 189.94807525551244
19.537774024540788, 117.66289979468108
60.87530189661575, 16.754260199025374
22.061069335003104, 43.28516835537197
11.551254312070714, 63.66102449928206
80.46564852618876, 50.174447631493166
90.37033938654497, 51.1513104136748
94.56260680879039, 153.61647450631463
98.2009933657092, 43.09093186042292
10.876913057604876, 103.12389586196822
27.56489163438488, 76.69876095653005
48.33170598193708, 112.56707271103114
99.48491054468931, 116.28023373407059
21.046463830827545, 126.23354053338414
46.216480001939345, 152.34579784353696
10.566505582441167, 88.03536289614627
46.51291678243498, 98.52441116779616
20.54652044835903, 60.746635594627406
28.997616563659832, 128.29090901884697
63.69512369601233, 67.24153019942275
15.652997581832839, 79.89841094550366
12.3645830452774, 122.74445676918057
54.32010568672263, 74.14193597032133
71.50650833850612, 177.97018823087777
77.68634737639631, 138.39591342032492
71.19879241562471, 82.33521862045335
24.204704334018267, 40.87347469468923
68.02010374744518, 97.30539254600963
42.421242717708594, 124.7346479697909
98.87228321138261, 141.49054187746447
16.93035354497908, 81.88168274185801
97.97770016008575, 74.5390898881383
96.9791399514438, 143.55987886300028
21.204998099178884, 65.23521797500429
72.26112502712202, 107.66776322690907
85.9034633457519, 172.82187617031963
0.5486126854110429, 96.94102913047477
70.5002638788325, 67.54520255637327
49.91496795226726, 40.2906444672702
86.68900492442955, 11.518652897581605
63.024609857789486, 179.27007255382475
91.29113444308706, 161.06749309305715
54.03233578223809, 30.824544299597378
64.07999595349233, 132.4443616349077
54.1910087995639, 157.4543068381997
91.06712168455937, 59.254201215786416
19.65467286728798, 78.34834251844818
53.0027271224493, 165.20326689574222
42.40971722253432, 87.17012723931457
9.35549545530716, 146.512087794223
19.025597125288108, 194.88627678922307
71.1469596883999, 180.57706136174318
72.79882678264346, 8.141081125678507
54.56606971822004, 42.16632831585989
57.83709845818398, 139.87702545587928
63.32520675773946, 5.796106250145816
75.93879107513655, 66.4254254761456
86.82993090286172, 9.581581908476489
1.7655605956667375, 109.24265149048911
89.20365938019823, 92.64798773384746
45.24380917714546, 93.30719780222307
17.021729120300012, 8.863612041451209
141.78038197362437, 96.12404237075096
124.25559527821726, 4.50612140771407
163.90154596108687, 40.821022260089364
103.45873729835714, 190.3191861322324
160.82292560014486, 132.49731811731223
166.86453548383298, 146.87718396764492
125.04696333038119, 93.38453650373073
172.1643773719029, 90.08325527367647
119.97812884550873, 116.99660067270025
189.11455331333624, 139.71171606692283
148.24484273603102, 39.621518501152785
121.45329263489556, 38.282297319278726
169.24347473763964, 55.07854094141855
116.85799688616235, 64.95218974438043
124.32769084200092, 182.52214350017718
110.6754249852679, 94.59152890615381
174.55590374231852, 90.98486947304248
115.30366836954758, 88.6868565334544
118.3425503577183, 38.72315310936671
128.74929593832823, 76.36881588191244
139.79221277806175, 77.35318496409162
104.77632121308504, 84.65905696328771
188.9946061481896, 93.57493556312741
127.82748970099755, 18.06688349376453
120.82397884854188, 98.40238124395032
106.09523314591965, 168.2596398896466
183.49030218814607, 46.59876288077322
105.41311758372373, 30.94213574313578
124.66231042727446, 130.84366235919254
185.6488499041213, 131.79872100006588
151.20045226700506, 44.196637012078185
124.83031697677703, 116.58862793649192
169.6019705612017, 63.856669751395565
140.56055159755616, 147.66962475011155
106.68836360399663, 189.94807525551244
180.4622259754592, 117.66289979468108
139.12469810338425, 16.754260199025374
177.9389306649969, 43.28516835537197
188.4487456879293, 63.66102449928206
119.53435147381124, 50.174447631493166
109.62966061345503, 51.1513104136748
105.43739319120961, 153.61647450631463
101.7990066342908, 43.09093186042292
189.12308694239513, 103.12389586196822
172.43510836561512, 76.69876095653005
151.6682940180629, 112.56707271103114
100.51508945531069, 116.28023373407059
178.95353616917245, 126.23354053338414
153.78351999806065, 152.34579784353696
189.43349441755885, 88.03536289614627
153.48708321756502, 98.52441116779616
179.45347955164098, 60.746635594627406
171.00238343634015, 128.29090901884697
136.30487630398767, 67.24153019942275
184.34700241816716, 79.89841094550366
187.6354169547226, 122.74445676918057
145.67989431327737, 74.14193597032133
128.49349166149386, 177.97018823087777
122.31365262360369, 138.39591342032492
128.80120758437528, 82.33521862045335
175.79529566598174, 40.87347469468923
131.97989625255482, 97.30539254600963
157.5787572822914, 124.7346479697909
101.12771678861739, 141.49054187746447
183.06964645502092, 81.88168274185801
102.02229983991425, 74.5390898881383
103.0208600485562, 143.55987886300028
178.79500190082112, 65.23521797500429
127.73887497287798, 107.66776322690907
114.0965366542481, 172.82187617031963
199.45138731458897, 96.94102913047477
129.4997361211675, 67.54520255637327
150.08503204773274, 40.2906444672702
113.31099507557045, 11.518652897581605
136.97539014221053, 179.27007255382475
108.70886555691294, 161.06749309305715
145.96766421776192, 30.824544299597378
135.92000404650767, 132.4443616349077
145.80899120043608, 157.4543068381997
108.93287831544063, 59.254201215786416
