176
82.38538485895897, 139.75522057265314
43.41200410480756, 163.6180123166083
6.847260730829763, 134.8869878577842
27.6156458920372, 82.97463559087743
27.41883072493977, 96.74284743390457
57.10552221535797, 53.97731315861727
40.37019371626893, 150.4757459409304
80.15553992364444, 175.9759774781658
97.17780243870837, 131.6475535329411
59.28274412174711, 147.69427527871366
61.11561307308582, 154.83748955618913
79.47383085668311, 78.41477625738878
16.997621820979113, 145.39196896479115
69.35589219892334, 148.1055507899975
97.78788961547444, 179.07458326435452
8.171916746845831, 116.06488902044516
68.57734635821045, 143.85144297982896
61.130482670325726, 44.41087460777222
21.846524878881123, 77.79862289256272
96.57025477060162, 3.827497805017255
4.671173261202188, 129.96783237317703
60.88569810760339, 78.87355585172328
55.756900372865346, 69.24211249103118
53.639991938507414, 91.68301011754122
96.29108342493117, 67.20088187561718
69.95060023727999, 126.3773136433187
40.66490041234121, 76.00381908806546
15.196986100252186, 145.31467521378207
82.6623041488913, 81.35323470530132
84.71660374092134, 193.6766322963585
91.32602940043729, 196.2323223507187
31.446364479175813, 136.37929153183265
1.9327985381077606, 91.2226695540179
85.18513957163792, 189.87242415005218
17.531994157547715, 114.25512106507074
97.29269529540694, 43.227213039852266
93.97004361929042, 134.07211845615595
28.23109137152924, 91.26170859248629
55.82873281134113, 94.94055972123489
35.88604272742176, 142.29091171354182
36.66563100728587, 125.54232369547557
44.803619779527956, 39.1094432603095
42.17480357083942, 158.02707397252829
48.156999227918604, 174.5306751965358
9.367226644074977, 82.4006834977471
51.0520776639667, 153.30679892477878
94.57751390978017, 98.39923164501853
24.60511835124879, 161.1987180019915
37.44391540946813, 47.33397584382062
80.91029392800694, 133.43854649741837
13.81219438344502, 142.0374341615405
49.59326044108313, 98.23807077674162
41.899088633997486, 127.73309960522121
32.88843507782722, 82.45634596672633
30.863392625274642, 112.04104687931482
48.91508858080426, 133.42836527988226
21.479809512349448, 91.18645427659425
94.8221738847135, 190.25535713550744
65.5070816579419, 178.90867702632164
21.813321261549092, 54.83762112758485
80.23796453025754, 110.04064872694961
3.720091058097952, 102.29479510228975
26.167251557653692, 144.7285401765729
64.65618181929965, 148.84009825991666
56.114514245588296, 164.93945439383083
58.068025649618804, 92.22252085359494
74.44021304980382, 15.18152154404322
39.95373569931233, 38.73236562640858
89.30826269834867, 137.67099628367654
24.597818945072714, 73.17321473338939
67.9407699975322, 67.46380916918879
31.26571684577859, 99.32073314902034
93.60618561873957, 148.39993008053312
16.09273873190017, 65.06658875785047
55.65913147800845, 46.67132633781335
93.69072140033462, 114.44418119679365
51.79673053459653, 32.38071798971258
88.81519778652158, 96.67279658218379
39.78875938357962, 42.52989121398378
94.62486554785573, 8.375358693499656
40.40454631522701, 7.337530811945281
19.537909337442073, 24.271384688336937
63.90941995252909, 185.33676875269015
99.18201160936293, 175.85185530075833
18.87045212064884, 90.98882779676032
89.43648669010416, 13.090261764901578
8.26634767199581, 26.60150045199552
85.3585412175727, 81.10515355566238
80.51880067085861, 84.79149887729574
65.37683717340052, 17.93070528959968
79.96223742041425, 189.52272210858303
87.74465692311652, 121.78806022010338
2.296541095081295, 128.5660479077133
39.74065734790797, 45.180220013787235
38.17712633918532, 134.85802267471107
88.91523641168443, 189.09689897047167
117.61461514104103, 139.75522057265314
156.58799589519245, 163.6180123166083
193.15273926917024, 134.8869878577842
172.3843541079628, 82.97463559087743
172.58116927506023, 96.74284743390457
142.89447778464202, 53.97731315861727
159.62980628373106, 150.4757459409304
119.84446007635556, 175.9759774781658
102.82219756129163, 131.6475535329411
140.7172558782529, 147.69427527871366
138.88438692691417, 154.83748955618913
120.52616914331689, 78.41477625738878
183.0023781790209, 145.39196896479115
130.64410780107664, 148.1055507899975
102.21211038452556, 179.07458326435452
191.82808325315418, 116.06488902044516
131.42265364178957, 143.85144297982896
138.86951732967427, 44.41087460777222
178.15347512111887, 77.79862289256272
103.42974522939838, 3.827497805017255
195.3288267387978, 129.96783237317703
139.1143018923966, 78.87355585172328
144.24309962713465, 69.24211249103118
146.36000806149258, 91.68301011754122
103.70891657506883, 67.20088187561718
130.04939976272001, 126.3773136433187
159.3350995876588, 76.00381908806546
184.8030138997478, 145.31467521378207
117.3376958511087, 81.35323470530132
115.28339625907866, 193.6766322963585
108.67397059956271, 196.2323223507187
168.55363552082417, 136.37929153183265
198.06720146189224, 91.2226695540179
114.81486042836208, 189.87242415005218
182.46800584245227, 114.25512106507074
102.70730470459306, 43.227213039852266
106.02995638070958, 134.07211845615595
171.76890862847077, 91.26170859248629
144.17126718865887, 94.94055972123489
164.11395727257823, 142.29091171354182
163.33436899271413, 125.54232369547557
155.19638022047204, 39.1094432603095
157.82519642916057, 158.02707397252829
151.84300077208138, 174.5306751965358
190.63277335592502, 82.4006834977471
148.9479223360333, 153.30679892477878
105.42248609021983, 98.39923164501853
175.3948816487512, 161.1987180019915
162.55608459053187, 47.33397584382062
119.08970607199306, 133.43854649741837
186.18780561655498, 142.0374341615405
150.40673955891685, 98.23807077674162
158.10091136600252, 127.73309960522121
167.1115649221728, 82.45634596672633
169.13660737472537, 112.04104687931482
151.08491141919575, 133.42836527988226
178.52019048765055, 91.18645427659425
105.1778261152865, 190.25535713550744
134.4929183420581, 178.90867702632164
178.1866787384509, 54.83762112758485
119.76203546974246, 110.04064872694961
196.27990894190205, 102.29479510228975
173.83274844234631, 144.7285401765729
135.34381818070034, 148.84009825991666
143.88548575441172, 164.93945439383083
141.9319743503812, 92.22252085359494
125.55978695019618, 15.18152154404322
160.04626430068765, 38.73236562640858
110.69173730165133, 137.67099628367654
175.4021810549273, 73.17321473338939
132.0592300024678, 67.46380916918879
168.7342831542214, 99.32073314902034
106.39381438126043, 148.39993008053312
183.90726126809983, 65.06658875785047
144.34086852199155, 46.67132633781335
106.30927859966538, 114.44418119679365
148.20326946540348, 32.38071798971258
111.18480221347842, 96.67279658218379
160.21124061642038, 42.52989121398378
105.37513445214427, 8.375358693499656
