160
56.323531401956465, 82.14843105691844
55.4234394858991, 149.4301889072542
2.478666944224898, 105.69764611097496
60.9520041063397, 176.87400270703944
9.792474539874192, 92.78711237377541
69.80265724599094, 61.6127368486749
99.11522699495944, 38.72526465554645
45.299262312732495, 180.0131782245967
86.28229303931599, 68.18567001666261
6.932867982607306, 103.90345336517596
31.047465513459898, 68.06038061968121
95.7749801388912, 49.77615593584821
64.35895808060995, 8.803202098052559
39.370009026732404, 57.70885012866886
18.722907278126144, 73.47825275001772
56.77565759526955, 27.191274956037645
10.99477437552175, 108.47505583438506
14.123323784901103, 185.09850189699296
32.429533989980534, 14.827015862743814
86.21364315818738, 174.5431743824066
80.58164242681735, 106.93534524871056
2.3623649785900795, 148.11680767661966
61.67850206665177, 104.29489449788572
95.76224362000438, 112.84789962945828
75.19895386038925, 195.7488434612141
55.553496885527565, 196.8886995340682
9.709660224147441, 154.51150603891347
88.38646437151287, 93.9332873917374
99.95862047709859, 115.26957309485586
69.77805706892264, 91.09918487667255
71.08687014154066, 181.1758434786296
57.44029018961908, 191.18945251748448
31.4036740824844, 27.627451683634384
44.56649448794463, 52.21070986508285
24.26687285463663, 159.59406616234457
83.69157020915266, 19.86486033181511
41.75160860974614, 67.72946062655151
81.01840782202166, 171.42001037155566
91.7673397438276, 132.0369246449357
13.715844202345224, 154.8594521814473
72.76120581927468, 45.41513705237665
25.404709167886992, 90.92231170061027
28.362368369606088, 129.5767014320935
37.73464371461843, 87.97456688706325
43.38325765732286, 174.3089386601396
38.62790395149592, 111.17495232732423
42.70318938626561, 121.87027575901624
95.8972439261861, 154.5948753918627
36.61395296711294, 80.46871811748146
18.684583921940146, 117.94334053991385
87.76018672582224, 115.45011325513775
79.80487392626813, 185.10799954808823
54.874456481466346, 100.16637314584779
67.77785347891897, 87.90573653964715
32.72423405048375, 144.37617823937964
79.37338686741425, 96.24209739142012
91.02447272064242, 43.31786817315532
99.05628232951243, 127.77170756675508
75.21012615561085, 107.81496654454932
50.13158202913435, 63.17942015433999
30.498228218228764, 150.4111442478022
79.67839621181592, 169.25582878059146
39.99692004363521, 8.252076981622722
50.59236309069189, 132.81491140345577
87.6137577281916, 149.3390060467196
83.2399615994164, 35.192422403424985
37.43382800203722, 164.62482127695466
24.21375632973962, 44.774046558862175
62.54945223964641, 65.74802785369896
65.57729650368383, 20.16999542827726
57.32113891089614, 183.42727384781523
14.121993365027329, 130.40328018494895
73.56193116874536, 128.55438860480808
79.08445107515212, 98.5146011861448
88.05989739392854, 182.30356622025002
43.999460628111734, 88.53546064227746
56.503709506923656, 95.52631234568364
48.388111985467965, 61.668390583748206
83.29350005883593, 105.35214306485116
19.10766184722874, 84.6894681938482
158.74560456917493, 28.432288906967784
106.15962589708555, 105.480863945563
152.01518564613107, 126.57293228815097
185.69200913195576, 124.24324658038289
115.7136953128337, 166.21243699734362
164.99542772535776, 85.53841384573886
148.16508685810717, 37.19121958476992
113.53176226087363, 140.03546687261775
141.39412168122064, 66.5611920988548
157.21011411017722, 92.9428581691211
145.53730425105996, 101.08319642732478
112.74961633346395, 22.37455546646252
122.08629454308702, 65.7420704768924
150.90037224579766, 33.02518891423627
146.9674529329842, 32.72873591956531
193.45496341112732, 96.0973427198122
189.2775491418156, 67.18836277086642
155.87219304705616, 172.26370607744224
139.50851889768506, 42.896213273775196
116.96595003628545, 189.14000083361162
117.18524509146069, 147.65890243870672
133.8374044742892, 188.17002603546877
187.10475866822102, 98.74343545993922
107.66687704338159, 176.48667355754642
190.26796494403033, 121.32711131904865
150.07699887636272, 150.78657659385732
138.8843048933495, 141.8231815989619
174.0531070557336, 145.37338516428736
123.10496000463884, 68.80500343087323
130.32821844382823, 167.72458428283082
113.9143260184187, 163.58936609142546
188.32462329013714, 122.51111836935604
142.1966849569675, 32.168933785386166
187.60170182191146, 90.25586757082391
128.300144365644, 130.90636464551258
168.91907511782043, 78.86737597044542
157.40669103517376, 22.333017087304576
189.45122910235352, 111.29858959694701
105.0347270816368, 131.7188963900442
146.97630579623993, 136.27033778487896
188.71537724799293, 116.29413312468459
182.18179628989162, 64.44767162399437
114.54108784798906, 105.97862007800123
129.15151512514177, 12.119660555530087
170.52259956559658, 111.00056199259936
170.70360303959032, 52.83575273350625
164.02740151147444, 57.3204282233057
104.86998467441748, 183.77634043869955
106.23884001387877, 19.84548114968625
123.52955704952018, 88.01158767691074
111.54981641273316, 167.78865156203113
173.45806257109533, 154.3777302833014
180.43964849670843, 108.30093073808808
108.80787254494338, 137.86274113283255
106.00623489737892, 154.11875500084446
116.4739985305187, 174.98629698849842
100.75614608816925, 1.6083565563184798
112.2190323159313, 132.8848057926429
189.74514247447252, 89.11595978650226
150.18165213586133, 99.0262850797615
182.21293011866297, 148.10097261322952
122.00224785297273, 161.93221675049122
126.7324904832062, 39.40008302487894
148.69680790024034, 100.0076893617991
177.6726873646026, 105.71395933278242
115.12968141974663, 11.297037500219531
126.087319754355, 184.87819217741907
169.1557461532298, 53.97862394044359
128.8634363060856, 32.19488802795469
194.49388448075905, 73.72826147097706
100.34232841992915, 118.918780935483
142.0918987421381, 177.33679698906005
155.18244386995485, 158.29381656335875
166.83536810780498, 42.4124607663827
148.9456062583265, 142.05362549677116
177.0842857611101, 55.44267885991787
158.78658225375207, 34.75324842485779
105.27428379784403, 75.3354307670663
106.57119719212467, 42.76746344975992
117.63170678824531, 99.89174342630523
