224
66.43386357116579, 113.3113510211364
56.24078872414368, 54.847816811208894
73.96916204311091, 39.17084698853832
41.944432235869286, 158.55294686574035
12.51191602329822, 108.44805196044216
40.48631037405311, 111.53818268950056
55.82975238800649, 32.92152115820252
82.82925081375684, 114.72819724965271
62.25058664910673, 11.183785984342776
29.154931108490857, 144.32707415995282
68.85235620845553, 150.0864400870831
83.4163709725965, 74.57880568497632
73.93469980833528, 53.84763788858085
25.26187987210935, 122.01362100160202
94.52828840217859, 97.16177549387372
44.61621968005335, 150.4219426330686
99.96267253978479, 157.71847977435635
58.08121771491898, 119.77706090996192
90.61191228483708, 122.4375245647419
69.02859983607651, 164.06002398011518
86.57604453132942, 63.74217016001549
64.78416887991021, 112.40468973188347
39.76923593116687, 47.56359768457703
21.07016277359468, 144.21510654970788
62.55857280686167, 127.83190320635308
41.46759898561957, 32.44011772065729
21.63926367266792, 124.7283383108239
3.4526842005768166, 85.20361437407169
93.95809331831046, 137.40117648860553
68.59986569379681, 87.68945077118109
80.86465309192123, 176.149880218477
43.98958233792428, 28.14274114528088
59.9615267695645, 72.05276096825222
69.48656705889006, 135.41624261871453
5.101932193076541, 129.79444332726771
70.0516405665066, 84.0781703045076
16.638234829319565, 65.38312756857032
38.50036935440322, 99.04750009332611
95.34862012510085, 20.5721839787117
96.51992063124052, 189.203079473755
27.83169202238488, 95.86811129911086
83.18333373945403, 146.3128458376785
50.16809419982935, 31.19500717926964
70.91383718116458, 178.79112829409877
92.58202279939042, 162.9740832122894
48.44603863780065, 170.7151072537083
50.8357320396844, 93.29775161978333
48.68375057814178, 98.04116958609248
54.36327152841473, 169.8870865041728
7.616436814078709, 104.32381083704463
63.95241219731823, 108.84828370857322
53.662225242759, 110.26831110373428
72.65640472855469, 125.39629687048387
37.01995819804108, 72.36836125978418
42.38951603245311, 135.64761453057554
13.133312494480476, 73.47740236350595
96.30935490685222, 57.208210885425984
11.970986441662635, 105.75320995803818
46.79142328305843, 113.66151122703256
38.81706141626595, 157.86357473210134
92.08225645175575, 127.04739992027486
60.50144399636616, 109.54305784769541
27.86789011525158, 76.8263433360631
11.997715133335795, 89.57405298232719
97.30952044973264, 49.90555917036299
84.58480501050953, 127.47513747243558
95.88013309904144, 138.24865776306586
14.53437880148295, 118.05627970979258
56.488923308536165, 117.99701377145482
71.59556738517824, 76.52260387124052
77.82738299141252, 69.04343097144343
71.63143653093283, 8.141086054519352
73.64285231728432, 12.34112936113343
67.09999509659364, 86.80437962348755
40.52659726835189, 152.4068370798055
20.06540161163427, 135.61674647674465
30.95964291305996, 81.82479775044642
24.71530908087418, 52.28655691397497
65.5226340063846, 141.62721205038062
81.69528723156496, 70.8166494343418
48.90639565818833, 139.40033852458401
6.961731598013843, 72.76037106655848
74.83673965048393, 15.072024331207224
82.35808479688508, 135.30438061759978
70.23379438459646, 67.19330427324735
10.724345709317063, 16.496690117145807
59.10272649631767, 141.07664180544467
78.13298278791184, 158.44561784407364
31.640880923373295, 136.1255809727982
26.372218639098822, 108.28492257792529
55.81024886069793, 152.63148924793327
63.826580177695, 141.80906564194166
44.96227659065338, 104.0952198617118
34.21087952061056, 24.084523747405573
22.660362039355764, 46.317890703954376
72.6642430380544, 23.599012205017612
58.99082397647856, 69.65846388577539
34.19769757320539, 159.55570350978172
87.37454357098981, 46.03373188477089
98.93063314963351, 65.9474550968619
1.3382421537704858, 139.73130353127164
60.18619879773246, 149.34157167189625
23.475313296211343, 14.4902800234195
96.06296859110014, 157.6456939147229
76.3237373367176, 103.06186448046728
59.70254476177745, 30.01859361464323
25.77982247411481, 81.68983330155521
5.626953823324044, 32.544762292371374
31.662550449679337, 111.76573933542775
13.942439529215156, 36.679774756730545
64.38763758520982, 101.68770538736311
85.23634033825503, 193.08297647653188
85.85353470917872, 8.374778599702971
78.40526980947877, 32.836960883660616
99.06389812437686, 82.4721673908722
18.20205106441739, 20.234033780776706
54.137048294919886, 56.17994764720764
72.32246711966451, 13.935100035069325
87.99835033357508, 40.064022958078716
74.27619441537406, 155.8918978379732
23.04532329306713, 106.61420597884836
92.38578679372777, 27.76981666786511
98.65548156074104, 150.69098049451642
59.68859747265818, 11.219388204597536
32.218700871896324, 118.56382337846611
37.52770143084505, 54.2646271002124
11.885715108267492, 137.11756138282095
25.259545033352026, 177.63982944317195
44.939458310415034, 7.5827078536502945
50.95962067630462, 185.86699365124937
99.9903493967662, 183.08375086094904
88.5268750803216, 126.2157202602797
24.441212712067852, 56.63614796150949
58.42800923893382, 150.30146372533994
80.7116043275003, 53.921052998591314
0.26116315068969165, 196.09401877454226
39.730439828917966, 66.41724375877823
12.208794032066839, 9.383974087860448
59.41890443980446, 126.56915093218963
15.2955755552881, 123.5924062213124
67.49933933987879, 39.950095796131066
19.285103800543702, 54.468806333976836
31.22864683689158, 156.24660113212826
17.741089583110657, 48.65708072471158
133.56613642883423, 113.3113510211364
143.75921127585633, 54.847816811208894
126.03083795688909, 39.17084698853832
158.05556776413073, 158.55294686574035
187.48808397670177, 108.44805196044216
159.51368962594688, 111.53818268950056
144.17024761199352, 32.92152115820252
117.17074918624316, 114.72819724965271
137.74941335089326, 11.183785984342776
170.84506889150913, 144.32707415995282
131.14764379154445, 150.0864400870831
116.5836290274035, 74.57880568497632
126.06530019166472, 53.84763788858085
174.73812012789065, 122.01362100160202
105.47171159782141, 97.16177549387372
155.38378031994665, 150.4219426330686
100.03732746021521, 157.71847977435635
141.91878228508102, 119.77706090996192
109.38808771516292, 122.4375245647419
130.97140016392348, 164.06002398011518
113.42395546867058, 63.74217016001549
135.21583112008977, 112.40468973188347
160.23076406883314, 47.56359768457703
178.9298372264053, 144.21510654970788
137.44142719313834, 127.83190320635308
158.53240101438044, 32.44011772065729
178.3607363273321, 124.7283383108239
196.5473157994232, 85.20361437407169
106.04190668168954, 137.40117648860553
131.4001343062032, 87.68945077118109
119.13534690807877, 176.149880218477
156.01041766207572, 28.14274114528088
140.0384732304355, 72.05276096825222
130.51343294110995, 135.41624261871453
194.89806780692345, 129.79444332726771
129.9483594334934, 84.0781703045076
183.36176517068043, 65.38312756857032
161.49963064559677, 99.04750009332611
104.65137987489915, 20.5721839787117
103.48007936875948, 189.203079473755
172.16830797761511, 95.86811129911086
116.81666626054597, 146.3128458376785
149.83190580017066, 31.19500717926964
129.08616281883542, 178.79112829409877
107.41797720060958, 162.9740832122894
151.55396136219935, 170.7151072537083
149.1642679603156, 93.29775161978333
151.31624942185823, 98.04116958609248
145.6367284715853, 169.8870865041728
192.3835631859213, 104.32381083704463
136.04758780268176, 108.84828370857322
146.337774757241, 110.26831110373428
127.34359527144531, 125.39629687048387
162.98004180195892, 72.36836125978418
157.61048396754688, 135.64761453057554
186.86668750551954, 73.47740236350595
103.69064509314778, 57.208210885425984
188.02901355833737, 105.75320995803818
153.20857671694156, 113.66151122703256
161.18293858373406, 157.86357473210134
107.91774354824425, 127.04739992027486
139.49855600363384, 109.54305784769541
172.13210988474842, 76.8263433360631
188.0022848666642, 89.57405298232719
102.69047955026736, 49.90555917036299
115.41519498949047, 127.47513747243558
104.11986690095856, 138.24865776306586
185.46562119851706, 118.05627970979258
143.51107669146384, 117.99701377145482
128.40443261482176, 76.52260387124052
122.17261700858748, 69.04343097144343
128.36856346906717, 8.141086054519352
126.35714768271568, 12.34112936113343
132.90000490340634, 86.80437962348755
159.4734027316481, 152.4068370798055
179.9345983883657, 135.61674647674465
169.04035708694005, 81.82479775044642
175.2846909191258, 52.28655691397497
134.4773659936154, 141.62721205038062
118.30471276843504, 70.8166494343418
