240
27.247331581861044, 155.9909940092943
71.97319870728457, 33.92313061396051
57.85679204515793, 151.97804094490314
88.31185677860924, 67.0152387680076
64.54455963755589, 80.72793120117154
68.95880635035385, 43.95626670066659
38.30871873566606, 72.84394694380119
36.76045313282428, 24.867460574952084
29.471465205954097, 168.45044960300785
84.76039223739635, 170.88169956715066
81.58797083070856, 22.224757702039888
50.87201539265356, 166.56845911027767
48.73844948442624, 169.83178937239157
83.51399103717438, 119.96751685021425
8.222157691524501, 113.78070583896691
47.90276310705319, 179.56831626992772
37.8835964111535, 27.179146718266978
89.94795695584892, 29.69926682438335
85.15300344389915, 185.63847376667832
37.28891324266959, 76.25584117179942
39.08270900881996, 68.09076312458042
77.01318971875229, 71.71912149490743
65.03621654364586, 136.7123033190224
44.13106565318957, 33.777535435389105
1.707388871465254, 103.95327382826937
80.49773909615594, 49.85226620323937
99.4853285496864, 185.64402265511342
45.70720766481065, 148.67120339293908
83.19225384908621, 188.4196724370624
81.68181095059994, 105.69540225125773
70.28043700348854, 127.45454657338597
43.37838539098917, 151.34386276780845
72.28323019781998, 149.4410663042322
30.793198247235555, 171.83741516929345
55.97403757579623, 84.41197312283425
33.8187833202531, 128.8837599662805
95.57450542473852, 37.1559234060054
67.45148663390434, 22.11267620182391
94.45762559161656, 104.24331576506012
26.930324920092076, 161.75238688556448
47.58950157307969, 119.77787011942513
71.49416411935053, 143.12533786117535
25.32143506335176, 129.45180041456098
52.689051528485486, 110.71863464095104
75.69557609604433, 33.1146501030638
86.02210252417035, 115.34297801450923
60.09370486150098, 158.75811967806501
68.62110661373279, 100.3806869146085
90.73256064303239, 191.00596612716146
60.286974993045206, 188.188990029376
54.69592373623836, 149.096741708217
88.86551056296935, 156.11856750252576
26.531289857690865, 101.89125409723054
98.01729137401777, 189.50333258892118
96.20670526224069, 17.874402910257324
99.59582586817822, 179.0095321738465
24.833577611681946, 90.44530371497844
63.6152034876044, 75.39384767706731
80.67015266632676, 74.91783877109552
60.56543967543052, 83.64615191283247
17.376754413062635, 114.20793981401948
25.022571618249444, 156.2659677904404
79.42521667860785, 3.3939285990177037
62.03747094366747, 90.87356159779647
49.15087340894634, 29.74727930587584
53.3002952537745, 56.32615309184514
44.86252814310859, 159.48091434993302
9.310280102100277, 100.92326509161012
98.32932433824418, 15.493305291918503
78.7023273781775, 67.05675267640763
81.62391661698905, 136.03204077720724
46.765160218908065, 152.27486481975677
52.66913237513173, 89.53072113475604
80.70890639344476, 137.55981764828374
36.38068906637171, 125.56104502179663
99.14348279750813, 54.339642218569814
26.102576269981846, 38.43020509145627
24.843785162719755, 164.9940486672679
46.743339352033495, 47.329038187348345
65.70418482525868, 16.95511327808088
94.54227891095786, 11.702280953736244
58.81637839319475, 170.24226317354567
38.42278642488227, 79.17425455312397
25.420067451413185, 44.57052270273698
23.433113610627387, 121.40708252173238
77.49514062358315, 153.44046131670243
15.754783684605966, 117.22182825027556
77.51376225417323, 40.0915922379983
37.173010083894454, 167.50920593814632
99.03446345209734, 148.28021048925643
88.51010752648192, 199.92803178123776
41.41833260604824, 116.72369053631024
14.551700912049114, 197.52464526641674
22.40861465176145, 85.59053691065515
5.261174015565451, 16.409518436185632
67.34090014406006, 95.28403063859963
98.44976057268157, 160.09471603637334
64.01910947761046, 148.01620378601854
69.44828232266126, 135.76775804667454
43.94571189479368, 174.71671704493772
92.74866806360531, 10.877404679782842
41.66307203613031, 48.694081354549176
40.35814364094453, 0.36428111189727996
64.61028707965862, 139.83756878200734
80.52778356688314, 58.91952334461492
50.013783028057276, 130.44766570888928
55.36438877422643, 48.04099897398202
8.434143269425931, 133.95628831207912
97.45112871650159, 176.39782239459336
96.47780682801347, 109.81276064869962
16.58471470861309, 30.791578009963615
22.74135816645294, 5.1364335857872145
91.83514779133843, 138.0303292836464
51.01965570723641, 198.58864527005764
73.19900198141396, 47.42722192218063
75.29869338251905, 72.38896539885289
53.7417326159541, 100.66782884616165
78.08516881187641, 64.76175721543662
65.80255767943008, 176.0556459834978
74.85622142148543, 183.8109432760333
7.267717315457045, 60.529395572844514
24.661601980814375, 85.26799461588588
95.92523533635088, 160.8013488272274
43.10438206843824, 125.07394098432
3.3951652591079573, 32.09387288300787
34.11264714032023, 73.08123153114553
21.02150452697825, 49.74315470037911
98.26124441069393, 195.51374029098872
99.18675115573164, 70.96517879445987
41.69568314371638, 107.49880011943192
39.66460359399149, 129.1361511873261
13.854567278002028, 172.33213235792874
54.60541720413361, 190.98793286484604
13.86073354718097, 183.70582450997108
77.2723903915197, 179.17405119399618
56.46239324484112, 156.28664528890098
6.220903788729193, 2.903321579896878
62.80578182069676, 28.43396003997174
97.88928870906555, 140.2023761430723
58.55594008634745, 93.03113628271706
66.72042482393576, 198.54811144313115
3.2528979129367253, 170.2559723132043
13.401285250806183, 88.26077834187038
67.72943318738622, 190.7641855782002
19.665459453756352, 89.4273993405419
4.636308529773481, 100.3873324506622
84.46038483345795, 80.78210402924446
27.772807036217017, 41.60897457229324
8.469602658628583, 162.75760685205262
12.366378973977032, 100.82659916118514
26.00934524157482, 125.13160187101806
42.817215516301886, 21.962760591054618
24.857195573552193, 33.78691044184525
14.499647817487604, 67.51666406370074
67.31554333344924, 85.55246056045532
16.6914724599177, 9.452617785765804
56.570605557792895, 91.79563996607989
22.24816499001392, 16.10834944005861
0.9914564203782783, 51.04415388255865
21.63813530320625, 96.18269469474248
172.75266841813897, 155.9909940092943
128.02680129271545, 33.92313061396051
142.14320795484207, 151.97804094490314
111.68814322139076, 67.0152387680076
135.4554403624441, 80.72793120117154
131.04119364964615, 43.95626670066659
161.69128126433395, 72.84394694380119
163.2395468671757, 24.867460574952084
170.5285347940459, 168.45044960300785
115.23960776260365, 170.88169956715066
118.41202916929144, 22.224757702039888
149.12798460734643, 166.56845911027767
151.26155051557376, 169.83178937239157
116.48600896282562, 119.96751685021425
191.7778423084755, 113.78070583896691
152.0972368929468, 179.56831626992772
162.1164035888465, 27.179146718266978
110.05204304415108, 29.69926682438335
114.84699655610085, 185.63847376667832
162.7110867573304, 76.25584117179942
160.91729099118004, 68.09076312458042
122.98681028124771, 71.71912149490743
134.96378345635412, 136.7123033190224
155.86893434681042, 33.777535435389105
198.29261112853476, 103.95327382826937
119.50226090384406, 49.85226620323937
100.5146714503136, 185.64402265511342
154.29279233518935, 148.67120339293908
116.80774615091379, 188.4196724370624
118.31818904940006, 105.69540225125773
129.71956299651146, 127.45454657338597
156.62161460901083, 151.34386276780845
127.71676980218002, 149.4410663042322
169.20680175276445, 171.83741516929345
144.02596242420378, 84.41197312283425
166.1812166797469, 128.8837599662805
104.42549457526148, 37.1559234060054
132.54851336609568, 22.11267620182391
105.54237440838344, 104.24331576506012
173.06967507990794, 161.75238688556448
152.4104984269203, 119.77787011942513
128.50583588064947, 143.12533786117535
174.67856493664823, 129.45180041456098
147.3109484715145, 110.71863464095104
124.30442390395567, 33.1146501030638
113.97789747582965, 115.34297801450923
139.90629513849902, 158.75811967806501
131.3788933862672, 100.3806869146085
109.26743935696761, 191.00596612716146
139.7130250069548, 188.188990029376
145.30407626376163, 149.096741708217
111.13448943703065, 156.11856750252576
173.46871014230913, 101.89125409723054
101.98270862598223, 189.50333258892118
103.79329473775931, 17.874402910257324
100.40417413182178, 179.0095321738465
175.16642238831804, 90.44530371497844
136.3847965123956, 75.39384767706731
119.32984733367324, 74.91783877109552
139.43456032456947, 83.64615191283247
182.62324558693737, 114.20793981401948
174.97742838175054, 156.2659677904404
120.57478332139215, 3.3939285990177037
137.96252905633253, 90.87356159779647
150.84912659105368, 29.74727930587584
146.6997047462255, 56.32615309184514
155.1374718568914, 159.48091434993302
190.68971989789972, 100.92326509161012
101.67067566175582, 15.493305291918503
121.2976726218225, 67.05675267640763
118.37608338301095, 136.03204077720724
153.23483978109192, 152.27486481975677
147.33086762486826, 89.53072113475604
119.29109360655524, 137.55981764828374
163.6193109336283, 125.56104502179663
100.85651720249187, 54.339642218569814
173.89742373001815, 38.43020509145627
175.15621483728023, 164.9940486672679
153.2566606479665, 47.329038187348345
134.29581517474134, 16.95511327808088
