160
91.82857290403712, 77.13641995751145
20.430917871957178, 124.2297689113761
33.97493359523525, 164.76829710942206
47.91236149447471, 42.996209354256386
93.92410853636036, 100.63691660145182
66.52664338806252, 187.47117004574454
92.24545737069147, 137.19076878025157
31.3140691626067, 153.23027880809684
80.14866566493342, 130.61634711232156
52.334632681259706, 42.193317187986956
88.50366674608875, 90.64419512176327
12.059706485055415, 87.27819466321841
76.82883144169645, 174.58451831834287
27.465259209664787, 92.18586179792062
89.17607784245789, 8.210333352094992
82.69168100555285, 60.72354669685118
21.79290979338172, 105.35432948328545
78.78686905313211, 93.68414335987238
0.7960102311601513, 176.97151676672325
90.60225620177896, 137.95847529385333
85.85940892851873, 68.86586121411122
78.97811894821552, 20.482041208906598
39.17717447167524, 131.3164583504992
39.22661679615334, 72.27309729950704
64.16848539292405, 189.38045601083385
62.601258571322695, 171.85813729569023
73.31149866410539, 106.17221397253448
16.513253043496945, 131.30185834132095
7.598542429517522, 154.499714322104
50.7466150871272, 148.33016096278612
76.46811187629133, 20.06058484893767
62.6728824539658, 168.7254838144407
71.42823793665681, 122.54939294155956
59.276162576411586, 26.034605465915096
84.19709082827619, 98.35539015185056
16.180813886539866, 68.55719046254947
14.687247571318906, 141.95612632046277
3.7650999336941826, 95.8464555270237
83.29457446614549, 131.78228250084453
96.76869287349889, 60.56229920816471
12.880184310857238, 105.3365516467193
62.53171604369646, 30.828987132258064
66.45881150652585, 37.68663379653948
56.71632390246701, 68.63963709474109
16.299342804562393, 109.0596529373105
27.875299497654694, 40.223488950476785
19.124563328700084, 55.38770455979729
82.0194024281459, 30.180035724988908
65.79703209195418, 183.90262372477082
85.22085847297298, 14.85903278993903
75.80670089393423, 4.045772996176611
54.76368537613806, 161.17619047657647
25.9035679021844, 124.26869295545106
29.984497643974017, 106.6063506836064
51.61890573637219, 113.61654337656931
0.9412462388345659, 104.89281862196927
18.06239261604663, 125.88269342093787
29.412125763821784, 81.82005367964615
49.857415105320726, 134.1627901331584
92.10344661569279, 166.8083563716232
22.079999925689986, 56.754457682238254
59.680447232820036, 56.972504748199086
60.53555831896731, 163.09316502670745
73.60918747452622, 173.39320916035132
84.26344247168835, 62.517104399815615
33.67012170119732, 49.557238266916755
93.00947837221595, 148.27086815837592
62.975458528737, 69.11739116867184
90.67613785007518, 49.05504176027393
5.502615133499389, 103.4078597234304
4.0943499783863135, 116.13586358428525
70.00426371809692, 8.81520422019786
72.60230330004241, 148.74021056207582
51.60107419602357, 31.218351433297215
15.131093843149712, 117.19281949802193
85.82847112394799, 35.27322285705455
19.34165613290635, 99.97676831993809
11.43465996370393, 144.89420241014105
75.47737094078707, 123.3509575855243
60.614772408538755, 177.2326428194533
139.40040988365172, 102.9620211899249
179.56908212804282, 124.2297689113761
163.58949882953166, 153.76097942421046
152.0876385055253, 42.996209354256386
106.07589146363964, 100.63691660145182
110.9267085595213, 181.83528267414846
107.75454262930853, 137.19076878025157
191.49771793078196, 74.61315954421292
168.8705184552159, 162.3537614404799
147.6653673187403, 42.193317187986956
111.49633325391125, 90.64419512176327
171.76688119948142, 110.90138762530803
123.17116855830355, 174.58451831834287
191.0161331300732, 82.14079549673995
152.53344155007292, 78.78123874848484
117.30831899444715, 60.72354669685118
178.2070902066183, 105.35432948328545
121.21313094686789, 93.68414335987238
192.33424424889384, 116.17875887576099
123.61711963526626, 125.17536887261444
114.14059107148127, 68.86586121411122
121.02188105178448, 20.482041208906598
160.82282552832476, 131.3164583504992
151.68299548751213, 54.77851666015972
135.83151460707595, 189.38045601083385
137.3987414286773, 171.85813729569023
181.46855795079364, 156.7802948373804
183.48674695650305, 131.30185834132095
113.38785026918697, 101.07839051994021
145.3898822503527, 148.7327935733695
123.53188812370867, 20.06058484893767
137.3271175460342, 168.7254838144407
128.5717620633432, 122.54939294155956
140.7238374235884, 26.034605465915096
115.80290917172381, 98.35539015185056
176.52040893231754, 82.91910631968575
134.66790492838433, 97.50024090340467
196.2349000663058, 95.8464555270237
116.70542553385451, 131.78228250084453
103.90278483129414, 2.8060852551924365
143.66558514579327, 26.650233327623106
134.23898159098675, 58.67604982828274
186.39067136778252, 64.53665714106099
160.60334018536008, 117.80602397117067
161.81387033779717, 62.9299221981684
172.12470050234532, 40.223488950476785
180.87543667129992, 55.38770455979729
117.9805975718541, 30.180035724988908
134.20296790804582, 183.90262372477082
114.77914152702702, 14.85903278993903
124.19329910606577, 4.045772996176611
145.23631462386194, 161.17619047657647
174.0964320978156, 124.26869295545106
146.0067571157577, 44.090910974609756
159.61835834778793, 168.65436116183844
128.6204101895111, 118.64136873371474
181.93760738395338, 125.88269342093787
170.5878742361782, 81.82005367964615
150.14258489467926, 134.1627901331584
174.4433292846569, 110.48808395945412
177.92000007431002, 56.754457682238254
140.31955276717997, 56.972504748199086
139.4644416810327, 163.09316502670745
113.5085349308857, 149.84500983650568
115.73655752831165, 62.517104399815615
166.32987829880267, 49.557238266916755
106.99052162778405, 148.27086815837592
140.5893851425725, 29.259285963140336
109.32386214992482, 49.05504176027393
194.49738486650062, 103.4078597234304
195.9056500216137, 116.13586358428525
129.99573628190308, 8.81520422019786
160.81910310334573, 70.1631827320737
123.71602142893808, 60.40178075575726
184.8689061568503, 117.19281949802193
156.2846046372199, 40.77350124392795
125.17519373004542, 169.319021098487
188.56534003629608, 144.89420241014105
124.52262905921293, 123.3509575855243
139.38522759146124, 177.2326428194533
