160
66.16088587420161, 84.6156876411207
70.15096266404635, 155.53882747657798
25.732682615717415, 114.51651829657006
13.070255846893453, 115.67931560983324
76.95188540900419, 91.3849095250431
32.69450296569336, 193.29366033618405
63.65047350446335, 53.56641992319594
5.667128649231884, 141.05802887428348
15.915773748333208, 28.21532403270998
58.57481173550643, 102.33035135562267
11.855269830197946, 54.11660063325363
33.140309518402525, 128.3249335369435
67.46936248546793, 41.59108414098757
61.10008349224096, 129.41625916052573
29.201250804987403, 92.82901170694545
39.64240241118001, 124.967928962483
11.642762025172393, 127.31785276536966
31.53680134668147, 108.20766618146675
6.7470938069579205, 104.51188720136884
96.87129886191781, 130.3462699492791
50.325528592732326, 135.40872109815507
61.31272933663715, 20.48390404870666
32.45644515950999, 106.1819839335574
96.69855874608156, 158.00176628403028
87.55138551435127, 68.53535238618409
3.172143986798559, 82.69053081093134
12.75096529753582, 83.82711798939651
91.2431730234163, 54.91430044054055
92.93770981787628, 47.786298462345385
49.48245560352672, 56.53382470298813
48.750258723014156, 164.25790102972437
62.023318511049915, 74.62833708144478
58.158139673160704, 99.94795776328931
32.97831695319854, 149.04308350600957
39.96826339597956, 52.90273412896378
20.026153449944125, 99.46498351654252
32.56873453467019, 152.9565426832354
38.40092744398864, 154.6804706930458
4.998385276394444, 25.092161723799933
96.19251411738058, 9.707637629641773
17.944393344459016, 142.2321650173439
19.226983433875453, 96.55559623871117
29.303879695560198, 38.57636549484931
27.985777487400085, 98.62954081279405
26.138792775516087, 81.3845246418027
25.806876473128, 101.3844814692096
91.18669460558675, 170.5010027963328
32.50507461810026, 17.195915147343214
95.95813636579611, 165.59050423685528
49.36680956554325, 115.91755754736025
97.86606220769892, 104.79374830447992
21.54062077397686, 82.65916640038895
89.88817969558919, 41.85362428157179
20.85604136591126, 113.06025916435094
37.24068203247981, 140.1028728128792
41.57544478164367, 58.49701283128284
91.1048493885665, 2.0438831983473627
82.07112832790266, 100.40267362432664
54.20660519820218, 89.39588513428095
96.55335573260771, 155.4234653810529
19.050666337200706, 35.42255396465012
4.578866267132334, 14.391637279704753
83.28315013751129, 9.608197703713074
11.06137243510592, 76.57742669355787
23.79752406339807, 66.05560590392999
59.58879810432329, 49.39586898884299
4.305724745267958, 102.26922485814593
50.316513920901315, 43.19819104418825
74.23748805246389, 26.537489312570028
65.58102590452991, 188.29506634511768
33.96868752729396, 40.86787360975197
18.543884378189894, 24.683045976124998
23.27626668617363, 159.16368361965866
66.81816149772914, 171.28925108629156
95.24992859800867, 98.29542131917448
7.138905840333887, 98.50354520402
95.51653967370162, 41.77400801015657
61.85327033295513, 76.47819989766545
98.059649468715, 55.50284949006159
15.453320651494245, 42.75270657342088
181.057210108953, 55.23538049481507
162.0877451820992, 113.09615269305078
174.2673173842826, 114.51651829657006
186.92974415310655, 115.67931560983324
123.04811459099581, 91.3849095250431
134.5521821803775, 174.7188659377424
170.96515227564137, 130.49497695052946
155.33648915404956, 102.50635174590745
133.95380918697612, 56.24431287279721
101.14823896217342, 110.117854354624
188.14473016980205, 54.11660063325363
166.85969048159748, 128.3249335369435
168.28780332259814, 52.888637887962496
142.65802297599748, 183.4604615127531
126.43653500097442, 109.79796311161138
183.36759743633453, 141.28360862659954
188.3572379748276, 127.31785276536966
147.89065911224196, 182.72431183660757
169.22545393015756, 88.93147304182921
103.12870113808219, 130.3462699492791
176.34720166494776, 115.4106506986926
138.68727066336285, 20.48390404870666
159.30764809441197, 177.9560452453793
103.30144125391844, 158.00176628403028
102.37279461441815, 81.0080657851264
196.82785601320145, 82.69053081093134
152.63554870362793, 150.9832385238256
108.7568269765837, 54.91430044054055
146.3335963479917, 37.00436534483187
196.01848195765464, 80.28069536947639
170.474796406003, 168.8622827317944
175.1638529168078, 98.11976586671815
151.911981707025, 43.6330292036041
158.17260870609408, 167.50821336764227
160.03173660402044, 52.90273412896378
157.86084810319318, 68.43053479718695
175.3107376337226, 75.08005907250548
161.59907255601135, 154.6804706930458
141.17106739864735, 26.694981403826688
103.80748588261942, 9.707637629641773
140.9704406487835, 160.89553154576043
136.82539097382204, 138.6186713718703
162.4143878142484, 37.100267362845955
184.7204470399675, 75.69675898683847
138.94999879683618, 54.047417965416166
175.41078207827167, 68.83446336557581
143.28694730421844, 95.50805452353907
138.7927995198123, 27.528339333815353
104.04186363420389, 165.59050423685528
177.54418344167613, 97.70087133174452
102.13393779230108, 104.79374830447992
178.45937922602315, 82.65916640038895
120.93584175422708, 52.49379620293109
179.14395863408873, 113.06025916435094
162.7593179675202, 140.1028728128792
158.42455521835632, 58.49701283128284
108.8951506114335, 2.0438831983473627
157.46533386515262, 21.869939588735377
135.21483677994436, 128.50261722354728
168.87646007670415, 161.46874172213438
173.8769481333547, 105.5493503986958
164.55472538142638, 44.47695302239853
153.26593507389543, 28.437162164085116
188.9386275648941, 76.57742669355787
176.20247593660193, 66.05560590392999
184.32218343350195, 108.74060704395303
195.69427525473205, 102.26922485814593
149.68348607909869, 43.19819104418825
125.76251194753611, 26.537489312570028
134.4189740954701, 188.29506634511768
166.03131247270605, 40.86787360975197
143.16381760942429, 27.756229981695423
176.72373331382636, 159.16368361965866
163.36662421449066, 157.26219774319026
104.75007140199133, 98.29542131917448
192.86109415966612, 98.50354520402
105.30182466502663, 36.405281850619865
139.17113678888506, 40.349629896227455
101.940350531285, 55.50284949006159
142.82535367262204, 81.87943422162873
