224
65.5322496538603, 132.7822993680231
98.03136363490844, 176.35789000741084
99.79811385799655, 146.98039549639728
11.937877212462809, 118.41924276920572
26.081732074145286, 133.2578479035442
61.46588760711132, 19.64753237264007
23.70210317796203, 101.19163101751245
9.863975608255942, 43.79029832793352
65.51709315566498, 71.94128918767265
47.99862596612917, 38.32953393553008
91.10148347803322, 129.136498351436
81.29331631505303, 120.87554346444989
56.63202839158354, 159.65055946622707
52.014157299315535, 101.57295198288728
29.077514226332557, 105.05093956249756
79.17829047745306, 51.079751844395844
86.9127989413089, 166.13852899626812
66.95324567367408, 34.78796219616569
82.59384939460416, 51.93350946892279
22.14084471650805, 26.94278532185848
16.842276832993306, 63.512160260663656
40.864461219033466, 179.12498524173702
39.5710906775291, 20.77243776057943
66.91881988121224, 158.50753656428762
66.55789841512129, 36.45596682597949
3.1644464473704303, 12.5390631737952
43.46147315073189, 36.055198120375756
9.530051759810235, 17.960616985205448
27.651279486559787, 108.16311882282395
20.221837507458503, 57.48367633000303
84.788036081676, 149.4483417942483
40.53914545078139, 15.441621736883349
37.34331493604228, 30.046637237477004
47.415852991629656, 12.113595236922944
8.966496582783464, 182.36682058987654
4.27505383644386, 138.53854529547883
72.44690519453263, 183.12356085976415
46.34535446599725, 85.59473137721388
49.01730074203979, 8.342052999245652
54.465830929037104, 11.1866735925434
29.28888266615381, 135.8252906475903
71.56803433569613, 76.73906756317405
39.029482669057636, 70.50910443146165
2.6366997841512188, 44.73522388232298
62.157530917292334, 69.56835270159823
42.94711788910386, 108.74091515465665
73.16276685706654, 127.41140413719326
58.591301916327275, 53.28368899929477
70.4159325679694, 63.671218283949415
6.082920631756622, 14.123076657112996
83.27979615250854, 162.3420983570499
49.10631108125562, 26.379250120287878
32.14185459155144, 109.48870003080154
94.18566231626684, 92.2791020864709
58.5221650866767, 106.8097150006032
70.31157679136086, 67.84202140271603
8.712301245545895, 140.52036867441737
6.039902478800741, 85.95558678771502
86.43451442888168, 0.16038068996395083
72.84436216258258, 112.8262893975117
77.2511813351625, 126.39313084396868
88.51807877316286, 15.563833486152838
22.81235987253511, 83.5328703982945
78.81662295283894, 29.29754470066055
66.49530467837658, 42.81837642961408
74.73152114729017, 144.1606108936698
23.34662938483173, 165.80237369901178
50.42292259067974, 90.19070838571498
5.201090608720023, 12.579000563260202
74.20610198188203, 186.25170086933485
93.24484747657357, 105.1847566382371
50.69061394825815, 134.64092508352678
68.66069195398623, 193.4587779422942
16.17403118299174, 100.70376617312306
81.83097620374342, 87.79484629237051
89.17472469916765, 196.41015802168263
95.67602483663103, 63.30393404875158
91.32902279794912, 66.18418318401362
23.59815720958384, 154.17115268782538
47.79055602900246, 104.7975387621042
29.883415371997934, 100.47067510550352
60.7614590983756, 3.2722884617650827
22.65552254981249, 7.75348642166338
88.85773159127352, 84.40795462673137
76.17921623950869, 10.383729125526763
56.48418859135484, 42.779620780824914
68.31648030457461, 39.89026167251109
52.482732094618235, 97.53089696521569
21.83668158408758, 177.9445520757047
53.911160462509635, 142.30578527613008
53.27374111465577, 67.32083404636819
35.470346483238444, 146.03448024182677
26.901406619055734, 115.10799195037575
66.6958853221171, 63.11598680618531
94.20626660740116, 41.50962574387329
34.61794786481386, 81.17199642974757
31.23022146138441, 24.92173094664507
81.97662973672874, 197.08092330411344
22.450845185186562, 170.21947697132728
56.233878523247014, 123.22977232828048
52.62802822159792, 23.9433574184686
40.728280506739, 80.15487268285814
67.25152440157419, 87.38694313325759
71.479525542989, 172.15520888181598
72.14931648142175, 131.39846078642816
90.7839520358387, 196.2803934302537
83.3995793983374, 177.0478504986152
19.698506048442965, 182.79157077508015
74.70954507474971, 180.28411526562195
78.08770350421678, 54.89566907170757
71.19690596590537, 37.86989295076238
79.35428758526676, 11.948240487922913
83.12643148923406, 122.96441048418994
89.67124721891004, 109.86667146177847
84.58842644442576, 167.38587570645723
3.5107809963900616, 37.25943634726767
77.97495620727044, 48.22383085879971
43.424477712517216, 102.5765405977934
43.7136496093572, 105.2198084608992
80.60258054881744, 13.975018114137129
70.65149257223075, 187.62577952112514
53.193722204505654, 18.37829330427261
45.48816880156398, 93.76685963025646
67.79346705507501, 149.98095759742128
53.85254653788682, 101.03950651184486
48.05844130119312, 118.93516845229983
67.26315256667364, 137.65390919193507
67.99560532400349, 107.78256749677627
77.52991488564423, 139.58184637777455
62.665422236227556, 163.37695706389658
76.1753187347358, 35.09186105097921
56.73911234766975, 114.42115132984128
73.61599136881671, 52.88818934299957
9.535626528485007, 108.45549809606922
28.537402114022758, 63.75281588877031
11.913377025560635, 126.28873038210014
20.189894804977946, 117.83359011428622
50.58252891888632, 47.5007290075383
84.77664460760342, 127.74248220100996
72.79523387279554, 198.34475551226888
21.55343336987654, 73.12025597931647
42.57750100416228, 100.0193420887947
49.96233215075026, 187.52140817148967
60.97876108189977, 98.18393205250689
151.00745502010452, 172.736005691038
133.9799892223205, 192.71040721127292
128.79876920691777, 184.22658868475153
146.1285669924469, 116.69822805274251
155.99062473406565, 167.9844253695707
158.5933205480368, 54.12595811722392
104.15206860487882, 139.40277915346658
146.13486117887192, 54.35036632801293
146.53300416561993, 51.226224321589584
179.84380973037725, 63.25417298096643
124.32847728645112, 96.42015007710832
176.89287471460557, 47.921367282050475
160.65231714923087, 127.83007075817135
114.49167963556225, 145.3686666242614
170.92248577366743, 105.05093956249756
153.44485101644366, 31.03997269032861
114.9934987283224, 161.8258551331356
133.04675432632592, 34.78796219616569
117.40615060539584, 51.93350946892279
163.43651368553384, 93.4384632440767
119.45741596052075, 59.9824879316182
119.15931811182531, 194.20724643930808
144.5338358684578, 48.619354663265945
117.34913235259032, 80.47447982389224
186.3397419574182, 107.13272203587145
157.00620097305634, 39.071425452804284
121.36389123352032, 4.454553790138327
149.38886248158374, 37.67730252619581
139.07322813786888, 62.873312437931126
150.20958843126567, 50.581150504561045
115.211963918324, 149.4483417942483
149.1300297174035, 54.596013324374496
162.65668506395772, 30.046637237477004
102.8924441182592, 2.51675781557672
161.24451244554186, 149.82750239992055
173.04372324724892, 71.15291464801368
127.55309480546737, 183.12356085976415
107.70482675661506, 9.718184260315743
100.98685225335878, 30.97047133840971
123.81143632349593, 39.61012171738143
171.4984095416954, 165.90364397102968
137.51447852756596, 120.55696869052406
186.46879244942164, 141.2747033194145
121.36002089457963, 86.23807353969906
115.39489804327125, 27.93731037947895
157.05288211089615, 108.74091515465665
130.82187185393138, 168.04316788859634
141.40869808367273, 53.28368899929477
143.82285754103813, 42.3541235364536
116.15036647833121, 25.911872461240627
172.83348856545496, 137.18891582497426
150.89368891874437, 26.379250120287878
152.7241090124139, 119.2375663470609
116.93084336007273, 152.48301953193555
114.19170717520664, 102.25650597576805
143.5522681085673, 22.873676097844033
191.2876987544541, 140.52036867441737
193.96009752119926, 85.95558678771502
102.71679247967566, 45.92235283006405
165.2430048628524, 34.80620145420379
122.7488186648375, 126.39313084396868
173.63934289985997, 40.46057602322677
151.40190365931778, 56.84567079921943
121.18337704716106, 29.29754470066055
131.89858670776093, 19.773653205407072
150.36825818757964, 71.564542092813
187.41573106207272, 100.49606426198798
149.57707740932025, 90.19070838571498
135.09557645536262, 27.890192203266515
184.0995380057305, 148.73908725239394
106.75515252342643, 105.1847566382371
157.0384529783799, 81.75356101516915
131.33930804601377, 193.4587779422942
140.34010839124107, 85.50349931692949
121.69143760877971, 163.2111260839436
124.68389660703998, 167.9325221309622
155.12617093861763, 117.42682218295266
115.44594431623032, 42.23232788331792
126.11789067359275, 110.12581124994496
147.29704335831636, 184.1179630426713
