160
94.66154239907527, 96.84944454530137
31.220417898863964, 126.48346561390163
49.684964280615226, 162.94480720067128
62.432487935277635, 74.92719723587396
4.118640674751106, 76.48453462268012
29.247072782939604, 194.39040368052156
98.60694981029984, 7.716941872855676
39.682517820809636, 106.75369283619689
99.15549620404036, 111.74836056140646
73.12954449155869, 174.97939032600212
83.36438127981833, 13.341026337541443
37.272385574004616, 194.0418471143429
77.44856007264467, 62.143622594516316
64.18633995931495, 121.67112873955867
95.12238055015226, 4.067908215954086
53.510149975148394, 149.59863667912325
88.7950919681055, 117.52897185482242
19.545730928061737, 37.725796196468686
24.064851802360934, 104.19169326129239
38.78178568709981, 33.167928980944716
65.68079193567065, 168.12324756219928
97.27946959036713, 186.65902738046145
97.74270845957341, 91.93696059075431
47.36795250162915, 103.21633328285444
81.58982817007843, 54.858856469674514
85.60430259935075, 49.00940494551651
22.754015249481974, 84.29944642255957
63.45645015969076, 149.56931908895754
59.46358983471819, 115.01966273336096
32.63293533725495, 88.96226653914167
74.47968168792084, 158.96041908248117
50.101561169470486, 108.1708538553947
62.005607297409895, 68.98565241970255
59.93147170844689, 11.69852233434952
14.2143850648444, 18.26487667974362
17.948665551970365, 32.93023989442742
94.95967914816738, 134.94769952174573
93.87449253275814, 62.49941088580477
82.9677124052827, 5.686194333871889
93.24842510635119, 58.18538404390541
11.915914379344052, 132.50764565375783
52.7034221868148, 115.54843682018712
38.119487393093614, 167.2283818656017
41.421507574849166, 5.919043787101899
63.89503966956404, 93.77742527926031
24.068287829666048, 114.44944636807311
17.707237860263156, 76.64073333986659
51.050520174600734, 125.88189027791054
98.02904416427555, 138.49006266154834
41.663925197945986, 89.832105573884
99.60193188326882, 81.32747887779973
92.35432865636632, 175.60853638530602
85.93927191239233, 4.646817467011055
90.81527772832466, 122.93458221301876
41.773092016142755, 85.14887788545516
12.306713582126804, 145.6728874755616
40.6889189040005, 145.79486777841373
95.90536636208337, 171.5636182876657
48.15772013860478, 40.58834103714834
59.782513193601694, 55.16980492363476
79.18134644719535, 167.58162106743046
90.82239645145, 182.56545115156553
48.56605871381638, 90.51035432729016
2.1104546215013578, 170.34135033500547
75.58513569128573, 59.438613520335146
40.03742963655463, 61.56011970337183
91.91363417278234, 135.69042853565117
54.114931172739155, 106.37833942779318
43.90294223482648, 185.53018623665653
80.25150033094587, 3.7040926683370827
0.016404104891137194, 171.6987104675637
59.175590293923975, 136.68322342081217
41.56627587699827, 46.88553507124398
78.15494675504542, 20.23530085828726
31.83201409483146, 39.71206446153835
35.01354284132524, 137.53464485597414
1.3312406513343014, 35.173283626371784
33.69286635273527, 79.80816648079985
17.886091892140655, 81.7815754785632
26.427950128790172, 143.2335632840311
109.50342407450732, 64.26991042090403
110.48937713662855, 192.5515234429309
104.98854356357663, 175.79422454732654
128.84129589382906, 80.03531212242873
145.1465485068538, 28.217455635452527
113.88374781798186, 146.37090651646585
101.39305018970016, 7.716941872855676
160.31748217919036, 106.75369283619689
163.24136278179944, 166.29925306479677
126.87045550844131, 174.97939032600212
181.06285990816588, 58.107052177374506
110.12822314319409, 141.16820655746739
104.08080681758612, 20.881625769526522
100.97340942042435, 50.721914038907535
104.87761944984774, 4.067908215954086
196.39076694893524, 86.87092749237888
152.7934328974913, 111.78662125186875
136.51270882870256, 7.777871118208091
100.02053767693499, 109.02751580510245
161.2182143129002, 33.167928980944716
149.7432766653631, 182.13960355423572
134.00323702900218, 125.43665659135605
102.25729154042659, 91.93696059075431
161.30790191512602, 78.83587625339874
101.12758735967009, 3.8087121946008384
114.39569740064925, 49.00940494551651
130.57108886692632, 94.12133133501727
177.79946784460623, 71.30957972319419
126.63860913744492, 72.35963344351042
159.1689808257326, 87.49172698356232
125.52031831207916, 158.96041908248117
170.58519064723302, 64.95115351319522
141.1022878731602, 80.2897405346618
104.06495594645759, 77.01486129187751
122.93679713498909, 4.841595554963529
133.52795470575109, 29.81761733058088
127.22713404722838, 81.9213687801445
106.12550746724186, 62.49941088580477
173.83770394204907, 36.43515249443334
106.75157489364881, 58.18538404390541
147.57962894079992, 97.69560761009754
161.86705126864666, 124.92381737562401
107.06208260338997, 196.70874715674296
108.92603640280669, 9.93331484158766
139.83310848554788, 145.28598904781413
108.08456728703534, 183.07928443777814
187.77034813035112, 110.28395059732212
102.71081329420193, 182.36280727439765
156.62412521610372, 95.68210977524947
102.11330700182779, 103.68223699996626
107.78760991664551, 21.882135817235415
116.50472784380848, 98.89898024274635
114.06072808760767, 4.646817467011055
137.0356485370643, 62.30078159879786
128.3632984367195, 108.40843402632314
116.207936962682, 197.95609987782703
185.1959141815864, 80.46141439818713
112.9026781463531, 160.33272117813874
180.80350390398922, 96.43459680196378
158.15380835731685, 70.40353585134295
103.82049872854456, 122.20481949675275
138.9283313459352, 156.03052884286694
151.43394128618363, 90.51035432729016
172.86855137105505, 108.68088925187021
124.41486430871427, 59.438613520335146
113.17241409588813, 33.013575089400526
108.08636582721766, 135.69042853565117
160.2977620116675, 103.55177974800873
102.32528688081956, 167.04725761778266
107.99878791092922, 36.67220530804056
122.09390226143992, 186.43036865369527
110.35353800468198, 197.66900453516504
158.43372412300172, 46.88553507124398
128.94490041202573, 74.52210992224006
168.16798590516854, 39.71206446153835
117.28976232393262, 162.25153670339787
191.12677487612154, 105.25110932647739
166.84082550791186, 26.468492625977436
102.54608373403839, 34.651864413371555
163.29223767598444, 74.84842007731056
