80
144.5621231214468, 71.55123203001826
171.7319094047293, 145.52987157858183
146.1958933564066, 131.92004009914044
150.88720119810418, 80.23100791639082
105.33829337102833, 186.73450600926523
104.2255752446258, 30.349158166271994
148.27207831295163, 103.77482262143198
197.32830301365118, 115.00524093079723
109.39432938193355, 65.78967899979327
126.70639999933317, 95.93322087743678
161.99158124295133, 39.82977008647352
151.24975757136264, 52.185282000959575
162.8837425241108, 69.13139179831084
109.71355163731974, 164.54168251201662
157.67168442770307, 60.881017004675854
138.39987391331414, 35.15162971668799
153.9204004489842, 170.07895777374296
181.48353512182217, 88.26075301303588
128.2455583102675, 49.97538767866914
157.91314095862904, 179.46309470843843
153.64486678700663, 154.26588471578765
155.17245797962806, 48.575998783222204
104.30880496213399, 4.456050695336544
179.2145273181727, 104.03076672749579
114.69405696894198, 56.448398746146154
100.49073664261505, 84.94018562717025
175.66339506297882, 109.82019520395707
139.37440892628314, 44.71647812666686
159.77871475856696, 134.75222160960777
143.47217095535922, 134.33542685568685
171.8423608382888, 46.66473008771994
173.09805110411298, 114.0983567371096
101.25969887312833, 14.168971782578566
160.71453405840373, 171.91298758330223
132.8073968382815, 59.201432048917056
116.00321527472025, 135.22846947174054
148.0638278178237, 99.5505195776008
111.35397591195787, 177.95742818530448
193.29341563548664, 100.23688479785055
154.31731461857177, 74.38822363017464
107.86806838351319, 69.06117501348818
104.58442176832202, 163.69440151742583
151.77980264459103, 167.10980317137148
100.1661428684057, 181.27617325550136
123.81104667144363, 24.28609064264464
124.22068810064746, 169.4126466218726
137.0824705875566, 11.877157678147432
115.27173524857766, 36.11936445291073
147.62351710752046, 92.55072332800572
156.4168306302655, 130.72547974179508
191.13546267291272, 59.34526614199547
108.03884951229438, 135.28968657282465
188.42857202719438, 64.69531536925398
104.75684364962761, 79.21224127964406
171.35241579211788, 109.15705748959108
108.83091519355207, 132.83238989012128
109.71088706828576, 43.19630451983731
143.71890060771346, 92.25431954080815
101.68008696661951, 193.7772710716135
118.35326365934444, 174.68406269293195
130.1670219205759, 62.37606879200832
154.28072590208606, 104.11203410818233
194.65877999150035, 111.0469966288891
112.37751555734484, 62.16390481109655
131.327041996711, 115.12899115387327
125.0820668213231, 184.23629891539878
165.086837997556, 38.703712582358406
130.72830860038601, 135.95821544710617
131.3866006880221, 22.772925117985988
177.06468297572593, 98.19584569210109
117.25929354418663, 76.09266647658437
170.56742457589874, 53.183080143003615
124.36129959094089, 146.2021022337523
131.35873360268522, 173.55658478688915
158.29556935168355, 74.92643159547738
101.09053221069743, 71.64719745749504
104.89195082473282, 136.1813439148558
128.87511971550106, 123.7869152862984
142.74900232109482, 184.04404818281404
157.58346433076628, 93.95784300018677
