160
90.31815942931036, 180.87141973334695
87.97123679879354, 42.58362084048888
97.7609589684087, 40.897545645890986
78.95816010517383, 120.57398015401395
88.82902163499548, 166.5969203827521
24.054572701951304, 77.38028571660345
30.43723911475166, 156.54976243790887
82.22811702527572, 86.4531121638183
90.76940149758882, 96.10796959205823
35.2404253405466, 93.25797592403491
45.8030588242386, 45.86192243075629
84.76868010293136, 58.55312375360673
67.38718795078957, 103.14773251339693
21.07066847823723, 101.01722594493567
61.0958534438684, 24.34071396200903
28.502074445514914, 69.25106157608462
87.93680089020647, 171.68923441941638
79.93685061098947, 76.63690654101454
87.16649837855155, 18.082174010044017
28.039030076867622, 37.35281617560216
20.961999708424962, 63.44539164418834
99.76819656110958, 40.89764542763565
44.946087310694, 76.09680956418987
97.76282226349805, 12.387371087398847
28.467359795348578, 147.22808115269902
13.224920886971647, 75.55998383555536
72.92380717046714, 55.182314878580826
96.79904592165262, 118.78938170027682
96.82434357577704, 198.83015672635284
24.964772344087383, 150.54328609926725
78.96447977212556, 40.60013428995954
49.940247546683125, 111.94681692811253
43.23186489248765, 180.30362604361295
16.257118061153864, 114.88343438109683
6.40588870892731, 66.06033509013807
49.007930858421986, 162.89251935064073
43.7853623586776, 52.418963283085304
10.277886458267194, 124.494151983895
95.51797391699864, 116.22733891609
16.45686850212551, 46.885292158134064
64.49108775447839, 59.09898024609475
45.88029033857798, 156.50710280508662
7.98830062940683, 112.98021699068987
97.10807028702614, 53.57669831445786
29.528913711979477, 106.7039890395888
45.74552834947133, 33.65079083813887
55.37845316623448, 171.01635297066778
59.32425855992004, 79.88296040912202
45.772080863750965, 78.93976293926926
54.678527345692984, 176.90664065980647
75.05016928428562, 177.08923024529662
92.65599452120873, 28.16147670898699
95.47517509523492, 39.14612936687496
17.94141718113451, 61.070486308871665
46.91755390584955, 127.7579411510634
55.47208926509375, 161.33089691382304
69.11576345961696, 72.48959570328675
92.45004359370036, 192.11178217134514
32.553282016513506, 167.64709794031256
34.033979153779306, 72.64044637195397
78.23877046759893, 51.709823183482875
76.43115578625935, 160.4350291677375
21.798928662760787, 118.25798146468452
99.64533452278987, 134.32163419824846
72.57570380992154, 130.0176249371986
53.31137523074545, 175.52112531777053
96.27638135658498, 48.159738553753996
86.85094233436821, 53.48372847713554
28.373980697929145, 151.00269003168606
82.67942182749427, 149.77546041198744
11.27822343057634, 134.34799677716936
33.10968434784465, 125.63928585436639
56.68640316125241, 94.292992287021
43.667459669886036, 120.2707993115264
38.51946215044081, 29.111976662928996
77.03970518454162, 142.7437626312369
63.98300354976748, 152.29456516924512
92.63345136385229, 139.7868838579749
63.792781613815045, 146.35153647136687
59.663455822620534, 82.19708178893637
109.68184057068964, 180.87141973334695
112.02876320120646, 42.58362084048888
102.2390410315913, 40.897545645890986
121.04183989482617, 120.57398015401395
111.17097836500452, 166.5969203827521
175.94542729804868, 77.38028571660345
169.56276088524834, 156.54976243790887
117.77188297472428, 86.4531121638183
109.23059850241118, 96.10796959205823
164.7595746594534, 93.25797592403491
154.1969411757614, 45.86192243075629
115.23131989706864, 58.55312375360673
132.61281204921045, 103.14773251339693
178.92933152176278, 101.01722594493567
138.9041465561316, 24.34071396200903
171.49792555448508, 69.25106157608462
112.06319910979353, 171.68923441941638
120.06314938901053, 76.63690654101454
112.83350162144845, 18.082174010044017
171.96096992313238, 37.35281617560216
179.03800029157503, 63.44539164418834
100.23180343889042, 40.89764542763565
155.053912689306, 76.09680956418987
102.23717773650195, 12.387371087398847
171.53264020465141, 147.22808115269902
186.77507911302834, 75.55998383555536
127.07619282953286, 55.182314878580826
103.20095407834738, 118.78938170027682
103.17565642422296, 198.83015672635284
175.03522765591262, 150.54328609926725
121.03552022787444, 40.60013428995954
150.0597524533169, 111.94681692811253
156.76813510751236, 180.30362604361295
183.74288193884612, 114.88343438109683
193.5941112910727, 66.06033509013807
150.992069141578, 162.89251935064073
156.21463764132238, 52.418963283085304
189.7221135417328, 124.494151983895
104.48202608300136, 116.22733891609
183.5431314978745, 46.885292158134064
135.50891224552163, 59.09898024609475
154.119709661422, 156.50710280508662
192.01169937059316, 112.98021699068987
102.89192971297386, 53.57669831445786
170.47108628802053, 106.7039890395888
154.25447165052867, 33.65079083813887
144.62154683376554, 171.01635297066778
140.67574144007995, 79.88296040912202
154.22791913624903, 78.93976293926926
145.321472654307, 176.90664065980647
124.94983071571438, 177.08923024529662
107.34400547879127, 28.16147670898699
104.52482490476508, 39.14612936687496
182.0585828188655, 61.070486308871665
153.08244609415044, 127.7579411510634
144.52791073490624, 161.33089691382304
130.88423654038303, 72.48959570328675
107.54995640629964, 192.11178217134514
167.4467179834865, 167.64709794031256
165.9660208462207, 72.64044637195397
121.76122953240107, 51.709823183482875
123.56884421374065, 160.4350291677375
178.20107133723923, 118.25798146468452
100.35466547721013, 134.32163419824846
127.42429619007846, 130.0176249371986
146.68862476925455, 175.52112531777053
103.72361864341502, 48.159738553753996
113.14905766563179, 53.48372847713554
171.62601930207086, 151.00269003168606
117.32057817250573, 149.77546041198744
188.72177656942367, 134.34799677716936
166.89031565215535, 125.63928585436639
143.3135968387476, 94.292992287021
156.33254033011397, 120.2707993115264
161.4805378495592, 29.111976662928996
122.96029481545838, 142.7437626312369
136.0169964502325, 152.29456516924512
107.36654863614771, 139.7868838579749
136.20721838618496, 146.35153647136687
140.33654417737947, 82.19708178893637
