160
86.71011294859416, 34.7179920929706
93.35703541246271, 131.08912598430604
26.715304341447922, 132.24355085934317
44.68333909264381, 115.20985685450941
93.73929649029947, 159.06326167263595
27.288908528659373, 104.50519416452191
34.732092030474746, 164.74599316247264
38.787232120025095, 165.4887442415432
32.191855016091665, 163.10232903220296
12.391113567758882, 81.73249999415653
40.80945525280308, 151.80928784447156
18.887759054979536, 58.75555377328126
21.80278655830754, 105.16157024880259
44.60686234076632, 108.30424488479981
90.84810196766725, 123.81554763854182
54.277580515476366, 20.006880467244525
99.0246403739835, 51.172145039087646
90.70802849175887, 180.14781087628822
60.08527669156908, 23.850455673769886
70.4095834349338, 63.49499522585735
78.04022553572246, 172.8613714559423
55.69798605303776, 169.12984166574554
42.29910633290485, 48.59928665269828
41.98521997824854, 99.30483779046489
94.73640600540094, 195.75889106130703
81.6116870990407, 159.1924936320219
67.06823183239152, 85.14995706416681
91.07118509053258, 29.516945887901258
67.97852532110831, 61.2628250827236
72.65191695262516, 59.536938571557066
61.36451253740655, 127.72027053542092
94.26364091912906, 123.67890168845489
47.97469744058864, 109.99354903721881
45.35177856816565, 159.96668413126497
29.141319908309583, 88.55596731351602
60.21248843577472, 65.02698905093554
52.77617045467504, 173.04053780735148
69.23178351101127, 147.21912709336323
47.60878269957568, 128.177443908853
42.12946856165297, 88.81917586654357
38.0859098388087, 69.77642304143919
75.8201230393409, 159.40673817741765
49.73956575528241, 118.46367536963709
23.820115026838284, 49.226126102009246
94.4602433494303, 49.064603445906506
69.21191621006247, 179.57383553249787
43.95374765987172, 177.0634330181075
78.45444484460788, 196.3683229159829
48.9233419915953, 55.99041295255698
93.21180524533081, 197.3978979248617
19.053668098534093, 128.253787916273
90.22541505166576, 37.58963907207593
83.22573896977498, 120.70983803912765
51.71648033790216, 128.0150956805575
93.70798590747704, 5.9307190668078436
54.857033339508874, 147.67407338455746
35.1692910508126, 143.3334210841724
63.5646772967576, 130.20126219478541
59.520044565595356, 63.53815683079655
35.658491901580234, 25.868943940040513
93.82275797056434, 136.75535587848
33.45841445086327, 58.79429612491576
80.86861056950653, 92.11928205534213
92.64254798964248, 12.908191453756546
44.57636561264828, 38.90568553966243
50.83196321670109, 166.9216538791321
20.13347369164905, 159.37853770638583
61.17542310536363, 143.87537489030075
38.99362511945347, 25.801915197997417
80.05173801537818, 134.35987198820166
91.34249450750855, 3.4687975067527743
48.532228309778766, 97.7342555067648
70.72350053104766, 60.358170626557374
54.19835750017706, 144.20944683939933
22.9422959996343, 110.29095576863217
93.66912970322284, 105.30603402890885
44.544636997906586, 19.771858534342023
26.135651554043584, 60.113179365683145
67.70522969176506, 145.9108675822958
17.85108514495607, 124.41868581328568
113.28988705140584, 34.7179920929706
106.64296458753729, 131.08912598430604
173.28469565855207, 132.24355085934317
155.31666090735618, 115.20985685450941
106.26070350970053, 159.06326167263595
172.71109147134064, 104.50519416452191
165.26790796952525, 164.74599316247264
161.2127678799749, 165.4887442415432
167.80814498390833, 163.10232903220296
187.60888643224112, 81.73249999415653
159.19054474719692, 151.80928784447156
181.11224094502046, 58.75555377328126
178.19721344169247, 105.16157024880259
155.39313765923367, 108.30424488479981
109.15189803233275, 123.81554763854182
145.72241948452364, 20.006880467244525
100.9753596260165, 51.172145039087646
109.29197150824113, 180.14781087628822
139.91472330843092, 23.850455673769886
129.59041656506622, 63.49499522585735
121.95977446427754, 172.8613714559423
144.30201394696223, 169.12984166574554
157.70089366709516, 48.59928665269828
158.01478002175145, 99.30483779046489
105.26359399459906, 195.75889106130703
118.3883129009593, 159.1924936320219
132.93176816760848, 85.14995706416681
108.92881490946742, 29.516945887901258
132.0214746788917, 61.2628250827236
127.34808304737484, 59.536938571557066
138.63548746259346, 127.72027053542092
105.73635908087094, 123.67890168845489
152.02530255941136, 109.99354903721881
154.64822143183434, 159.96668413126497
170.85868009169042, 88.55596731351602
139.78751156422527, 65.02698905093554
147.22382954532497, 173.04053780735148
130.76821648898874, 147.21912709336323
152.39121730042433, 128.177443908853
157.87053143834703, 88.81917586654357
161.9140901611913, 69.77642304143919
124.1798769606591, 159.40673817741765
150.2604342447176, 118.46367536963709
176.1798849731617, 49.226126102009246
105.5397566505697, 49.064603445906506
130.78808378993753, 179.57383553249787
156.04625234012826, 177.0634330181075
121.54555515539212, 196.3683229159829
151.0766580084047, 55.99041295255698
106.78819475466919, 197.3978979248617
180.9463319014659, 128.253787916273
109.77458494833424, 37.58963907207593
116.77426103022502, 120.70983803912765
148.28351966209783, 128.0150956805575
106.29201409252296, 5.9307190668078436
145.14296666049114, 147.67407338455746
164.8307089491874, 143.3334210841724
136.4353227032424, 130.20126219478541
140.47995543440464, 63.53815683079655
164.34150809841975, 25.868943940040513
106.17724202943566, 136.75535587848
166.54158554913673, 58.79429612491576
119.13138943049347, 92.11928205534213
107.35745201035752, 12.908191453756546
155.4236343873517, 38.90568553966243
149.1680367832989, 166.9216538791321
179.86652630835096, 159.37853770638583
138.82457689463638, 143.87537489030075
161.00637488054653, 25.801915197997417
119.94826198462182, 134.35987198820166
108.65750549249145, 3.4687975067527743
151.46777169022124, 97.7342555067648
129.27649946895235, 60.358170626557374
145.80164249982295, 144.20944683939933
177.0577040003657, 110.29095576863217
106.33087029677716, 105.30603402890885
155.4553630020934, 19.771858534342023
173.8643484459564, 60.113179365683145
132.29477030823494, 145.9108675822958
182.14891485504393, 124.41868581328568
