160
24.695090200397573, 140.71684326210473
61.941438114017565, 13.065983955070948
33.30264617716552, 105.06943513815426
47.19001179593712, 28.323715309616837
26.703645533665423, 45.781569950077184
39.61407269458226, 166.52175986554187
76.62617589404492, 143.2352892173509
91.80188390226427, 144.66647667644935
4.120360432776382, 123.62194956756989
35.10009885188431, 49.155759979664126
83.03027247403249, 98.90889933921767
74.50702347878332, 102.56873183228494
73.94714304053703, 124.8981661783191
68.50667789517959, 50.1221073512933
77.16977387446987, 175.54160950958874
48.42155191160995, 106.977885553927
98.2532941578758, 156.28486686644223
61.464885101148035, 82.21425929518236
62.04496062028084, 103.03746128975757
4.796746951570318, 80.54529306404059
18.09997137954277, 130.80839333200083
41.632123849627064, 94.22555519557972
6.759534598965078, 81.91652521314579
57.9718646900933, 171.91132633931286
71.71191229240395, 129.85937655238672
3.4718458999055013, 81.48082525364117
45.02737357013156, 80.29073507552111
77.3088072448124, 25.394951034015566
21.789563332678462, 120.64775988704288
59.843692588060335, 158.48584315701265
13.481974256739438, 64.80769832881865
80.4062347886876, 45.58315439685483
92.4648564276094, 109.7560514421862
84.87778484806232, 97.87067516490409
70.81917416188986, 193.32725673414254
85.09851289249274, 82.2284369681093
67.70940620526954, 36.09117789698284
26.561217674425595, 81.36753047966658
61.49194017063472, 120.39409208813242
79.78998140391329, 55.834556963623385
46.7710606216733, 56.55894666383039
19.114591433069485, 56.74666425982744
9.05323088523663, 125.40778336753723
14.431338839425923, 69.95912195226641
8.588259578612856, 67.33660469042646
74.76510502250963, 185.94301958919965
94.23241268345632, 78.68753140189048
45.2181403760533, 57.21718770715978
88.46938045688624, 193.96363269948355
59.18736322227141, 27.820119274479648
34.96289208654846, 115.73878991899056
64.93762620272229, 160.67731990882177
56.85046026275994, 38.36255177964594
51.396574115318685, 54.23973685741299
92.07300348345284, 43.264056136137086
72.11018835883013, 48.97378294097345
73.76277919392793, 81.74602829810436
45.45239431508622, 33.59682600408658
87.72367191490879, 163.26790655950558
14.944108450020533, 57.933468107861906
68.51537082889017, 46.16130430485268
40.89027576664669, 90.91758501802288
67.1016844451124, 94.99692721302686
47.11738825573475, 61.01213950788864
82.3793532265726, 11.68670625640138
47.946091615344734, 79.19549801202506
25.99167249336429, 42.0368065374316
96.5864979921496, 140.40253268358612
31.505526679826744, 36.00077540312425
6.2228229028143955, 111.23463418961848
62.685926725835294, 141.53509917238193
57.93404130633021, 160.53524817657575
30.144877079725262, 136.41407931953353
50.74986009887395, 78.64345975125508
39.14695116851029, 111.80424955279584
87.60266390964986, 67.94494505814687
87.27630966949917, 8.682341747877253
67.10153199369735, 62.61287723135289
69.33085492989576, 58.49825567159945
62.680972891046224, 153.32035408627868
175.30490979960243, 140.71684326210473
138.05856188598244, 13.065983955070948
166.6973538228345, 105.06943513815426
152.80998820406288, 28.323715309616837
173.29635446633458, 45.781569950077184
160.38592730541774, 166.52175986554187
123.37382410595508, 143.2352892173509
108.19811609773573, 144.66647667644935
195.87963956722362, 123.62194956756989
164.8999011481157, 49.155759979664126
116.96972752596751, 98.90889933921767
125.49297652121668, 102.56873183228494
126.05285695946297, 124.8981661783191
131.4933221048204, 50.1221073512933
122.83022612553013, 175.54160950958874
151.57844808839005, 106.977885553927
101.7467058421242, 156.28486686644223
138.53511489885196, 82.21425929518236
137.95503937971915, 103.03746128975757
195.20325304842967, 80.54529306404059
181.90002862045722, 130.80839333200083
158.36787615037292, 94.22555519557972
193.24046540103492, 81.91652521314579
142.0281353099067, 171.91132633931286
128.28808770759605, 129.85937655238672
196.5281541000945, 81.48082525364117
154.97262642986846, 80.29073507552111
122.6911927551876, 25.394951034015566
178.21043666732155, 120.64775988704288
140.15630741193968, 158.48584315701265
186.51802574326055, 64.80769832881865
119.5937652113124, 45.58315439685483
107.5351435723906, 109.7560514421862
115.12221515193768, 97.87067516490409
129.18082583811014, 193.32725673414254
114.90148710750726, 82.2284369681093
132.29059379473046, 36.09117789698284
173.4387823255744, 81.36753047966658
138.50805982936527, 120.39409208813242
120.21001859608671, 55.834556963623385
153.2289393783267, 56.55894666383039
180.88540856693052, 56.74666425982744
190.94676911476336, 125.40778336753723
185.56866116057407, 69.95912195226641
191.41174042138715, 67.33660469042646
125.23489497749037, 185.94301958919965
105.76758731654368, 78.68753140189048
154.7818596239467, 57.21718770715978
111.53061954311376, 193.96363269948355
140.81263677772859, 27.820119274479648
165.03710791345154, 115.73878991899056
135.0623737972777, 160.67731990882177
143.14953973724005, 38.36255177964594
148.60342588468131, 54.23973685741299
107.92699651654716, 43.264056136137086
127.88981164116987, 48.97378294097345
126.23722080607207, 81.74602829810436
154.54760568491378, 33.59682600408658
112.27632808509121, 163.26790655950558
185.05589154997946, 57.933468107861906
131.48462917110982, 46.16130430485268
159.10972423335332, 90.91758501802288
132.8983155548876, 94.99692721302686
152.88261174426526, 61.01213950788864
117.6206467734274, 11.68670625640138
152.05390838465527, 79.19549801202506
174.0083275066357, 42.0368065374316
103.4135020078504, 140.40253268358612
168.49447332017326, 36.00077540312425
193.77717709718561, 111.23463418961848
137.3140732741647, 141.53509917238193
142.06595869366978, 160.53524817657575
169.85512292027474, 136.41407931953353
149.25013990112603, 78.64345975125508
160.8530488314897, 111.80424955279584
112.39733609035014, 67.94494505814687
112.72369033050083, 8.682341747877253
132.89846800630266, 62.61287723135289
130.66914507010424, 58.49825567159945
137.31902710895378, 153.32035408627868
