240
45.721466040451304, 186.5643025082944
9.884279829975455, 105.9281993545502
25.16447228700669, 48.05398918224172
21.067593123605036, 162.70838674130738
26.957997614739163, 131.96952426457568
56.98675835559815, 22.91123421596894
33.61005795357241, 91.16740329150932
14.10838573577108, 72.41209438418284
52.046209844934225, 199.15822379771436
97.06150757095762, 30.459244290710988
51.31317583918204, 166.54897863448286
82.92819057555663, 158.78843328817226
18.966994750576003, 107.18374095692974
43.59358253130938, 77.2031409618128
23.549328358227257, 102.55039950611743
39.17694310283891, 103.39991186047382
91.14860977318259, 138.44662523519855
66.1358747664424, 101.419883418426
28.23229755437626, 30.232857043795228
63.36828621055733, 60.274627624772116
23.45975683264018, 151.5345604438767
43.27597031287929, 129.9818476242125
94.21941722614456, 88.69063475305285
57.239270415739504, 94.95541698158443
47.86703377672819, 96.96614641614087
27.075749873738403, 112.45757627575794
45.00798261108474, 76.12414270792515
94.72895053869382, 158.62227526642465
67.57650728626365, 58.35303280196196
41.159363281324744, 94.67378819161442
37.8409486787509, 29.923492236671503
24.333768959587168, 45.24112207069055
91.26584014203542, 143.67817312816533
20.888884311860643, 94.10479999561687
70.08368177376529, 145.28185275560116
34.443694402377844, 100.21018865131182
4.206931608043824, 113.2550524364166
17.578154455734534, 152.66725129607494
47.99387648186793, 81.51006405564675
74.23988210670603, 81.26408815376357
14.926985560169708, 135.27050279524502
71.42844226758106, 55.21859297928485
1.129572145631876, 144.28173242753056
53.14230305577965, 92.68212322573743
72.84502765825296, 75.92950533003858
63.266595216998724, 11.403443627455449
55.38559680210879, 177.21803178332163
84.32768139387265, 118.87166012029066
31.90820535471498, 44.302875838975226
11.636955080038462, 16.00256672414578
18.143421156796556, 80.65565702162974
61.991949228223206, 92.87631777186793
69.97768416930407, 118.07930679705429
49.81287622096664, 21.7843386693811
74.27680582330856, 147.17128400810356
97.34928598973465, 129.42672890291664
77.02730010871517, 120.90195627940315
10.402368846663059, 169.46398024481982
86.09387505162269, 77.2241039105136
43.33108955831947, 28.72251729956352
97.47341177539154, 103.16035486490563
3.185523322793749, 178.96794839685984
77.07633734234292, 112.9556868566469
40.08947437258176, 127.84920844433404
61.510951709187175, 59.69518884584346
58.42585212344345, 101.24534699341635
64.643870916352, 198.05238631322445
35.405616443435186, 181.16842964393334
84.58802198426112, 94.53008896778312
17.03041213891825, 135.54642209073688
55.634664140680385, 88.6946661931217
44.40143801797207, 196.90438848714837
66.53269590823496, 156.5551964007254
86.87880593484952, 61.567790585728666
0.2069647898473832, 126.82978951105818
86.41779718381311, 132.31916100191847
0.42533589234997393, 11.40342138854406
9.252784593437212, 117.35594874154172
85.4019025023146, 14.468255699154199
43.759781357898156, 154.8761445567672
30.996286426350107, 45.96288400386126
26.16055309175448, 172.47938763691218
81.76782088433391, 30.63512141935618
66.24709014911674, 149.30224583338347
7.932525735277862, 193.79116250869706
29.88304948293019, 151.77746159777192
68.64396763025006, 18.086705200392927
86.1962835650673, 94.33704504408118
80.66468762970949, 59.478614044803855
72.62324101615384, 25.571780019046876
86.14522723390981, 109.27898971039896
27.970505785636078, 115.54689136172556
15.1291973444588, 109.14020462274974
47.245824110198875, 78.99826088092274
69.44350344950287, 181.8469126986228
96.92560291913807, 169.59223355050602
13.722296794702737, 61.643202017727326
51.93572850819505, 98.4212365587628
66.65320912806534, 137.6004644520264
95.65064851780754, 113.33240004955101
11.390795269158993, 136.7523464379081
65.65055975964978, 59.600786946105
43.43624149919755, 38.34485872041198
29.50416591291708, 48.25999677207555
30.708193192647382, 73.0957715877439
80.54171172498299, 161.73493264594552
34.67841248677349, 121.52907294674145
12.003880882143324, 61.877920118906204
3.950786817579066, 30.02199944140729
84.83927582488641, 81.20303924542375
0.9630989463880302, 115.04638696681835
70.82031958833693, 160.32831724278873
44.49709629189205, 178.12066182008024
49.33722222400074, 64.15799129333506
34.212534394591245, 24.473994241546816
82.27572602354599, 160.39021924520586
43.16380931978261, 93.87861374315119
16.995171740078774, 96.32064938004474
31.04481292342085, 104.98332708287342
97.45717046272992, 61.56429175985121
0.21176404697519358, 184.6442118226069
45.06664723351895, 37.66030216037917
17.377102954646094, 165.2346592856197
76.61958182809701, 0.6001320644431596
2.7286871854450223, 87.4385811332228
45.007842831111276, 194.29792905120934
87.09302340022973, 20.854660881025143
56.68749131785955, 81.28327313646875
96.89580499327508, 44.9790367361996
38.99143009916618, 35.47470542738365
46.070383253741, 188.2561669602788
64.89443053253243, 106.46814977467893
80.20149390835641, 47.56841977685866
1.1722593543735504, 41.22275177904346
55.59273255245252, 76.59283189871337
30.43504965526721, 64.58890157576629
52.56637957280342, 72.20204453891937
58.178357562979286, 27.832522078590948
94.18960458619942, 33.86044841388289
56.35457282349316, 109.0080929480911
87.67928325564152, 129.95466102574855
98.30946814300357, 148.58098912294136
93.98644934521279, 175.11326174957134
3.7896829115761532, 9.925004044975827
12.399848634910327, 116.99051719319327
4.135760776817465, 163.59788047639876
40.77023659788895, 97.14766078907455
89.07551419248523, 112.77605604711624
0.5657617341704779, 0.33862034865044244
79.67707785052123, 110.19753362685204
91.29144929196829, 27.662718391852593
94.66433980473657, 106.5467633810079
5.934185411285442, 31.243737829530804
79.13997671850262, 2.9724791176690912
36.006053288998906, 54.49431520662182
74.38424082834884, 34.20243486935695
41.25241627263059, 140.8325175049711
1.8711584159245787, 124.04824342931879
45.788588513158814, 29.88094318240371
54.88438760120856, 107.45748117870507
108.05088419068427, 180.41771089011542
147.02377382773426, 67.03680312082983
111.38627595204137, 6.183549196601756
127.5174420043767, 167.92647980007433
161.60634279242194, 145.16014553713032
185.33460168902, 61.565478276423555
156.45673139555987, 166.80592116437333
116.0623945063214, 80.94763895110036
128.99714231693238, 185.07081497584835
115.78573415951413, 26.025420593760206
193.6324838690997, 106.34854117465058
192.2812875063666, 85.02563547487345
175.832556978455, 123.70192218127387
166.04651071813788, 36.066890649941286
120.12539558148436, 39.587682393112765
148.19446763368896, 83.99884398910464
118.5346586435171, 149.3838826358339
118.8321272260019, 38.383506688352156
157.0933083352552, 54.937435574573335
185.1309466073913, 92.65215949210324
106.89047389553335, 114.71757808712317
144.25524408534758, 121.84961257895766
183.7351353062516, 107.3542353943021
109.69249105828052, 29.16853499366987
114.59295500883259, 89.9155038787678
153.0426477187093, 129.19429611528423
132.5120142800722, 22.49515791071921
114.1098705751438, 197.6707488283662
121.31837095255574, 86.06228398013951
135.05097148427663, 15.40035408350866
111.28978712715477, 31.74151435252355
142.05483621106873, 27.29440850677389
150.0799792509143, 80.0693388076061
121.20231462496679, 155.1784442880703
187.94839659661216, 90.43857099077424
125.44113034797493, 43.55339778525076
177.73902119374077, 53.218008712262964
137.338972950079, 100.1407397922369
125.98168594758405, 17.99922735478694
174.12859060053447, 133.55931102803152
187.0050085030023, 114.77927403641466
198.01059376932804, 95.78700061839747
142.26159993681028, 97.09426758835356
141.53989712468413, 112.27175590372678
109.24198255888192, 26.22813137241422
123.26619217178585, 16.245778726611594
130.24198881408194, 158.70702544886385
100.25111034976884, 85.49629979729114
126.22793376539433, 30.773009254046624
174.06147920318443, 53.329569671680275
147.75303686079516, 138.93833026919572
113.25964154227239, 146.85508577917548
100.46315692178376, 40.955048723153695
102.18099692033032, 37.78296794692433
179.2810299524508, 134.2421122468737
143.15269925178796, 143.73992471322418
180.1223861763398, 59.308082550323604
193.4368027847252, 129.92304794862568
154.75725347633167, 123.86078755363133
115.79581043849461, 78.42397864720337
147.1369519289566, 156.24331010120875
134.62574800038144, 174.63275918757788
103.82390969370321, 139.85716843378248
116.11334946294765, 184.53041154090337
138.67989136808046, 8.552933625170823
113.84758519012955, 104.25722104237731
160.28921707893545, 160.0355461517542
139.2881522601443, 189.88273846221531
184.23736692682422, 58.75247580130718
157.697668840544, 160.07907711239585
183.66612729605725, 139.74442488796953
115.85206064830594, 166.72226444168663
177.6064248191754, 138.81897861314988
160.10277619568558, 31.37439760320151
158.7705573007701, 70.1264632300246
106.49155102931692, 72.1317041967255
172.01299724016533, 77.60947547843256
195.9043505907717, 78.7143130681315
114.50918651363568, 54.00587458727557
112.2021487016909, 195.03807709357855
