240
9.830474201804517, 90.51836145037451
85.53605175403393, 95.48923327652597
41.977836631693336, 80.55397720422273
35.8362068816407, 97.20768039422182
36.90604159523363, 117.70812841217291
87.51285841790603, 9.971784409777351
51.678308827050756, 156.41454991717188
36.39534697098025, 129.00831817969743
29.210382069736028, 108.98138622010116
48.26516819935023, 45.800238360226665
51.80919103539728, 25.530096828297367
87.6296819798416, 87.42008424044121
36.214789093762356, 93.31379061301071
30.479724979007827, 101.37274121519886
40.824116082695724, 136.59014984345927
20.867989403854324, 59.80742805069666
64.09373921101262, 133.85830651274708
44.14773914442646, 167.66017263644494
89.12244601644478, 109.65903126377165
61.33502611501926, 43.84564166897498
52.21854859833013, 16.225260200331547
77.30774056126863, 12.968830453377468
65.34117629962756, 122.70974860800384
91.98405889917258, 52.09951193045901
70.23858016375581, 110.12603054824967
42.34204339841212, 153.97405315446488
77.47928715654778, 133.00780224100342
19.456628326415682, 109.81494126544236
19.899073604396445, 123.6076407291332
53.35994236184251, 141.48030827861749
84.41353323939774, 93.99158835011046
75.60535768104597, 45.63206838684777
29.84607629287548, 143.61092102720013
43.99351500085225, 26.953492633638977
90.8034763484863, 73.81298173636833
72.73831482544828, 11.968728575623256
93.98565316736737, 32.27837284728374
38.560531110249215, 127.318015899612
44.476799493921234, 93.62723388598629
38.1107223295054, 83.4906932078392
75.69684059349198, 59.7184304770515
97.0441177088957, 67.85590729505677
14.832430197536972, 76.22367578839544
74.41807514144426, 55.12840442952112
27.811602613832708, 165.2675523718852
47.31536388970097, 62.66364357420069
76.57117205069363, 41.07663328417641
49.534027641879916, 52.53610044874686
70.43262936558932, 103.38924663599767
58.24446650280011, 184.69371955332815
88.04587591692209, 60.770302686679464
58.78762493061404, 45.135669154368976
21.734724180816066, 38.5163362908721
91.63472741944898, 102.04263914059497
51.258244786710186, 42.0263531307397
43.77754426443485, 19.555833260444544
20.59400101700064, 116.84652916090322
73.4229301340929, 86.09804844248605
61.77084637099314, 187.21943748741901
79.73725419552791, 60.074818033345025
93.61555191930327, 60.58045322984942
50.815339711291394, 161.06230035849026
31.10958506396696, 135.23790747318057
32.19741092147572, 41.50400013177
21.001732119929017, 70.17751317778831
93.83947763770706, 68.89675567853573
31.819109335733053, 105.55103876695466
31.062414566157848, 83.89701883523182
23.41955859612349, 144.19930209554676
77.99554913227406, 57.87046365232147
10.998815475392366, 118.58020761816573
51.697071358148335, 171.19970399671715
71.03017013311964, 84.17014334625186
48.84936826884109, 155.66115419125356
29.571467108527237, 59.91845350198825
53.48447029755946, 104.19830898684708
44.827418394617425, 177.94191415459068
84.61165335079689, 162.29372400981754
70.12054859622708, 184.66096053944466
85.82992768506713, 86.17199082385198
16.661402755854937, 183.9951975543093
81.42665250917652, 156.83329450749673
57.308821838067146, 175.84597493845706
57.95102346290306, 163.98524723207862
43.36556183424013, 92.28600819000341
49.92508111473263, 25.84648147851385
77.29818588020656, 135.35021102560782
4.827687978977046, 95.41456820497538
33.915460887710644, 160.8846958204888
33.13844308657055, 106.79871241696955
17.830278701319568, 136.51452108510293
30.024855283258013, 168.87507847872817
27.017731396853627, 41.38385331646024
6.146489029242764, 93.86825612919911
5.355637621156317, 197.86380039337212
65.72780160382031, 118.57522240705656
23.23067287653697, 141.57353563009286
57.6772064998133, 177.5569566255072
23.569783335196338, 58.98803859523725
37.76295464161286, 12.639751440712477
61.36871516144203, 183.94070451546824
73.98357094510608, 172.24053602543236
39.494250345649974, 176.57264169620314
98.47248028076228, 164.77004440122133
99.89774129426738, 165.6648767336814
29.657639258433623, 152.36078396034003
73.69238602930875, 147.4958139048973
23.823187892315147, 154.24517542322255
91.09918084885975, 95.84430305151442
71.33086978818673, 99.36856998188352
20.115499894011457, 17.315287009512858
28.560819992479093, 9.435255705685952
79.76047702070912, 114.09159827075548
64.51910234190906, 185.70521673958592
54.627700314631426, 178.57314382209304
76.33249095348633, 155.91441126309266
78.61221599268418, 107.35752245271777
45.94764820341059, 127.83839814309401
93.11660534502268, 169.45211958346394
37.20142278933126, 112.70666983283925
71.4056358795089, 192.027299441398
69.94783937482548, 171.63856787977008
26.438418398456875, 85.21603437513238
64.47870846152334, 181.99594852967587
30.334681640674077, 57.96195373802604
77.6305611672171, 185.86273103584426
28.4214096857649, 82.3494855221911
41.37340152649991, 104.50148401161921
88.1548247964586, 78.91542732393775
55.27251477174369, 114.37545885163783
70.74696331971246, 136.62951311075815
77.62027817638011, 173.48519951278197
17.350859742595315, 186.6101538294283
13.257927752786037, 166.06077940905652
12.746041703820254, 58.90869709330848
62.66603521942322, 49.8587556827242
82.9036202346708, 72.05227380632138
49.24833927167184, 117.57657587967682
30.374977381306046, 0.26559727341362027
55.05030064508506, 131.59382909418832
1.1074917714174015, 172.047959662001
49.615953023835445, 180.76041831611212
80.82837336479257, 70.87569154188887
76.5749590857337, 116.33736149512082
67.30167527722715, 143.49967776047393
60.40760588645882, 113.81800920242162
50.83676562490902, 116.3320340372514
97.73936071952639, 62.34619716516781
92.33878590340565, 26.65884318142655
37.0758203780143, 89.84245796323545
60.52238672982644, 105.45366360521223
11.396318802281257, 24.676942166460748
81.53546409924843, 121.4192124029725
32.33073565120085, 89.32065704520107
20.035440909215296, 128.16041019329825
46.11127545789462, 171.73386959271932
60.80638069504574, 126.8230023596097
12.125259828813084, 11.86256983042795
60.42224560704222, 61.41822743725092
58.94051683586711, 57.7351148906577
190.16952579819548, 90.51836145037451
114.46394824596607, 95.48923327652597
158.02216336830668, 80.55397720422273
164.1637931183593, 97.20768039422182
163.09395840476637, 117.70812841217291
112.48714158209397, 9.971784409777351
148.32169117294924, 156.41454991717188
163.60465302901974, 129.00831817969743
170.78961793026397, 108.98138622010116
151.73483180064977, 45.800238360226665
148.19080896460272, 25.530096828297367
112.3703180201584, 87.42008424044121
163.78521090623764, 93.31379061301071
169.5202750209922, 101.37274121519886
159.17588391730428, 136.59014984345927
179.13201059614568, 59.80742805069666
135.90626078898737, 133.85830651274708
155.85226085557355, 167.66017263644494
110.87755398355522, 109.65903126377165
138.66497388498072, 43.84564166897498
147.78145140166987, 16.225260200331547
122.69225943873137, 12.968830453377468
134.65882370037244, 122.70974860800384
108.01594110082742, 52.09951193045901
129.7614198362442, 110.12603054824967
157.65795660158787, 153.97405315446488
122.52071284345222, 133.00780224100342
180.54337167358432, 109.81494126544236
180.10092639560355, 123.6076407291332
146.6400576381575, 141.48030827861749
115.58646676060226, 93.99158835011046
124.39464231895403, 45.63206838684777
170.15392370712453, 143.61092102720013
156.00648499914774, 26.953492633638977
109.1965236515137, 73.81298173636833
127.26168517455172, 11.968728575623256
106.01434683263263, 32.27837284728374
161.4394688897508, 127.318015899612
155.52320050607875, 93.62723388598629
161.8892776704946, 83.4906932078392
124.30315940650802, 59.7184304770515
102.9558822911043, 67.85590729505677
185.16756980246302, 76.22367578839544
125.58192485855574, 55.12840442952112
172.18839738616728, 165.2675523718852
152.68463611029904, 62.66364357420069
123.42882794930637, 41.07663328417641
150.4659723581201, 52.53610044874686
129.56737063441068, 103.38924663599767
141.7555334971999, 184.69371955332815
111.95412408307791, 60.770302686679464
141.21237506938596, 45.135669154368976
178.26527581918393, 38.5163362908721
108.36527258055102, 102.04263914059497
148.74175521328982, 42.0263531307397
156.22245573556515, 19.555833260444544
179.40599898299936, 116.84652916090322
126.5770698659071, 86.09804844248605
138.22915362900687, 187.21943748741901
120.26274580447209, 60.074818033345025
106.38444808069673, 60.58045322984942
149.1846602887086, 161.06230035849026
168.89041493603304, 135.23790747318057
167.80258907852428, 41.50400013177
178.99826788007098, 70.17751317778831
106.16052236229294, 68.89675567853573
168.18089066426694, 105.55103876695466
168.93758543384214, 83.89701883523182
176.5804414038765, 144.19930209554676
122.00445086772594, 57.87046365232147
189.00118452460762, 118.58020761816573
148.30292864185168, 171.19970399671715
128.96982986688036, 84.17014334625186
151.1506317311589, 155.66115419125356
170.42853289147277, 59.91845350198825
146.51552970244055, 104.19830898684708
155.17258160538256, 177.94191415459068
115.38834664920311, 162.29372400981754
129.87945140377292, 184.66096053944466
114.17007231493287, 86.17199082385198
