80
168.91399523001252, 50.44640884490859
188.3749142088411, 82.03107792424692
110.6797997881143, 151.49277113416622
105.98399802142114, 117.74541294488489
150.22423442418298, 184.715085202755
132.98043873226342, 154.3120773997537
188.1887498184154, 115.32949171489535
157.75994980794724, 128.14254292986286
144.77809764585035, 27.41555649480616
105.87485031827819, 14.385786311136716
157.29046124220267, 106.56847506578278
127.989004188367, 154.59715499410007
131.65652713679526, 45.05844960266607
116.15867885928608, 35.69317090215029
186.302770805003, 102.10894608725111
154.89156400615545, 100.92778622785742
189.4309628122765, 106.90111636842983
156.75861984385924, 156.07149979919132
178.5039826579164, 95.87340048181123
194.73458478172924, 129.2672642700582
194.70986089189827, 122.36052759213338
122.31777692043181, 93.61108869516697
115.87654524052617, 131.19284891415472
135.55705230586995, 15.134220030246158
138.37466817353163, 110.2027877519126
109.68042090340059, 132.72109856291675
165.3068733768148, 80.7094634988202
148.53486680001467, 49.56853782767667
147.86035057795576, 47.16885747149637
189.0049709883037, 135.4323349586081
186.42594211878924, 95.82129062230112
150.39344420165048, 131.50944975453342
152.519142753476, 156.06910822053263
103.9613158764283, 11.680129387170691
141.76401958291837, 106.33602473354296
181.4073725374851, 70.28167200872171
142.3628525817722, 94.02112101702897
156.82994510898027, 67.78693577650795
184.79695579871182, 134.44577337951208
147.1756833314618, 65.63464747254741
134.33930897701728, 113.16105117785014
182.44440358633074, 53.98222296341719
131.30359156168407, 49.04862809117021
156.06357504832312, 158.86562650836578
125.73804080953971, 48.79922717867564
125.60780332688306, 24.945817765424305
133.55567257303056, 7.475494886383682
135.08123653939515, 193.064310863616
120.46282794345505, 142.98076991661654
176.9756582078154, 143.37453350162588
175.46629407394252, 151.6368814594784
188.3514454902658, 99.16111045976275
170.23518605167735, 77.82799185936248
171.14939280651453, 164.24077510309834
136.47206926346854, 158.64000412030308
137.669288563425, 138.42178791441984
128.10244874279167, 63.21288748193601
152.53128580272218, 89.70990559366705
173.48648284688545, 146.05146386872192
115.33655222924459, 176.28399980313347
115.81216844727903, 105.98611500754296
157.42138677347376, 64.10034973028098
140.76626459621502, 122.65967139734653
125.4335221995624, 22.628045571842215
175.98066659087746, 64.31524171720588
131.6752468673961, 172.28808385180264
147.0578973363813, 139.1385194823016
108.19887557572784, 74.82174474200075
169.73112169477028, 108.34409602077358
162.5112762796187, 73.93908254625832
133.7443362886297, 84.78147341178494
175.8178260314061, 53.79439650620761
164.04255188296122, 90.22896475321349
168.4392790359453, 37.83714633821986
189.784550789869, 138.7358524701886
121.88960992334873, 73.967242508218
101.68782590178591, 79.7021987992341
128.21050126204221, 127.81621721914517
132.41296752707154, 81.7379608492912
131.62159285118543, 53.844167887864415
