128
9.238803048896859, 77.70549804950544
76.19052322983279, 163.8798965510836
12.969347591358337, 79.5160856471428
87.467262784114, 22.225772617888296
11.79564656252997, 58.7694226441775
78.96396815525998, 58.95619355320834
77.68842590062555, 157.49874634536712
94.6456706891427, 50.351667445313694
29.80550495905848, 101.62031645937451
47.85459974362155, 107.22089517981364
71.54195218599978, 158.44401936647327
16.94482017324843, 154.14164907587636
80.63867926528404, 103.2883733670006
75.13871253336245, 32.12549551070101
48.87984858246504, 153.81345926268745
19.96631282970399, 153.31519483868698
56.08691294728353, 43.41595913038192
25.7718873074392, 43.88878790461299
96.51379580870622, 126.3852319702085
80.52024821559482, 72.51226080294724
15.762329117773533, 82.10753023520742
33.86856908855869, 146.67424869083956
14.902264495179661, 116.38216406342026
52.01508095686766, 160.52120879461188
15.139824538250002, 147.78839988806695
95.37962971260225, 137.69584121032202
90.33742622418566, 183.4021154056103
74.23816487451789, 149.44032792809548
82.50709280326458, 148.25340485357924
29.002336692781828, 50.69388435086821
79.90212996510036, 192.18625759743097
25.636561145657865, 37.01148210663714
61.02417227630885, 165.448885972522
75.68240799808859, 36.734254546787135
45.76328618709514, 58.387675153533756
89.64322056651407, 34.84505705092757
78.96456444088655, 115.02225228114553
64.84726588642606, 149.78111048798152
57.79378544605945, 132.39091371434228
90.27699542264129, 71.90137928822541
43.40111704942703, 47.060453872375405
94.2448577850161, 116.86665230425224
62.35765379271353, 12.932253477158584
73.09037707320591, 32.6906973302332
93.04705559351699, 63.87784600103221
81.098283712651, 28.834472234278465
99.80805125381367, 31.72719552530352
63.325259414125654, 114.04377085695252
190.76119695110313, 77.70549804950544
123.80947677016721, 163.8798965510836
151.31263041441468, 43.94169564696162
187.03065240864166, 79.5160856471428
112.532737215886, 22.225772617888296
194.31029313121442, 93.14839423629367
188.20435343747002, 58.7694226441775
133.0176284983748, 135.5281295486192
114.84611535109508, 27.64844461228233
121.03603184474002, 58.95619355320834
182.40584787213555, 101.06807163865116
122.31157409937445, 157.49874634536712
105.3543293108573, 50.351667445313694
170.19449504094152, 101.62031645937451
152.14540025637845, 107.22089517981364
128.45804781400022, 158.44401936647327
183.05517982675156, 154.14164907587636
119.36132073471596, 103.2883733670006
124.86128746663755, 32.12549551070101
151.12015141753497, 153.81345926268745
180.03368717029602, 153.31519483868698
143.91308705271646, 43.41595913038192
140.96073532925425, 151.0439884464526
174.22811269256079, 43.88878790461299
103.48620419129378, 126.3852319702085
146.16706355805238, 100.08481761604384
119.47975178440518, 72.51226080294724
184.23767088222647, 82.10753023520742
166.13143091144133, 146.67424869083956
185.09773550482035, 116.38216406342026
126.95059929064098, 105.10108771621414
110.47987028299325, 62.38075698695567
147.98491904313232, 160.52120879461188
184.86017546175, 147.78839988806695
182.57310273462002, 65.99329220142714
118.00510156901561, 99.80141259944992
104.62037028739775, 137.69584121032202
150.16141862485915, 155.56011501522283
109.66257377581434, 183.4021154056103
125.76183512548211, 149.44032792809548
117.49290719673542, 148.25340485357924
193.37250646322985, 69.50377086589592
170.99766330721818, 50.69388435086821
133.56294021583807, 46.24129609886698
120.09787003489964, 192.18625759743097
141.04482632160943, 63.34972980874689
122.81797022659082, 5.616156921875293
148.21799741359746, 105.77870746522564
167.01181084434282, 111.9655080637718
140.22666563474527, 52.66605777347999
174.36343885434212, 37.01148210663714
138.97582772369114, 165.448885972522
124.31759200191141, 36.734254546787135
154.23671381290487, 58.387675153533756
106.24454736600842, 135.0153757508333
110.35677943348593, 34.84505705092757
121.03543555911345, 115.02225228114553
115.72827817176203, 50.22536083606255
135.15273411357396, 149.78111048798152
142.20621455394055, 132.39091371434228
180.3860935184321, 125.71864053517743
158.5530917115718, 22.346492424339193
127.11748493175662, 189.5579489545976
109.72300457735871, 71.90137928822541
156.59888295057297, 47.060453872375405
105.7551422149839, 116.86665230425224
137.64234620728647, 12.932253477158584
119.27634528748696, 91.46452764666768
165.1116662098123, 79.53660627383827
126.90962292679409, 32.6906973302332
106.95294440648301, 63.87784600103221
158.42875861037567, 106.42591798828813
178.77059477383324, 93.73841214688356
159.3646376166148, 163.01610224348642
166.54421986155066, 159.6830127065563
166.75429014917412, 51.70181835163354
118.901716287349, 28.834472234278465
100.19194874618633, 31.72719552530352
113.31541290033046, 91.43738351764179
136.67474058587436, 114.04377085695252
