224
86.25850803996072, 149.84790543506122
23.738714291239994, 153.26000537950247
88.02748807607546, 37.05134432311827
57.70574210718152, 26.80526683389153
53.59849870230911, 160.06347541392708
52.77956114700289, 156.51184369403586
84.5002576447203, 106.61493522050492
19.252874411889586, 109.9024561802386
81.12257487131131, 156.57385794377237
10.53991975433961, 58.62487845588469
75.82601482560958, 82.48038499590011
31.576150334439923, 113.19345946083371
27.137668298293903, 157.62726576139178
42.13631057358804, 155.82358855897132
65.66849693772129, 193.77246012837358
19.160309262159004, 117.24725440552757
41.42415077514311, 143.3683571908016
27.675330089372295, 122.72375553383945
21.227770858405172, 151.4124983213415
59.919621498347595, 100.22018378828147
91.81161493684779, 94.50701890701711
10.287086410817391, 62.62338465094337
49.943854465032345, 79.76425442870847
31.0925181241106, 95.20022267338804
32.20881929447978, 141.8533522433786
33.194386745745895, 139.68871903003696
82.6514958626786, 85.1936952726711
61.765047298859656, 34.49015749942939
55.013126714395064, 173.32138318771945
5.014838170194247, 126.84705758702437
62.36581061467989, 185.23728169649937
43.123678929144695, 66.02005124637469
65.70781553366031, 6.28950017555594
66.82256999866425, 74.85420674274283
59.56345750782661, 137.1404032898004
52.53267424401158, 169.2176691782308
70.9549188309858, 114.12605869444741
85.35675967262735, 8.855680970882984
21.18070617316732, 124.41649257429104
48.073830059614984, 68.6892445111342
74.26097142549163, 169.00792343645915
74.47440322787747, 164.5484714816858
37.574736015338075, 155.16474957119505
81.48195265177782, 28.42025335588838
26.589695882527977, 33.60427224981495
1.6725506503254328, 112.7770178349069
36.522702476967616, 95.65553690398254
39.40943603646534, 44.21133435228348
62.50488614204096, 63.7611346240792
98.5269084916665, 110.61656331699233
91.28453618933517, 15.213105633680367
94.22065832660633, 151.62315124369994
51.5402146023259, 119.38437510924619
46.94391678117653, 179.57230464491113
59.72109273378201, 28.564566224422695
94.38657017629589, 167.4214775737569
93.10427577573908, 13.97716416792405
99.92299306327877, 152.68996388191925
53.59466784489136, 44.27079967405161
30.203194562113012, 73.90000581660236
77.5105186994957, 125.26145454567452
39.43882263690758, 57.86457645212246
68.4092639543084, 51.562420217160174
87.75745733569585, 27.658673083436327
65.69638774818748, 105.95917756138513
55.35294852902701, 81.48765201408305
17.343655500742027, 109.31503407453691
92.7806053129992, 190.392765510888
26.383872464576687, 52.73522214550399
76.18405216477565, 178.42960728403696
17.184965890970872, 70.36493443349762
39.016864406194465, 178.11157547387947
50.38808656185611, 89.30439466537365
31.73964832791487, 71.6117480045637
63.43646355597181, 79.39639128393601
69.81427997367511, 28.22853002418608
61.31478954168256, 65.8131643271731
29.977978405978522, 110.77718756961985
92.92763665364643, 123.36717628686458
36.069008289715946, 91.4891449043316
64.7913199452475, 22.97601433873373
79.30216217004188, 65.88157487132607
67.0545905460169, 48.67097680087067
67.64713875836115, 141.6610720302589
59.02028945997071, 7.2494660785618725
11.816396937714657, 176.44417291794434
42.0496067020177, 101.25318707246775
20.51457100005968, 59.54378554714612
71.08561569142361, 167.76590520195555
60.31067807074242, 188.77421775877127
28.551838257481077, 113.52049927945646
11.080445982404974, 99.21122748746112
98.74714042816345, 121.08034041791984
94.62932614953536, 116.43831234234581
83.71943100281905, 153.71166430859677
9.230847855854062, 155.88045425272267
19.025914366232787, 149.38063911971443
53.90599395018009, 19.61939362519591
54.192982377342034, 32.37984771347118
29.803354700315865, 183.4539706272805
44.79123568852014, 116.6472015299131
35.93889545984803, 168.60120799831876
33.098704301804794, 31.731431228571026
30.55380967397524, 175.43678522763898
74.93833230417178, 195.75930721954228
98.60834960830584, 173.92087943885284
38.8931590838363, 188.9756118185242
56.487507602394246, 50.02136154479733
41.18196787961701, 6.64158278783189
27.670148208634394, 132.04930640487922
4.641380349024093, 72.7103565506507
71.3156941276487, 3.2742500127470153
71.29948434958347, 73.09541127840234
54.653096138476144, 114.6279207923477
5.056552166891393, 36.688247288123186
67.10815146655015, 45.49039808466144
96.68312350844657, 152.15801094522308
63.26023779215807, 164.51816047310456
55.11417809394686, 167.59657845722143
64.4956732319869, 90.53669877773034
9.101889905976845, 67.90871620613623
27.902377002271017, 183.73911112165763
72.10149226918368, 68.93221815200448
16.21599006946629, 118.15101513147764
13.86003217704712, 166.9078244299142
46.67782085109484, 161.13586879753476
69.05606219835882, 8.859955575693213
99.90676362133912, 114.39408470138265
70.78308267841872, 8.675001159072316
93.78507729845867, 193.57473352593647
6.37644501550022, 94.01356505683324
8.980846270150632, 84.3708413832181
26.56505613436989, 36.49320166087031
95.41658481310392, 189.00292734246756
77.67742039299455, 29.873413975731864
67.45127391930595, 65.89948755178014
92.77241664890191, 32.4840703029188
60.485011033927464, 30.649857284803094
71.30905289031566, 60.53451148387114
89.66248990816244, 11.807621276120495
67.50549793208226, 114.57437706372122
27.53589809025557, 74.45684082163571
9.262997551223329, 16.920382674680656
37.18236811113166, 125.39340140737075
113.74149196003928, 149.84790543506122
176.26128570876, 153.26000537950247
111.97251192392454, 37.05134432311827
142.29425789281848, 26.80526683389153
146.40150129769088, 160.06347541392708
147.22043885299712, 156.51184369403586
115.4997423552797, 106.61493522050492
180.7471255881104, 109.9024561802386
118.87742512868869, 156.57385794377237
189.46008024566038, 58.62487845588469
124.17398517439042, 82.48038499590011
168.42384966556008, 113.19345946083371
172.8623317017061, 157.62726576139178
157.86368942641195, 155.82358855897132
134.33150306227873, 193.77246012837358
180.839690737841, 117.24725440552757
158.57584922485688, 143.3683571908016
172.3246699106277, 122.72375553383945
178.77222914159483, 151.4124983213415
140.0803785016524, 100.22018378828147
108.18838506315221, 94.50701890701711
189.71291358918262, 62.62338465094337
150.05614553496764, 79.76425442870847
168.9074818758894, 95.20022267338804
167.79118070552022, 141.8533522433786
166.8056132542541, 139.68871903003696
117.3485041373214, 85.1936952726711
138.23495270114034, 34.49015749942939
144.98687328560493, 173.32138318771945
194.98516182980575, 126.84705758702437
137.6341893853201, 185.23728169649937
156.8763210708553, 66.02005124637469
134.29218446633968, 6.28950017555594
133.17743000133575, 74.85420674274283
140.43654249217337, 137.1404032898004
147.4673257559884, 169.2176691782308
129.0450811690142, 114.12605869444741
114.64324032737265, 8.855680970882984
178.81929382683268, 124.41649257429104
151.92616994038502, 68.6892445111342
125.73902857450837, 169.00792343645915
125.52559677212253, 164.5484714816858
162.4252639846619, 155.16474957119505
118.51804734822218, 28.42025335588838
173.41030411747204, 33.60427224981495
198.32744934967457, 112.7770178349069
163.47729752303238, 95.65553690398254
160.59056396353466, 44.21133435228348
137.49511385795904, 63.7611346240792
101.4730915083335, 110.61656331699233
108.71546381066483, 15.213105633680367
105.77934167339367, 151.62315124369994
148.4597853976741, 119.38437510924619
153.05608321882346, 179.57230464491113
140.278907266218, 28.564566224422695
105.61342982370411, 167.4214775737569
106.89572422426092, 13.97716416792405
100.07700693672123, 152.68996388191925
146.40533215510862, 44.27079967405161
169.79680543788697, 73.90000581660236
122.4894813005043, 125.26145454567452
160.5611773630924, 57.86457645212246
131.59073604569159, 51.562420217160174
112.24254266430415, 27.658673083436327
134.30361225181252, 105.95917756138513
144.647051470973, 81.48765201408305
182.65634449925798, 109.31503407453691
107.2193946870008, 190.392765510888
173.61612753542332, 52.73522214550399
123.81594783522435, 178.42960728403696
182.8150341090291, 70.36493443349762
160.98313559380554, 178.11157547387947
149.6119134381439, 89.30439466537365
168.26035167208514, 71.6117480045637
136.5635364440282, 79.39639128393601
130.18572002632487, 28.22853002418608
138.68521045831744, 65.8131643271731
170.02202159402148, 110.77718756961985
107.07236334635357, 123.36717628686458
163.93099171028405, 91.4891449043316
