128
78.6168017911558, 180.6015653487923
93.30078702305241, 117.49253710028947
47.745392782675744, 74.71907596484616
76.76601218770452, 181.0876352060379
84.41215851750744, 22.20877611497418
98.42838866832682, 37.08916665356541
95.09091205935559, 155.74132602972588
25.33515081476404, 81.05085327655625
84.30960520003352, 135.09251556035588
54.381393986576285, 183.80033123394855
87.12104640250548, 89.39647177252772
81.03373372364516, 139.1631803464921
83.99085147955773, 27.824300507361244
35.783865324695, 88.80641439272614
60.85738680038265, 50.38336007601274
31.12246906794708, 161.04537131139796
57.960538283312935, 56.47480813021215
86.74791900307174, 40.63577161979717
9.20640199055639, 121.7353280202101
87.6582140074989, 6.836495473771365
33.49523244255737, 92.86428698656748
32.3770902911734, 80.73574322390193
54.501291185047975, 47.67020708480343
86.29735425213448, 141.09665050376074
64.72752420695288, 75.21971255711131
95.62728376507002, 85.53130451643527
18.35626323261701, 155.73506348598215
31.737778642135105, 148.13378511897545
52.70144859198933, 179.84972045823056
59.01914368659532, 72.05888127517284
56.93546172708639, 80.28649426177145
94.38300804737881, 127.26490711733433
51.881267688577815, 138.46870867134032
89.88249348791665, 52.379651992267796
47.422208471930674, 139.69569850588252
69.10799568259141, 182.95337965838218
43.96608788222851, 147.66926713584238
62.66547663773909, 117.37010620694504
53.75009459467313, 44.92404599098572
32.05370513472571, 154.58291452479676
80.45559144417228, 145.2835752010505
75.76507673180173, 175.5579636076668
33.970761122803985, 168.70473518051364
18.82709279958279, 104.8950420028797
29.21571095797615, 50.71684115103303
45.93613854506985, 78.8523361612951
56.306840080222386, 171.9710531022344
99.723327100996, 177.17553886799678
192.88647468021034, 120.26725061117492
121.3831982088442, 180.6015653487923
106.69921297694759, 117.49253710028947
152.25460721732426, 74.71907596484616
123.23398781229548, 181.0876352060379
196.2940261037805, 111.42051792634582
115.58784148249256, 22.20877611497418
147.46291971059838, 72.57399787512094
101.57161133167318, 37.08916665356541
104.90908794064441, 155.74132602972588
191.32362458543633, 119.89299738597106
174.66484918523597, 81.05085327655625
115.69039479996648, 135.09251556035588
145.61860601342372, 183.80033123394855
112.87895359749452, 89.39647177252772
118.96626627635484, 139.1631803464921
116.00914852044227, 27.824300507361244
164.216134675305, 88.80641439272614
139.14261319961736, 50.38336007601274
135.05420610590625, 28.993066444930204
168.87753093205293, 161.04537131139796
142.03946171668707, 56.47480813021215
113.25208099692826, 40.63577161979717
190.7935980094436, 121.7353280202101
112.3417859925011, 6.836495473771365
166.50476755744262, 92.86428698656748
164.48913945790073, 173.44374527487903
161.7322018323624, 54.72499090036731
153.02986311194874, 173.7911979915316
167.6229097088266, 80.73574322390193
145.498708814952, 47.67020708480343
113.70264574786552, 141.09665050376074
166.90747730884277, 75.22890363024793
135.27247579304714, 75.21971255711131
187.4982900357933, 56.77113474057543
178.74531899777855, 102.53020505634379
104.37271623492998, 85.53130451643527
114.55472363674839, 67.75887113363308
176.15173184673586, 43.13621293582071
125.5466347544251, 156.4190288301277
130.69510141309624, 115.12202040232991
123.20941534322667, 40.68527679719436
133.2926349733175, 74.31854593418952
192.9734665086906, 111.58440814548172
181.643736767383, 155.73506348598215
157.56432561803362, 138.18992187304835
161.42326843232433, 156.98548187720988
164.921964929343, 137.38283844652494
168.2622213578649, 148.13378511897545
182.50934416663355, 140.8951418917796
176.2877226742818, 157.18466175629246
147.29855140801067, 179.84972045823056
140.98085631340467, 72.05888127517284
143.0645382729136, 80.28649426177145
105.61699195262119, 127.26490711733433
148.11873231142218, 138.46870867134032
110.11750651208335, 52.379651992267796
152.57779152806933, 139.69569850588252
104.84512070392593, 132.6109922799672
129.93268525901885, 23.126238231341812
130.89200431740858, 182.95337965838218
156.03391211777148, 147.66926713584238
137.3345233622609, 117.37010620694504
146.24990540532687, 44.92404599098572
183.66133845688015, 108.87694284332684
167.9462948652743, 154.58291452479676
146.4004619652737, 159.9039575946121
145.40458547686723, 153.68313766626045
119.54440855582772, 145.2835752010505
124.23492326819827, 175.5579636076668
166.029238877196, 168.70473518051364
128.07944373629454, 185.88471367787162
181.1729072004172, 104.8950420028797
152.43866269557083, 102.02486913353846
175.65183781785336, 140.7805771622649
170.78428904202386, 50.71684115103303
154.06386145493013, 78.8523361612951
143.6931599197776, 171.9710531022344
100.276672899004, 177.17553886799678
104.20175510588311, 70.54593405900529
