224
84.56995059560768, 22.927198066053343
84.53486686398651, 191.68702442579502
77.18592005911408, 167.64152885537737
17.228488272477918, 3.8426997961603693
54.785006497128315, 33.88329076862676
84.28536921734454, 161.99426824319022
97.85825006059227, 46.83960950780316
43.97520231721022, 157.62187702693853
61.69716009437019, 44.28853044892437
28.45144669309697, 86.6653008858621
92.90108548282767, 141.2917925692873
93.19198438057933, 34.76098456051704
91.87804113852121, 196.05334497123388
74.9155523143385, 0.2934686600940708
9.46583195903753, 137.8034571616913
71.98261451235638, 53.15744102710467
95.36188842830651, 197.98305441784225
12.089831824960314, 173.5129171021029
12.374607424443496, 44.33740954136249
8.340621394628172, 77.06470713817743
45.33254561263202, 144.17103772643466
41.723890194100676, 195.95699780174976
43.61400691617756, 121.2823529005334
76.162690104203, 49.79185320328705
11.59922761280287, 135.10056564713005
89.03387757921061, 119.82774227973442
96.14880597536984, 107.53483070003382
28.817974426933404, 65.02065331994154
66.18835893161241, 23.66434843304728
28.80931305555454, 125.35250395328455
67.1621603181311, 26.913807001903535
57.42702857454683, 162.7489647490736
14.044682527077093, 153.45188248089602
43.531803482716626, 169.91044514154564
94.90223281977438, 62.80306977373942
64.16804442980734, 43.75374207747693
13.01030674978958, 102.45858448932469
92.89477671886263, 66.29671785905735
34.586984886180645, 194.11241559854855
57.19761811043412, 159.096354304947
16.658515775251942, 109.72916199135176
30.557139366862216, 159.42564379346808
31.28751638984493, 41.635331845969105
39.93168432359697, 93.13587224012963
75.37689071588198, 46.202323781027694
59.65140174195527, 66.75589830284773
33.097752913922236, 142.00086038647598
69.44309777424678, 165.90109067620023
74.05330539699521, 152.4234961793673
22.84904766196835, 160.23100538228906
57.938417889407646, 180.29110896076025
70.76942991599115, 81.70915416098379
20.901790961564437, 115.89221486504721
56.44160432864085, 27.255553806027955
83.44214985308459, 48.11674651846097
85.6076527048056, 129.14900228082945
92.25815496063306, 82.30826536148173
39.223908679734784, 161.367387712092
69.43227130397425, 1.760013628271487
16.464205706531242, 55.2023874530476
30.269045976395773, 9.67157536317599
77.78697379195175, 111.42375251998155
69.61457972742888, 148.08733482980395
97.14043400233399, 62.57626371452605
58.29234221337072, 17.725986390007698
73.9812074596825, 119.28752822574928
18.93070929251507, 89.3360748189053
68.37647666441859, 91.38896679963754
84.78244857525478, 6.743462570119373
95.28440028564806, 159.50973833256154
92.56375461194978, 183.01164005266148
56.12233092550277, 61.802054091985084
67.4129860439956, 21.049215625104708
33.235256356315595, 24.52132984422005
16.834827009896443, 17.962771917634925
13.543834198436233, 60.89635424732589
78.46076083093975, 173.78937358469432
27.918614861103784, 60.11047835202301
63.140206822021824, 124.81365611332217
59.19952366145681, 13.295095547381138
26.981772446940155, 112.6853685459748
68.72443940051704, 143.4635181139918
13.311369671687789, 184.5274176567732
74.19421397782385, 54.7386735329104
81.60521642476647, 42.634562414707624
42.63530520802777, 154.95079429550006
35.66161360294243, 56.03390677564739
77.55571115839581, 28.690021885340645
23.99144515086451, 103.93391146888892
94.24616214954857, 114.08651945521777
88.2308866830742, 93.68560689215289
33.26234149992901, 40.58607302980137
73.72953923627203, 157.7800631010754
92.15722641820398, 38.81576970199569
81.74052041784175, 85.753647945387
88.55360211186768, 43.524580336427235
88.48714587901637, 32.19248861271748
3.643118332881179, 27.099596452526107
79.02838401803842, 135.20023593100504
3.082019932826585, 32.521649311315315
92.51086865240403, 162.0026118149344
90.64506071602575, 123.86586045022486
78.24350242457952, 183.87189567226545
52.38969591433025, 54.174189290661424
25.824031363715672, 195.7496783208415
39.72531257823415, 116.03464218369378
28.670329676415697, 136.12610073002944
51.429841215289606, 66.62609096561327
81.92791166348887, 171.02615852861268
95.87915484729295, 19.97436400620871
44.43093602047523, 181.27317962454887
46.4471947954374, 43.20312056303797
10.548361606127067, 54.82489265010821
94.63389820344928, 171.5072955287821
91.53404731634002, 60.65426137496948
21.40313685451174, 32.88709011190196
74.07166982807615, 61.49389862878822
77.91204160813004, 61.566269646997185
66.78787646014094, 188.05361674541916
90.65513788389336, 91.49455515006073
73.05181159429492, 168.4523606354286
64.35184531326466, 10.867647156825267
17.74438330634065, 192.267484827036
85.7725771885405, 198.56655179270177
46.28301284316303, 155.00118326795632
15.452832660784887, 64.05962147577134
2.128694129279718, 180.561986890338
16.577734254918987, 121.90910614761677
15.59781593948728, 199.60042607715138
30.51293420193827, 100.15766900408565
14.483626783244164, 58.129282371655734
71.87016565474839, 59.88169412111082
72.01456268682348, 21.058403103266077
68.19853162876868, 133.72863136899426
97.22409347627878, 128.7174762813091
57.66106478969311, 101.18748048294506
36.43196549135822, 77.61143876388697
35.395951682463256, 51.7703543188345
0.4397509752883222, 80.0627502805838
76.959447115898, 130.90313779329955
41.72620064060867, 150.6231474463359
88.13783129722282, 62.32429515928326
84.86757160077266, 21.01334939096111
27.11104302354267, 132.40048250151958
172.32776460173514, 49.90303980176278
121.84074894114488, 186.66881672617677
122.81407994088592, 167.64152885537737
109.14851527088031, 3.0004941891823567
117.45218270077807, 72.31200177164799
151.82214282129743, 170.94612982930434
162.55201548187716, 119.14513570679914
169.345054863117, 165.78525612367508
118.52766830711444, 49.40291056157147
106.77509492225998, 54.19646516031793
101.68939898831432, 158.90024918723148
106.80801561942067, 34.76098456051704
161.2427769561732, 170.91589583934694
141.48463725374947, 42.36629151934168
141.40443832118635, 68.9045486323809
152.85973774492257, 126.9843668731871
105.58274785671391, 174.97402787619495
110.86289423894246, 185.7291234365629
118.66973961161096, 34.27052194810025
113.96974094603543, 107.0104350234755
128.59806263922897, 74.35912897407238
194.19074933181219, 126.45043713404907
135.91902211402515, 80.80088680102122
164.05790048194328, 35.172244677320805
132.27412494165094, 98.53007511259439
142.25945701854894, 150.3434373734997
103.85119402463016, 107.53483070003382
112.76236976289086, 1.5871414486190005
144.01708796692017, 37.55701474384263
115.4871429931362, 143.39927556848616
132.8378396818689, 26.913807001903535
187.829227237965, 86.64868329565782
153.91038439519144, 137.3438041165485
156.4681965172834, 169.91044514154564
112.86539048705197, 28.48641673978023
139.79592575824762, 9.942735276049252
186.98969325021042, 102.45858448932469
136.74468513452706, 111.4020757274492
141.33864908521727, 145.15832642916075
180.1687511129176, 110.8688390986356
155.56657677985294, 49.22218477864655
169.4428606331378, 159.42564379346808
107.46505168130803, 75.71315722126515
163.18605606726194, 145.222831989125
108.71538179563697, 21.085777141501303
116.16723662273088, 12.19953544417589
157.73322903826255, 123.35204636155726
143.25836326327092, 112.84977534189441
108.14115472360261, 194.31614301822063
158.6863540351356, 99.76984976901457
188.831267697502, 139.2746524085052
129.23057008400883, 81.70915416098379
132.87624478470704, 173.53528244344736
143.55839567135916, 27.255553806027955
192.23796779221587, 110.74885210629893
114.3923472951944, 129.14900228082945
107.74184503936694, 82.30826536148173
154.88896216269504, 105.70791236041386
164.92802591657852, 32.37803269899877
183.53579429346877, 55.2023874530476
141.2409434954396, 61.03779921986465
159.39439220738473, 74.39887315235956
142.29095794036022, 143.248686332864
124.50836495903582, 106.15395228454064
172.58811810372933, 45.543070629089065
192.6596495826915, 66.1559777652238
181.06929070748492, 89.3360748189053
144.35475896074036, 41.84054878254564
125.5542371764445, 10.315230856752589
125.32902306811609, 107.81989311088121
107.43624538805022, 183.01164005266148
141.1556756033392, 88.52805839102247
150.53996776392154, 78.38326907201194
107.14138050713883, 33.03323191078147
118.32863699165549, 95.21261849103794
186.45616580156377, 60.89635424732589
165.0389475020436, 117.08805819760784
172.08138513889622, 60.11047835202301
100.55945441940469, 48.75640952670215
118.10366959843357, 85.05437151035571
