160
28.430977505809075, 127.86531691191045
56.82824556263269, 113.98703459265742
81.80067571138744, 40.30240522219517
25.483004731946192, 60.839573932651156
13.756538711232459, 130.5684393454519
56.64229180565724, 94.46252808220018
63.94581187988674, 41.37241811699048
11.90154377730681, 64.53199955591624
80.31293690932789, 139.76090286403738
59.81294827901793, 96.90801239967696
20.46433632022119, 157.01676010477232
45.26016366275173, 33.93958368940668
94.85979204850162, 141.5091276544564
44.93267527599109, 61.843786172439295
92.94520921374608, 97.66329388205777
62.29527326426886, 60.75288277265158
26.73186765525305, 42.48629648740294
37.76495520995768, 166.92632323669028
85.6293504953248, 169.70837857268293
88.2553416229462, 198.91983820552434
81.23617575629389, 80.65807271481917
85.31673257114231, 62.66031633515456
15.974354722232484, 76.7104995901948
45.82871507736521, 54.04798260671011
97.01374345761892, 167.96226751843886
68.30332848418011, 62.581013961499956
85.82597453095619, 111.0080186680098
85.46650206555383, 99.03639883177983
85.29558522899133, 130.6153858072734
91.89337810523836, 78.91849699416153
98.04792504891599, 98.14262428050341
34.93424835121122, 37.44752147272872
45.024686518956685, 36.53280146529566
69.04501409950502, 173.08775297402246
99.80094218712816, 19.1180255223546
42.58745431452311, 129.32716049742262
66.16060866509132, 139.10080745449514
76.66534127229282, 136.4424676798539
16.39236881905598, 98.17895654763984
96.60974982336886, 143.3971883395638
62.921350780051895, 11.895768768477355
63.562521267076, 28.888392436651532
88.46219261550563, 34.38963778737367
83.34685971131753, 86.39172159796166
88.86213024433268, 51.002424055053666
28.40445926661842, 51.4983039118061
22.997720966863756, 68.19594139901682
15.803274638968034, 95.4515157846723
60.77948119059762, 73.8070317811198
22.589583252214645, 57.227346779237735
51.965697868639104, 53.675895467778155
32.240767095107216, 128.49524374547957
34.916978805707224, 52.57933291335979
15.770933205916371, 69.99171952301286
57.14229517818594, 20.096518355703765
98.74130644107264, 70.6759963517837
39.44936896576389, 40.945358464269674
79.24230543768317, 6.032622264620684
62.23839254866244, 51.27629706153542
92.31805897367657, 102.78465399064484
92.30525408334063, 157.21509524502778
7.717799419154536, 138.35399158209003
61.80136020410174, 28.759713060047964
52.05893334455358, 46.57183103315459
86.2406867767586, 82.03204976440033
23.89520543103618, 147.8837974973118
23.75832165866738, 106.43861356823794
51.236949119326844, 144.74378905120696
19.902081866247322, 124.56290510927323
60.52475942915289, 135.47595221412865
30.034272965443247, 181.73356677322954
36.05453026078409, 117.10209525500824
73.69356162015285, 146.08173159861371
95.42490010308143, 168.34054061600366
72.55374015670952, 189.43305937731824
42.4182745026187, 20.60644331329322
22.72883280367707, 71.18390746216672
5.783076831116752, 133.11053409413455
48.85439289491119, 146.60729424381432
54.14181030274895, 166.22044250192613
171.56902249419093, 127.86531691191045
143.17175443736733, 113.98703459265742
118.19932428861256, 40.30240522219517
174.51699526805382, 60.839573932651156
186.24346128876755, 130.5684393454519
128.41740468690062, 43.78490614731163
136.05418812011325, 41.37241811699048
184.0622771834589, 93.1534830858809
119.68706309067211, 139.76090286403738
140.18705172098208, 96.90801239967696
179.53566367977882, 157.01676010477232
154.73983633724828, 33.93958368940668
105.14020795149838, 141.5091276544564
133.66786463234737, 36.936155858942584
107.05479078625392, 97.66329388205777
137.70472673573113, 60.75288277265158
173.26813234474696, 42.48629648740294
162.2350447900423, 166.92632323669028
114.3706495046752, 169.70837857268293
111.7446583770538, 198.91983820552434
118.76382424370611, 80.65807271481917
135.5129757926946, 105.7532359358174
121.20748227931544, 114.45489039734125
154.17128492263478, 54.04798260671011
102.98625654238108, 167.96226751843886
131.6966715158199, 62.581013961499956
114.17402546904381, 111.0080186680098
114.53349793444617, 99.03639883177983
114.70441477100867, 130.6153858072734
159.89808982999585, 55.413593791130936
103.63050096153589, 165.96297567532488
165.0657516487888, 37.44752147272872
144.56141960812857, 109.37799431743791
130.954985900495, 173.08775297402246
100.19905781287184, 19.1180255223546
157.41254568547689, 129.32716049742262
133.83939133490867, 139.10080745449514
140.9121473197444, 166.6837710946629
165.94511698595295, 130.62593979669188
103.39025017663114, 143.3971883395638
137.0786492199481, 11.895768768477355
136.437478732924, 28.888392436651532
111.53780738449437, 34.38963778737367
116.65314028868247, 86.39172159796166
111.13786975566732, 51.002424055053666
171.59554073338157, 51.4983039118061
177.00227903313623, 68.19594139901682
184.19672536103195, 95.4515157846723
130.18619171255818, 19.725190902770294
155.24104861104738, 44.851555460125866
148.0343021313609, 53.675895467778155
167.75923290489277, 128.49524374547957
165.08302119429277, 52.57933291335979
184.22906679408362, 69.99171952301286
142.85770482181405, 20.096518355703765
101.25869355892736, 70.6759963517837
160.55063103423612, 40.945358464269674
131.94808261628788, 51.93457915791389
148.5471844794936, 48.72842367467971
107.68194102632343, 102.78465399064484
107.69474591665937, 157.21509524502778
192.28220058084545, 138.35399158209003
138.19863979589826, 28.759713060047964
147.94106665544643, 46.57183103315459
113.7593132232414, 82.03204976440033
176.10479456896383, 147.8837974973118
176.24167834133263, 106.43861356823794
148.76305088067315, 144.74378905120696
143.79426889426287, 149.3804020551011
139.47524057084712, 135.47595221412865
191.31424775608886, 116.86593831492598
163.94546973921592, 117.10209525500824
126.30643837984715, 146.08173159861371
104.57509989691857, 168.34054061600366
127.44625984329048, 189.43305937731824
157.58172549738129, 20.60644331329322
177.27116719632292, 71.18390746216672
194.21692316888326, 133.11053409413455
151.1456071050888, 146.60729424381432
145.85818969725105, 166.22044250192613
