208
55.041183193707944, 31.596507270844754
91.04446592626849, 184.8117504018406
52.20823433036305, 93.38343139605807
72.9015212816952, 140.76963714373917
43.00563571008389, 176.68709058139711
85.8317046474886, 65.1387777488941
1.7326665188631463, 87.08306347763934
86.82696739259181, 57.683815083205836
84.62186426170608, 168.94352409901538
89.56328184272235, 49.3350003819629
73.87712279887516, 129.15437376917467
97.37290859656558, 184.51465894722855
25.243439675619005, 119.2239273899116
47.24716030706438, 134.02650738772647
80.63075058124413, 143.76612906184852
70.78679259974146, 119.07975102099057
56.08168397335128, 69.8517148388836
53.134493770778924, 51.21617974097652
99.5755883881779, 196.42989584794168
63.16082211736741, 102.56843605182596
54.021652647092246, 108.12698555489355
12.353508742553931, 58.57488258214052
88.44254250442445, 168.7462104710914
39.26714388373295, 123.14027539612644
70.50337892863374, 14.902812356461247
84.13600086727753, 19.09903143351819
11.604711430602476, 145.7167086634609
59.01053938221441, 97.10310143304713
14.499427011863053, 114.96836407567086
78.3241963040737, 75.19028148177713
38.2057207907502, 57.666611571340475
39.121156103078114, 95.78907941738454
77.49795395420843, 27.709203203100596
21.929235061864695, 47.314511856303085
62.651508217039755, 54.55485031130949
25.509261786327897, 93.28162059800727
86.58999121476812, 141.72531630407053
41.065800830049994, 34.91056733433213
66.69416528853404, 186.95294368766335
95.60278913823595, 90.11871512183198
11.64686854337933, 127.33027693369839
87.76812393576331, 13.487255127951126
74.64835719470929, 190.97846970466452
54.85347676460898, 24.616965888216846
37.97227827792583, 104.97402179193422
63.90559091178968, 169.89788216375513
76.89288577076019, 47.69764886275698
77.6302761846719, 23.136788911161222
43.96819784775747, 88.6644830048675
66.36630960291512, 125.27297480094946
84.57014715744248, 156.50609530487333
23.366669822035323, 59.42539684896335
17.030335647156924, 128.6998205534239
70.53311088669173, 113.38445272289219
49.19886866810593, 144.58855120876277
87.64644742145799, 178.6029255350419
37.23981052696362, 110.00970215075397
83.83262288394701, 177.88983572852172
67.4628908539383, 132.62636111720866
67.3270271429614, 20.60078764635376
25.565299294366174, 50.71504782888396
37.17976361945691, 75.54472670815653
82.24447351455481, 105.56754758127435
85.98068223584431, 15.332557540483904
51.904076244277434, 135.27390555353853
44.20646560913087, 157.5511113496663
85.27399198631845, 90.53513970983896
9.442843018249736, 83.82295980239125
26.97542204184662, 151.60618567563014
11.19415812087391, 87.02437819998188
60.0988556886165, 165.77369473887282
80.35481891357755, 195.08241343579027
38.9144925647564, 62.97046789792646
90.9269453904193, 137.15098920721775
26.506448793946568, 122.63221824764318
20.561548457060084, 72.13908326958796
29.980639931478336, 141.51170823461047
78.95000344180713, 166.99374616727974
33.42300270967272, 130.3635378789603
93.28639322755328, 33.61776635612743
66.72653139523163, 167.75147867028204
41.138912709987885, 51.9136628129754
17.305752705228173, 82.9899586991111
22.070984355682334, 81.94299903651638
72.34378737460551, 53.68344078306466
39.36429273021531, 77.2969401831028
58.75300868563301, 114.34512784612498
97.08565310766363, 132.4887786667075
26.953797245015476, 110.66280261008762
72.92119519621822, 84.96998001189262
60.2276074796967, 190.77838120563356
85.50998387828952, 83.94131437765388
45.30733584516995, 16.268092021735914
42.69567293351879, 118.87679234237156
58.3337865074028, 159.6598452248877
22.100099255713758, 21.39351916988104
81.06021902261497, 55.828409820785716
65.04447541408695, 162.79618538562627
87.10239598642747, 81.68017937038088
72.99839133656349, 17.063058099914173
16.016613580640737, 3.317750921311169
89.1987173301128, 190.4935264303279
41.43988187823534, 20.509100884071074
72.13741157096916, 100.38968619961241
59.92435983991603, 11.14782325775634
86.25336229046536, 130.71976061027422
66.05015116091774, 70.01547925945246
44.483799204915584, 68.276741813417
69.08221517731286, 52.516368335599694
70.10334275378992, 161.484323367899
78.38095502064378, 56.62317200715508
78.56478426884277, 97.02067824801071
74.01651706599587, 80.08586760458194
53.29160080435026, 121.60169536616516
40.95862282624185, 68.84176094596562
13.458233757510685, 102.30392311341248
88.46345110596661, 7.549395374602708
29.5003288614219, 48.506370983558455
50.97643946954204, 138.42924000707598
46.85025463479284, 100.31685879783605
89.92758261667458, 148.35867657974012
12.096135473610858, 137.67294582922392
43.47098126270617, 90.89897681679962
76.07031598758537, 57.848694387231724
11.203823673850643, 152.429299434324
22.40546803382706, 191.37363648913282
67.56326245470378, 30.060209117175575
57.81315871679789, 185.45094395228932
144.95881680629205, 31.596507270844754
108.95553407373151, 184.8117504018406
147.79176566963696, 93.38343139605807
127.0984787183048, 140.76963714373917
156.99436428991612, 176.68709058139711
114.1682953525114, 65.1387777488941
198.26733348113686, 87.08306347763934
113.17303260740819, 57.683815083205836
115.37813573829392, 168.94352409901538
110.43671815727765, 49.3350003819629
126.12287720112484, 129.15437376917467
102.62709140343442, 184.51465894722855
174.75656032438098, 119.2239273899116
152.75283969293562, 134.02650738772647
119.36924941875587, 143.76612906184852
129.21320740025854, 119.07975102099057
143.9183160266487, 69.8517148388836
146.86550622922107, 51.21617974097652
100.4244116118221, 196.42989584794168
136.83917788263258, 102.56843605182596
145.97834735290775, 108.12698555489355
187.64649125744606, 58.57488258214052
111.55745749557555, 168.7462104710914
160.73285611626704, 123.14027539612644
129.49662107136626, 14.902812356461247
115.86399913272247, 19.09903143351819
188.39528856939754, 145.7167086634609
140.9894606177856, 97.10310143304713
185.50057298813695, 114.96836407567086
121.6758036959263, 75.19028148177713
161.7942792092498, 57.666611571340475
160.8788438969219, 95.78907941738454
122.50204604579157, 27.709203203100596
178.0707649381353, 47.314511856303085
137.34849178296025, 54.55485031130949
174.4907382136721, 93.28162059800727
113.41000878523188, 141.72531630407053
158.93419916995, 34.91056733433213
133.30583471146596, 186.95294368766335
104.39721086176405, 90.11871512183198
188.35313145662067, 127.33027693369839
112.23187606423669, 13.487255127951126
125.35164280529071, 190.97846970466452
145.14652323539102, 24.616965888216846
162.02772172207418, 104.97402179193422
136.0944090882103, 169.89788216375513
123.10711422923981, 47.69764886275698
122.3697238153281, 23.136788911161222
156.03180215224253, 88.6644830048675
133.63369039708488, 125.27297480094946
115.42985284255752, 156.50609530487333
176.63333017796467, 59.42539684896335
182.96966435284307, 128.6998205534239
129.46688911330827, 113.38445272289219
150.80113133189406, 144.58855120876277
112.35355257854201, 178.6029255350419
162.76018947303638, 110.00970215075397
116.16737711605299, 177.88983572852172
132.5371091460617, 132.62636111720866
132.6729728570386, 20.60078764635376
174.43470070563382, 50.71504782888396
162.8202363805431, 75.54472670815653
117.75552648544519, 105.56754758127435
114.01931776415569, 15.332557540483904
148.09592375572257, 135.27390555353853
155.79353439086913, 157.5511113496663
114.72600801368155, 90.53513970983896
190.55715698175027, 83.82295980239125
173.02457795815337, 151.60618567563014
188.8058418791261, 87.02437819998188
139.9011443113835, 165.77369473887282
119.64518108642245, 195.08241343579027
161.08550743524358, 62.97046789792646
109.0730546095807, 137.15098920721775
173.49355120605344, 122.63221824764318
179.4384515429399, 72.13908326958796
170.01936006852168, 141.51170823461047
121.04999655819287, 166.99374616727974
166.57699729032728, 130.3635378789603
106.71360677244672, 33.61776635612743
