240
59.03907968420347, 143.0300529998484
71.43558123602264, 175.3092343229034
21.477873635242876, 38.75745546424976
32.2106501279679, 60.058632290255645
41.708346282023825, 79.22092668114557
23.628118801106694, 63.9141192430681
99.13600313706694, 32.74871159079709
83.86058127530346, 169.44297597383255
24.23996165880851, 22.24626188918937
8.395060918201175, 163.06363320924063
46.012100786272924, 129.59076343521474
89.92667856236604, 158.5442760913877
7.924293470553611, 102.70186073199784
68.48375094189927, 181.98858829009515
46.81210765926396, 95.8512912943977
60.50630123829235, 194.20569801940258
10.405000034092268, 126.74734661863239
14.529511439342038, 124.16886666704718
76.42051128051993, 51.38284102477811
93.8984559403015, 175.1260366418539
61.7885868442546, 58.066092885564345
30.308536299540414, 84.30398338381087
16.09810373112184, 53.55518764182078
91.24196245141272, 101.40464225548077
44.935983489771324, 104.3400094777345
26.53221131445703, 155.26382409464253
55.45039106451969, 93.01096540701906
35.58363974014355, 67.64557567700174
15.152315442880209, 103.64597061065984
46.03374421625878, 103.0679112045696
3.39507117653217, 1.9660449204442685
47.60071730853438, 148.29211475787963
29.49627103668937, 141.80994207127603
41.75068735273838, 55.90078729403579
45.24282013795684, 23.60719851474724
58.793060710026886, 106.35133298813939
54.53750232994313, 40.04169416680824
32.92987123342223, 112.38889746061434
24.866988917899384, 155.5492688792625
53.74958812817438, 64.33914416266606
60.97895057311834, 91.13920331955455
23.041645066463317, 86.88542155421527
87.42893202736735, 119.5157570210359
6.303413055291621, 30.728955994321012
13.836961854980272, 89.44621097167476
26.92331732626517, 115.89176597543518
88.49114987786989, 199.63728282100072
67.68527096817311, 127.72992288254109
84.468978521145, 47.444557975294764
92.61197453711728, 110.47490497732262
42.201888498968074, 98.37119706607686
90.42570772217044, 131.57960969063782
15.333497078936219, 93.47801264093516
23.30307528427815, 60.89762334617608
93.98753627970872, 137.20741566429444
51.958175789752474, 145.49010184921593
30.01257908981399, 129.55047993962825
95.05097632000773, 125.74118120741741
69.03921888106785, 115.66041596184566
77.21129947728338, 146.66112881226448
13.227429617042112, 94.18483627547353
92.54823573155558, 59.05390047727853
24.628312331106486, 122.15125698688408
52.31038009935149, 99.17641861270836
96.17510176815718, 94.7811392401206
42.384914150044956, 63.47546133338355
20.301369181451726, 65.19338462684951
19.007189456133318, 50.57548841143171
56.728842423755665, 125.21130084036338
65.56243369338654, 126.1034513390109
16.526321533869798, 66.57825217780052
76.96720851075885, 183.6433151356742
96.59617213445433, 98.07011203190476
93.92486711994273, 115.29013730111073
4.098663601736398, 141.7572508994784
92.6815137250208, 74.07300486582506
5.853998581095446, 35.26048766442986
28.951903623118085, 103.11253799233673
23.662621279202085, 102.75786953937816
21.820925058215686, 198.79699667852083
93.84248198027267, 82.89450155242928
42.6179777479751, 141.09107406166476
99.34686107913583, 24.801034006402922
72.23766759479052, 19.559244224810147
78.0345063839552, 46.24448648950157
84.78439261882667, 163.49921828907682
99.42904752726497, 144.5893673439489
88.94833696766166, 112.00192738082342
84.8850550623698, 172.85734734645192
70.08758402463863, 121.32603151944241
2.939422312661555, 36.41097633620933
69.82987476788615, 112.89612993152582
23.40279188117926, 72.49418043544
61.15731268220338, 81.50130293265916
77.83251207427443, 135.94138854838923
89.64600793626411, 43.936777441016716
83.92980257313496, 54.05587471359201
24.993329862956436, 2.4517274762531738
28.69294575368384, 83.49270555867558
46.95282403414514, 79.37818977974193
20.748830948830268, 184.09461883119576
32.04663530720781, 7.265654439622504
4.367804728472924, 54.68262026150927
73.05427861526681, 126.82464740087495
86.97187286902712, 80.74349525298565
98.11461570296345, 199.77973529434908
84.95348021910742, 127.17271044084997
53.09772021527165, 137.59738317833973
27.079954074961222, 50.49655414835365
72.03505944193819, 144.04289497058446
41.31314839307708, 192.0239268282624
27.072969807595392, 77.06111315025123
88.13015571729261, 71.1540687003824
84.8594904880074, 110.135808490827
98.01375646895626, 10.501951828199573
75.60698371411048, 192.32444789215108
56.26109771027108, 148.84321969709237
50.31811942694595, 145.20119763397997
66.31085297406275, 165.5862613908205
6.15160903666685, 142.63544074659075
71.38744195558176, 56.84449795543218
89.13540157322979, 65.81921434693096
96.53901560628351, 21.099658565916023
57.104370254565595, 100.0283237695762
47.64515026364442, 193.04797332809463
7.642757842373449, 127.7886769691154
58.723392773222486, 68.06171064686359
54.18400565178379, 139.82355853295218
53.97005638705673, 15.700116360242555
75.20116663381951, 149.55844618015524
70.81833218100448, 84.5743064587679
27.331108857675456, 12.179537156474819
89.02570758794413, 8.06147334131213
1.0605972901327587, 142.88984350519948
99.67604761225098, 122.2176231604317
75.523819992684, 19.808383600462864
51.06268413293432, 50.117620321943846
16.221559662169906, 107.37237851998141
64.83094260012902, 33.19590774978833
68.92002545825763, 65.25178419275086
60.83083167875759, 83.13168712496494
43.215044055308226, 125.98519316995977
8.332701221838345, 16.530659728254314
67.39194725024574, 27.358861283022627
30.65012211528345, 67.87763084869755
63.92935931403163, 146.29342402380794
56.995737055597026, 33.99704047822007
95.15567762262228, 109.9087329150076
23.005824828921217, 80.90384297428928
60.438470211467475, 178.47594232964684
66.52171743674525, 130.17995187340503
55.43949814833255, 57.073400336630066
91.23906415126652, 197.1215984857644
18.544922715523626, 103.83957479701415
88.96630639416674, 11.731930564444259
43.30077194187994, 121.5497544370214
84.94201444469053, 178.91969336355368
95.39996039745023, 38.71512225171012
11.550949860468462, 99.53292874785696
0.675515624010059, 92.80334490616173
104.10007398425168, 134.01645882189078
125.96702748961263, 115.60221902025438
196.4414192659632, 87.62413082570224
164.63250312845014, 42.888792287904124
139.62936823461945, 102.76664603906728
108.91650027489617, 109.39753971533506
145.43069952479598, 61.70729325711661
135.8948026582092, 160.35054067776835
157.8928791977757, 48.31578204084177
128.6455881173723, 134.4135550105974
100.43618782711447, 188.08648409482169
112.65787088063297, 136.3254385362454
175.09845156867814, 46.449127612583176
142.60234315406666, 177.14310170924932
100.99264696693126, 151.24481870145857
104.2343198832393, 147.7764630917623
149.95884399218187, 159.6657688742108
145.71905205708367, 142.091812877579
105.10651534701903, 70.32112040766346
144.00427810770466, 118.03623171206034
185.78051894685842, 127.06633938116659
119.71242313047583, 28.778586905628888
133.15193691004458, 115.19236974687286
157.5446875015695, 132.99747486944617
164.5147522099758, 125.9245555421461
134.64324884657879, 104.72818788611598
140.50189785264206, 146.89230415329837
155.52879267725308, 36.0659453390181
123.33292852963439, 111.28983646599464
164.82977220968957, 172.4943746172045
135.34422229332534, 62.20068544312811
110.49416643571432, 189.48823808951255
109.08130624632105, 143.232883581355
100.97886511455701, 92.63656968127658
136.8116813735768, 97.7716285971925
138.90958260366358, 169.00231331877788
162.16049630123112, 107.01831649853943
178.3507466530032, 131.29630030379343
151.68910920751895, 170.25781739583675
120.32300598472497, 31.228853509745512
142.60563384610734, 30.620115614759435
132.36399925923394, 53.01341490083795
132.35134230164132, 167.6840511636849
146.44652172266504, 99.63015735062513
190.5559536395867, 69.3882111789564
193.35431896531597, 70.60949556107585
174.91342003879527, 144.8968154422016
162.41557618460365, 87.94983716388138
151.7502496769621, 43.60558052013612
138.93080298854528, 100.41369087241976
131.10884396650835, 98.42666019182028
104.22868522206664, 196.19582428414947
118.91063931652572, 128.44617499115844
122.62534810409132, 28.689291833088127
168.26955216466806, 143.8283977273258
186.86483708285846, 140.5778914703844
144.89859585293175, 126.58872263907317
182.96813384738994, 93.87238209583705
114.1615598177139, 47.77444577395862
107.02983001432334, 196.7595573912226
183.52982908628792, 154.5897949387727
123.44702027846411, 122.67006830066241
114.10374484193268, 160.59272751933153
136.91902370048302, 69.53656948309255
131.63524518261025, 111.92603345567842
130.64588658083414, 5.676669565697923
176.40983677491903, 139.26787116809305
114.4379901603638, 35.08163415921861
125.86150629522847, 163.9614667289122
112.01990414210572, 78.59688785421352
157.58450876833555, 26.32909595922104
112.72854696076608, 109.42334015615617
178.99987041324482, 81.05126236406139
125.89558787941176, 74.93554423049301
184.77907456672932, 146.10068520065414
169.68742418413652, 106.80632681838401
145.51566954858117, 68.05678399725623
136.63394137565717, 64.16618838701444
169.6625837299262, 147.03913362687786
151.93314187811265, 145.18038849524117
