208
68.73199949127829, 161.64381650600765
6.5618413931048725, 72.64936341208261
63.709793983886954, 121.36323220916148
20.4502272655423, 74.43494174523421
56.12662734019419, 120.86274521711246
96.72649098698462, 46.337841604331146
85.62490452707895, 53.5781625516764
81.2780512644145, 40.420839296304
30.065568497382433, 120.29061189552073
68.86962269209423, 184.89956135654717
61.994001994618905, 124.86221288131286
95.91658637569111, 146.06738093443744
79.98521250410293, 68.174950710608
22.948864495875622, 113.1441791288319
89.93480395925431, 98.86536513894457
43.23337897509969, 49.2136150600164
92.22992937678409, 62.70834461980748
17.54973359206057, 99.97494089182482
10.777014652219219, 82.78499245055127
57.18589688693261, 12.98528918729225
7.267945695759959, 68.67278846247001
47.091117269839856, 38.10030266452722
22.606956956885583, 127.7896721301214
38.91421617071854, 127.54819838765911
75.5805383450422, 82.3636878123387
59.67122392608199, 82.45580333448927
38.2233741202474, 90.91157900880216
22.059789133338192, 40.769655147116346
40.009476429791, 121.86975559139638
82.46648667561828, 55.35127892674587
88.40728144695984, 33.710948329190614
62.86473673819223, 132.455950337433
30.625078270654317, 125.4076705230129
51.08588332049763, 27.743362186186783
89.99264738170083, 26.75472689245728
32.105290177792234, 40.63925070264218
51.776349160950666, 104.70991204404116
61.131817707006434, 92.51041162826547
38.770585804467096, 28.90618409136558
7.789506441318805, 82.73437976190925
31.511189250571793, 168.6786280679183
70.50674657576842, 156.09095139619998
25.474966009773116, 111.50488036862846
78.00898027087796, 89.3366652179737
59.08061951517306, 107.22080618840135
69.35731841216685, 178.05795936931798
95.24701826906023, 73.02029403036204
59.313000686194236, 40.11235394123336
60.45084605086976, 123.66879655194793
71.98721741803807, 85.60724956718053
88.65550913195209, 17.799613873292188
63.233058568353485, 134.99324344718588
59.702944236364694, 73.46250963938583
54.50865454149191, 84.25031622882302
60.96876740099651, 70.36488248978408
61.74819089996646, 191.71159642649528
40.41009107258322, 87.94000579829888
32.91742844462239, 52.45522897078643
66.35929473908232, 74.39273408231197
80.88070613408075, 53.58546562322086
81.76817825517865, 182.77222819567552
29.438214923747495, 34.88784620522085
8.634156548238337, 124.25315730274784
19.72816713488398, 83.98705287673998
33.17397309156834, 92.83633563066086
50.55084020555841, 179.77151934620534
54.001379110173296, 55.161661477311874
70.79180557311953, 65.42402959229491
56.76867338014237, 76.54282093621202
13.820799074541966, 115.57837230324847
68.00884239697115, 145.80132346237704
94.14861430951146, 96.8304224674109
49.13761019964541, 21.773575235210487
43.87381239668754, 46.20063109506625
45.771017857100425, 36.71846333698452
66.26425831235782, 190.03314603338046
80.43225525140036, 175.438390587562
28.85408039323988, 78.26354825958776
64.72705333133409, 9.886288104892804
57.962867956098506, 143.03045584668945
14.617535400644998, 77.4555406354016
97.99011832275217, 116.58432013686286
18.282748424624106, 18.79861117581274
68.33898244497784, 158.7972503910895
9.43365216895412, 26.200048256622676
48.70252150014356, 162.8196630400757
12.794356769852023, 196.1848492225154
21.16520367697694, 102.03840489950903
9.850742908309796, 58.05297875122062
41.36586711877611, 48.427781462261876
12.855665210888379, 137.17762999362168
95.43363995929977, 92.9419620606052
98.63144674876175, 84.70068629071916
72.89386562549775, 159.85296243248956
30.503446698409288, 98.44573813731041
61.461464208120965, 140.3741217511508
72.19248373085557, 80.16170229074646
27.700835296851757, 44.70224615100528
66.65664207220796, 81.88029864472846
40.38705055534505, 146.08686108114279
72.74646194082052, 126.90886353542798
41.46953377771633, 70.3255274367691
69.83211427529127, 30.34925873092391
73.0369954450587, 16.354539544661083
90.8677602783553, 175.78065720257325
78.79127098589265, 82.88161865632497
81.42832711177296, 116.38142824361164
74.87319960392448, 199.6766235289888
31.23280826208379, 30.344702354692444
56.321986255037224, 38.634362994416136
45.61682780444332, 17.988683744682987
7.903656164235729, 116.4702982225561
93.87980089499038, 13.688769450003658
9.930273390739464, 198.1404632587334
56.373516108397894, 178.5759802095048
45.49517184701345, 85.09371248969295
38.116117416047516, 143.10500572164747
2.837906478792551, 83.05516277758582
93.99544329970836, 127.77932594124968
64.70986113339546, 32.3373963455921
33.39293454221567, 188.15541331664892
38.76132832030045, 88.36370403502491
20.654674417372256, 4.51095158705177
23.88572310612028, 130.16848649610796
75.2523981449746, 128.1698716089258
95.63365681867393, 78.09626489683674
4.543407526891919, 188.9357242873729
98.4064823147066, 152.40050890649462
131.2680005087217, 161.64381650600765
193.43815860689512, 72.64936341208261
136.29020601611305, 121.36323220916148
179.5497727344577, 74.43494174523421
143.8733726598058, 120.86274521711246
103.27350901301538, 46.337841604331146
114.37509547292105, 53.5781625516764
118.7219487355855, 40.420839296304
169.93443150261757, 120.29061189552073
131.13037730790577, 184.89956135654717
138.0059980053811, 124.86221288131286
104.08341362430889, 146.06738093443744
120.01478749589707, 68.174950710608
177.05113550412437, 113.1441791288319
110.06519604074569, 98.86536513894457
156.7666210249003, 49.2136150600164
107.77007062321591, 62.70834461980748
182.45026640793944, 99.97494089182482
189.2229853477808, 82.78499245055127
142.8141031130674, 12.98528918729225
192.73205430424005, 68.67278846247001
152.90888273016014, 38.10030266452722
177.3930430431144, 127.7896721301214
161.08578382928147, 127.54819838765911
124.4194616549578, 82.3636878123387
140.328776073918, 82.45580333448927
161.7766258797526, 90.91157900880216
177.9402108666618, 40.769655147116346
159.990523570209, 121.86975559139638
117.53351332438172, 55.35127892674587
111.59271855304016, 33.710948329190614
137.13526326180778, 132.455950337433
169.3749217293457, 125.4076705230129
148.91411667950237, 27.743362186186783
110.00735261829917, 26.75472689245728
167.89470982220777, 40.63925070264218
148.22365083904933, 104.70991204404116
138.86818229299357, 92.51041162826547
161.2294141955329, 28.90618409136558
192.2104935586812, 82.73437976190925
168.4888107494282, 168.6786280679183
129.49325342423157, 156.09095139619998
174.5250339902269, 111.50488036862846
121.99101972912204, 89.3366652179737
140.91938048482695, 107.22080618840135
130.64268158783315, 178.05795936931798
104.75298173093977, 73.02029403036204
140.68699931380576, 40.11235394123336
139.54915394913024, 123.66879655194793
128.01278258196191, 85.60724956718053
111.34449086804791, 17.799613873292188
136.7669414316465, 134.99324344718588
140.2970557636353, 73.46250963938583
145.49134545850808, 84.25031622882302
139.0312325990035, 70.36488248978408
138.25180910003354, 191.71159642649528
159.5899089274168, 87.94000579829888
167.08257155537763, 52.45522897078643
133.64070526091768, 74.39273408231197
119.11929386591925, 53.58546562322086
118.23182174482135, 182.77222819567552
170.5617850762525, 34.88784620522085
191.36584345176166, 124.25315730274784
180.271832865116, 83.98705287673998
166.82602690843166, 92.83633563066086
149.44915979444158, 179.77151934620534
145.9986208898267, 55.161661477311874
129.20819442688048, 65.42402959229491
143.23132661985764, 76.54282093621202
186.17920092545802, 115.57837230324847
131.99115760302885, 145.80132346237704
105.85138569048854, 96.8304224674109
150.8623898003546, 21.773575235210487
156.12618760331247, 46.20063109506625
154.22898214289958, 36.71846333698452
133.7357416876422, 190.03314603338046
119.56774474859964, 175.438390587562
171.14591960676012, 78.26354825958776
135.2729466686659, 9.886288104892804
142.0371320439015, 143.03045584668945
