240
66.0844597944219, 72.86408298415236
58.709378823707084, 55.23736466876068
34.73920753487666, 113.79705858450424
93.47657954794948, 57.87524016892262
62.96576094176704, 64.46003610748261
40.094517866523894, 55.27310142033721
63.89238235276714, 73.00017513392464
66.77626631024876, 124.14238906462754
32.15830737160101, 143.8794274534478
79.42089887596313, 104.62006131236035
8.325211337543193, 112.9836031124135
45.25318316016323, 64.44585619347598
65.19138864725129, 57.2786939327792
85.92459335237021, 59.19632118513698
39.86940328522678, 124.25392269433544
51.04920994331267, 64.0038548963335
31.23850398437764, 142.2917021063838
46.292344111551984, 122.22713259728013
61.91961545330768, 94.20429672975963
48.57857007728833, 132.96850849546377
80.74543322590803, 120.6425389422109
37.547472113848826, 153.0896455671747
9.245938253559272, 64.25382187397102
57.97196904162596, 20.275619252403555
56.448267890843255, 55.91216027518009
44.53463116275708, 50.65121721440875
42.32420041950697, 114.44545347767696
2.420504673249946, 108.69607641578074
91.60899235907381, 155.8109180560146
12.91355884668588, 111.43128449820827
75.0355624064113, 37.76549825288975
84.37388704274977, 105.68205704245123
90.29553428531591, 111.82342302260184
78.8189245447265, 63.20132887379537
15.691484602191553, 95.16996039528027
58.83380111788228, 25.205269953233376
3.625342637067619, 111.96935965430914
23.25729558071815, 73.22097293159788
79.09004188096253, 65.7770021142593
52.43267799334104, 152.67257855923236
86.63615556901638, 77.07795470720495
99.16905023576741, 21.69998929410113
28.49772607158191, 57.613714831578555
61.423522177041235, 182.9309124160205
42.93026813352389, 140.92964373118483
64.84600527590923, 173.94128929255268
1.1652752599470184, 99.19740878909357
88.53637701082391, 180.81604361596965
61.09011798886881, 148.9474181100493
95.022830548379, 157.7626407581721
67.37075997327602, 161.91493970562806
97.93196652976862, 54.519610425987366
63.70440772985587, 10.62949843858001
52.372952316059006, 80.19214164891085
72.28337918993545, 150.05045951313735
37.45767160109762, 32.55371646094869
20.562838510900004, 53.107929940522624
7.954339091665485, 100.1200466918754
93.35728338321702, 114.41865368007905
24.67216768654935, 122.88543087560744
48.510018119944995, 152.84236931827536
21.728422736524465, 95.1380926706609
84.3656770960975, 145.8130649224984
91.8417237035955, 179.98519947756782
76.68679676771987, 8.972682764811069
97.51210411860166, 17.710893209148182
5.004312725028514, 114.38252574489202
93.71831103872883, 187.8581468611624
44.42050414596872, 79.53946461955847
33.35769925227496, 170.93117531426307
36.101486031368545, 76.75604881967426
86.0302454493188, 191.31110667855222
14.573976722676285, 130.1650772485035
36.846704665655224, 81.98176757264785
19.175974722192414, 130.0272675302432
93.31109431103198, 23.254497271419396
81.63067527158096, 22.123322274950997
79.42564106917908, 147.96451622264794
73.95607691849288, 138.07044608872826
27.50558527822443, 140.19538863859142
85.18179336903087, 178.21558414243697
18.679623558005787, 53.36913031035897
45.690898115183955, 186.89729842848226
62.16275821854261, 15.291183736073123
29.790504407178464, 71.65208711973436
26.808581672803676, 89.57183670564484
23.661021951635075, 116.40042698109356
3.2290571722973227, 25.150577375299154
10.67234460327401, 185.2734691316536
72.23237537930322, 69.99268663730672
21.43092307605947, 9.54892520577797
5.231451212696381, 142.92566834518348
93.11528061483438, 118.93200008442402
3.6911317536491572, 93.41622832198517
34.41409476151228, 38.79638197049837
74.10555827748227, 79.87362222495788
63.29245534772716, 38.58442247181488
82.69227016514162, 85.95439219941564
7.449309961951456, 139.06117905438379
98.01468494208304, 117.92368877625243
80.13439626554073, 134.73808102354766
64.14378920829814, 114.82138337771725
94.84885783688274, 141.06635234081025
37.094668807199604, 141.72433633257552
6.112177416412656, 156.1857331241227
97.17416714635095, 140.5518146960362
84.56976683063569, 142.721407226145
79.26041769971121, 60.64848249581829
76.85652896565693, 33.0422838692557
44.013985351112375, 10.042074385861444
80.65020553727898, 100.2661822337619
87.10643367116128, 185.1134752137509
52.623693661941516, 59.14309166792202
42.18662779153972, 51.83886035349487
87.30305271904267, 157.96644502278457
29.372802025708232, 156.5074669914139
97.39706275643366, 145.77844137166406
81.06135697233178, 11.455516331941507
89.71404415594739, 105.7610032227817
21.141281659730026, 189.96177748067475
14.648380965062568, 49.240848807395786
38.73941171061127, 106.32047674985041
75.25759008901109, 113.55579820615856
43.14948902572196, 116.57119614563396
70.14774732835946, 2.484972726256318
69.36909585192794, 95.48493973920323
84.73499549621712, 72.88037034902435
44.084127214209154, 147.6544120325274
0.8142211341512828, 159.60055352580142
66.96110276420889, 52.911036561958305
53.83563899594305, 180.4914695199472
84.94549804262455, 86.71583316457219
70.73877394582806, 146.26245388252988
29.410364692129033, 82.32240489753049
39.54016373142436, 32.32431757985079
82.68290004060064, 149.9985791667778
23.663091533077473, 104.55898878036905
8.230512078874385, 41.79529840190048
63.24210929225082, 147.10412171197603
32.74570543685079, 194.83237293949728
61.065825276491424, 110.81655742803476
89.79140810125052, 18.39975872699524
69.47615503500073, 36.53675737133448
34.73105133822444, 12.434741177075992
76.04266645310472, 63.61922479043949
71.99127896209603, 140.37078771803496
71.4722670739254, 44.79874412301306
19.745292770120404, 12.999034149826304
93.78656761335809, 37.867479032022125
97.65806537038092, 79.77686088649789
60.25652551712992, 73.6532656707553
77.95351145243204, 128.01033742218362
83.73334811321949, 80.6060256484874
92.93533929475387, 110.70071684658231
43.17802984264109, 195.82045807764848
74.22414535763508, 52.66234836206076
60.895996336873736, 70.67432077489894
74.117214741104, 7.734167972441752
63.97802468300694, 40.60058573147829
81.94843232134691, 165.9445548304292
133.9155402055781, 72.86408298415236
141.29062117629292, 55.23736466876068
165.26079246512333, 113.79705858450424
106.52342045205052, 57.87524016892262
137.03423905823297, 64.46003610748261
159.9054821334761, 55.27310142033721
136.10761764723287, 73.00017513392464
133.22373368975124, 124.14238906462754
167.841692628399, 143.8794274534478
120.57910112403687, 104.62006131236035
191.67478866245682, 112.9836031124135
154.74681683983675, 64.44585619347598
134.8086113527487, 57.2786939327792
114.07540664762979, 59.19632118513698
160.13059671477322, 124.25392269433544
148.95079005668734, 64.0038548963335
168.76149601562236, 142.2917021063838
153.70765588844802, 122.22713259728013
138.08038454669233, 94.20429672975963
151.42142992271167, 132.96850849546377
119.25456677409197, 120.6425389422109
162.4525278861512, 153.0896455671747
190.75406174644073, 64.25382187397102
142.02803095837405, 20.275619252403555
143.55173210915675, 55.91216027518009
155.46536883724292, 50.65121721440875
157.67579958049302, 114.44545347767696
197.57949532675005, 108.69607641578074
108.39100764092619, 155.8109180560146
187.08644115331413, 111.43128449820827
124.9644375935887, 37.76549825288975
115.62611295725023, 105.68205704245123
109.70446571468409, 111.82342302260184
121.1810754552735, 63.20132887379537
184.30851539780843, 95.16996039528027
141.16619888211773, 25.205269953233376
196.37465736293237, 111.96935965430914
176.74270441928184, 73.22097293159788
120.90995811903747, 65.7770021142593
147.56732200665897, 152.67257855923236
113.36384443098362, 77.07795470720495
100.83094976423259, 21.69998929410113
171.5022739284181, 57.613714831578555
138.57647782295876, 182.9309124160205
157.0697318664761, 140.92964373118483
135.15399472409075, 173.94128929255268
198.834724740053, 99.19740878909357
111.46362298917609, 180.81604361596965
138.90988201113117, 148.9474181100493
104.977169451621, 157.7626407581721
132.62924002672398, 161.91493970562806
102.06803347023138, 54.519610425987366
136.29559227014414, 10.62949843858001
147.627047683941, 80.19214164891085
127.71662081006455, 150.05045951313735
162.54232839890238, 32.55371646094869
179.4371614891, 53.107929940522624
192.04566090833453, 100.1200466918754
106.64271661678298, 114.41865368007905
175.32783231345064, 122.88543087560744
151.489981880055, 152.84236931827536
178.27157726347554, 95.1380926706609
115.6343229039025, 145.8130649224984
108.1582762964045, 179.98519947756782
123.31320323228013, 8.972682764811069
102.48789588139834, 17.710893209148182
194.9956872749715, 114.38252574489202
106.28168896127117, 187.8581468611624
155.57949585403128, 79.53946461955847
166.64230074772505, 170.93117531426307
163.89851396863145, 76.75604881967426
113.9697545506812, 191.31110667855222
185.4260232773237, 130.1650772485035
163.15329533434476, 81.98176757264785
180.82402527780758, 130.0272675302432
106.68890568896802, 23.254497271419396
118.36932472841904, 22.123322274950997
120.57435893082092, 147.96451622264794
126.04392308150712, 138.07044608872826
172.49441472177557, 140.19538863859142
