224
36.00222124853427, 85.88152776490486
67.94312133170249, 160.48541786770414
92.05077155161302, 168.47202897289318
65.20374316267484, 57.99395816289695
50.68977673401497, 144.67397032600377
69.35172578776493, 190.3303196155125
12.125027162411115, 189.60083365785678
37.6528209567937, 31.040996359727757
80.39977154207455, 170.11987427259328
83.02124244329603, 129.3360727834004
43.20424213086553, 90.39832838191285
32.632776460231376, 184.68793980111528
80.06635179342521, 70.4530802030986
14.197714363412121, 100.68961829856134
16.781130798769055, 171.94610889970704
22.18473834138095, 94.11072454215713
21.580957130968244, 118.69662196132293
44.033226381544644, 2.8487655850219937
90.61996763139204, 131.14620112916523
80.4789405426782, 37.54432101678907
59.883388771932125, 175.0261431805392
11.651464408097262, 43.235454016859535
17.233374118469158, 158.59682922917762
64.08206390213888, 123.12007422348785
86.0156395360247, 109.89349704654461
68.78338094085274, 197.5264445807225
88.99259056838497, 160.824990137521
22.1110891532637, 48.432577858565054
4.457373987904745, 85.30420217258852
11.250609381987154, 86.9232847957368
52.9573007048525, 23.713559765472045
35.371759634167645, 57.929430384703366
88.24117068825147, 70.84299053359969
41.360214370493495, 80.47045630406694
51.60012690096884, 41.86766893617368
7.711095281234681, 78.62479473714431
63.717151924939664, 116.17551629656157
61.958607121997645, 21.44499451935271
71.90156735841805, 47.27208716863403
46.21882034710565, 142.59209036881992
86.71873408760237, 191.0834425170515
46.53010156261138, 57.584367420758625
86.41122939698526, 124.6205540614367
11.499168404180494, 96.23690550360078
55.163169199434805, 23.523846680616913
58.89096060576428, 137.41183313078727
68.16002378412824, 93.82920410195408
94.3167607691144, 180.0737945119656
64.47237686607444, 80.3781486674753
21.91888057538739, 45.30603536257567
47.372476430248106, 191.0329959670802
56.049193544159436, 35.66168634711606
95.14089849202884, 84.97492141265114
83.51770318298352, 1.6239984415374886
62.99630339843979, 194.42051496397184
32.99220745577971, 70.69869437447355
52.04829292029226, 28.18190568686798
75.84961173787713, 101.23403704795528
78.92153319794022, 79.61993148692616
79.92859302520931, 110.98780301329094
37.30510287647107, 82.6344223802478
86.07538467179805, 31.98688610889112
34.14323446179803, 25.46258490922674
42.101305898638266, 22.487972506353703
3.8377173425010085, 136.02588391012705
4.137005649857883, 197.90417323907093
47.151302400954165, 127.8054363678037
80.82944916563727, 92.85457397566424
36.45706276640656, 3.222587247420659
33.0687701941935, 147.34852805467762
58.388317751290764, 100.74663361061198
54.10583854754356, 139.08479692817573
20.03518527221997, 143.09231294135603
23.588806148112816, 103.79287401333211
79.77244380332208, 130.50434691275012
15.539180166243852, 44.46482836557568
12.553946137440661, 112.02915156373629
86.92890340546674, 198.71255898971768
92.75640144663323, 86.81527641286453
50.0034172778135, 62.856176251400356
21.212121922966677, 126.18737059120302
53.658595768292116, 168.6880023388574
2.156257869652045, 106.42142782942061
14.889035115894556, 180.12225904212917
69.40044366728235, 53.34620256496125
21.702621010473965, 159.00148513134155
56.304732165460166, 3.887529229360598
82.23137712100797, 95.43263690861521
73.08214698093353, 50.22121996706181
50.51778138693268, 171.7969328313989
20.11419777715545, 54.03177795087453
27.353825323786886, 122.40562321373929
65.86784093055765, 34.20615508033664
26.291601604507907, 176.1337009753773
69.36060156334256, 78.9725849512543
69.37854229758337, 14.912127143729936
83.63340916096917, 14.934660609878403
13.440697422900172, 34.19993969424047
98.1484879942952, 91.59028207082235
35.99604054481823, 137.15328919603124
49.23000022896132, 44.01809948182538
15.194902852756819, 107.5068863730905
5.149793966690542, 57.877905310444056
44.17515177249359, 33.87160748118083
15.689852272846515, 119.0938301255774
69.98053006173511, 193.30259394079485
29.84601352198308, 146.28535969015414
45.029478041383356, 43.02317947500291
1.655176203990849, 198.82953552064714
0.1345656217791702, 88.1721721009043
13.520626524821077, 183.2177908679096
44.039297347603444, 109.47721205736742
99.00438142668655, 70.52301483853014
53.60250250723143, 42.88452590235576
26.3676880849006, 45.8480841600237
73.30884978374786, 43.91830443568958
52.57989308629283, 160.9265691910251
65.931092711412, 148.1064258129922
60.08695794492154, 36.018975111597214
0.7104902665803103, 10.489702297133618
28.403088243716347, 149.7985976851285
75.47536047697172, 108.10411619994822
77.13733676851051, 135.01596079664608
30.99812492648396, 94.54193466587301
37.901254269869725, 180.86764370717242
83.09057743603478, 144.33765971677025
40.85028208324967, 196.24402045010424
26.30569773162793, 144.03828167840916
81.54903211284169, 62.734021321231495
49.08788959875222, 140.46037654926832
55.60050005667274, 104.42449832139467
2.0225721205694103, 81.99318634055848
39.22246450138943, 110.8799709096432
90.10921411958121, 33.77115039209209
44.19978938863277, 78.34876788118149
46.82325436246839, 87.55461051022722
56.07231835502348, 88.15668700944481
67.37445606892499, 90.94902435848722
51.185748287431046, 112.11653461817659
50.61479440824872, 66.41734086157149
77.65939728546736, 102.00417283428966
43.622898149641046, 104.97418219637086
98.10384039494548, 155.1303845682851
11.595042935155252, 110.2092604211013
163.99777875146572, 85.88152776490486
154.5065377346593, 103.66996307076366
107.94922844838698, 168.47202897289318
142.34734108961948, 36.17558241011631
122.26011666489278, 176.23874187094015
159.42077588770042, 175.43736270834603
195.59134456234517, 110.13275120609822
151.5332290673851, 61.775289325456285
102.37439112040396, 193.42591310481308
114.25498792857476, 94.34042828647078
156.79575786913446, 90.39832838191285
188.91438415393966, 108.07978840894808
145.47364717072156, 104.00360787796117
175.01564362216234, 141.86804501982377
120.75732145483929, 164.66401702127257
106.95136883288534, 124.63996485122311
161.72580945588504, 103.31691483792875
101.39368327836453, 16.018393175158565
109.38003236860796, 131.14620112916523
190.65017663683363, 82.35696064795133
140.11661122806788, 175.0261431805392
192.43516314953428, 89.38036009092556
110.03208733794698, 181.44639463181673
137.97944414395764, 154.7465655215151
130.39804469454276, 53.916829431127525
163.7429377902328, 143.25499929639236
106.79280428088444, 176.64800662401115
144.11332800663223, 89.83377197932958
140.0262675791521, 50.672217270882044
124.9405970694477, 22.47181676477734
100.82484941037661, 14.171202236327108
181.59894524040706, 107.93679569379225
151.6843374230893, 84.61532041911435
137.22511380160927, 96.64362207529895
101.36674090407308, 39.975471660314746
195.16105605543578, 128.20679275844643
156.72011937513062, 56.0337565482983
138.04139287800234, 21.44499451935271
159.79692552448117, 21.708225030421602
121.19967106121074, 120.40177489270914
156.48560817142052, 129.88334634799716
137.4211916876992, 114.65778666556521
147.49928490522444, 187.54866170704074
155.18428456651466, 144.43628322847422
144.8368308005652, 23.523846680616913
141.1090393942357, 137.41183313078727
117.48127981173077, 168.1204188678729
105.6832392308856, 180.0737945119656
144.5279316029879, 96.48125832166656
178.0811194246126, 45.30603536257567
127.39283963483808, 147.229297549151
114.38801892314802, 47.94004502595206
166.4360680333191, 31.125049697055385
116.48229681701648, 1.6239984415374886
142.344576397816, 165.92940261852615
171.3116719495388, 52.92973016629334
147.95170707970775, 28.18190568686798
133.10779216651343, 123.21023521148986
157.7102824475457, 32.25055752098363
179.281920054939, 47.79573689529224
108.2914972005802, 10.303645474738943
168.65729916554287, 38.51809443926455
144.72388594889833, 79.38223877192281
157.89869410136174, 22.487972506353703
132.15089026657688, 165.6001507476576
116.2220183571756, 143.50986536129412
106.45552311026523, 199.5824787348408
134.1054943912353, 23.115509695169443
152.5005543433612, 29.618076986753405
121.31270168632604, 101.44966092096335
141.61168224870923, 100.74663361061198
145.89416145245644, 139.08479692817573
148.96379318368324, 163.85942241849943
176.4111938518872, 103.79287401333211
156.9667112454556, 93.51136229069577
136.4466177414348, 68.47002447314637
176.56289772888942, 90.85165045646275
143.88833800457087, 187.76166274976555
180.18134024762043, 55.26792973324377
103.40246008662261, 98.46336280068209
