240
56.66430254199548, 136.02661810962445
67.61564819037346, 180.3846069808636
96.6695088375208, 74.4056022157288
80.41079971251955, 8.45600452377977
59.51604268152111, 22.693844373943218
33.98058170128605, 72.77854991860724
16.365457930110306, 118.53130892270033
79.4833055938608, 53.43497618894244
29.61748633530673, 120.95314643950668
84.357777388576, 161.66796910459905
31.686362415457637, 125.51535342665812
72.07704111921277, 26.741150363484966
89.74307938435777, 197.51663285263726
44.20555218781066, 66.06857466856728
79.94365938494438, 159.90031350319555
10.816475202062659, 116.45895663351777
60.989659682528384, 29.390517725509092
77.60299165056834, 23.77404386493469
3.5137716727447366, 85.94502317173122
10.947841057099083, 94.36035114792458
59.559997561107124, 41.06120487176608
91.76341322370418, 16.9788932496731
62.95547324397492, 192.40532512338075
71.66891978037164, 179.29614812406584
90.15534117735827, 53.47358740997408
95.66444292797793, 67.73530092010857
40.929716880804804, 172.7440610883066
59.21455125942464, 78.09176636292862
54.76563398281796, 88.46049168109167
32.645069213166, 60.283990396084654
27.122840844855357, 104.08185633280715
64.25667571985908, 129.7855746769129
60.927364915448464, 141.4135435201306
46.154506755510724, 123.88506262526423
61.24167234337487, 118.86540192927129
90.30732253739889, 163.63819736456182
84.76940375940436, 79.8157756092299
72.4521306318881, 22.831799234774273
95.11815501883527, 75.9068000510675
68.93932988549139, 120.7751112524011
89.1928645172313, 119.55712080566296
65.39491583940143, 65.39348126201303
61.05241095048414, 82.07884772868064
22.153087056800892, 106.5993435840807
36.57466781960259, 120.78720407094205
79.43652604641612, 25.61747642396959
48.338309231099544, 52.14851545319497
99.19518233474966, 60.564518473381845
25.0542080783686, 67.77670686900777
90.556942728231, 30.39932670475509
71.35082382639942, 71.39199442891173
46.244746276560655, 171.9920834062156
41.383608533151275, 33.83290148258968
84.66578843231808, 187.64426472162341
58.817161217437295, 94.17041810675045
82.53584022923299, 20.778393102931325
95.84515031318385, 72.36082878769841
84.42412345977571, 91.35157936536491
98.14980969116958, 96.79795342513846
44.20531118814463, 156.86902050099988
74.85446729304955, 120.87211004014856
69.49031480329327, 90.74213694277044
76.98072751290914, 48.948663023667514
9.418573747248582, 79.15987815247925
79.16623584133856, 165.17279724464515
84.01140547288618, 46.927258612655876
70.53659102293383, 53.28916036947389
23.179076142182065, 41.33562095467862
62.88373398281366, 66.06414920860588
29.51462668818784, 127.66970791038894
99.29857741934224, 30.44556620423995
51.55976271712321, 164.2519817558193
55.899739878349905, 162.47610589820619
98.88848985569346, 48.734651250744946
39.5998665749251, 72.02813290719097
95.44692368658453, 70.19114726047016
50.5952295352751, 128.95239875846377
97.22864382646097, 109.18797097825407
89.09679610329579, 60.58341529935176
84.33030415798405, 151.27120487416596
93.40569055079395, 105.21952767485634
41.325432588852806, 28.099786320589224
79.70869433252373, 198.2547710344382
92.98630483988278, 89.94352502426575
4.9082096327546125, 22.520791642230954
63.221153790206166, 190.64153357692393
22.434535647134545, 93.22212961768828
26.94001267912349, 132.59020323522793
22.06670336344436, 163.53043050025124
38.946888973014026, 137.01340178107927
80.8836716050134, 13.70805087451803
44.94400576899133, 52.6614705985758
19.98575000824916, 192.92578698366455
58.89637021422723, 195.16002438829747
40.26949390904413, 31.687122845154715
1.3061860407197146, 146.54964428162017
22.401107519373188, 61.950507693588875
79.11912345413091, 89.1081429730894
22.195253395217296, 53.166315227751056
81.63301301484945, 179.19158823677452
23.253576996584346, 50.5471231923734
20.815055451461618, 76.21109373979557
34.68491648433189, 102.33204080763507
28.53699482827894, 143.91697866184668
91.43646297917918, 14.633322324937392
30.944494791704024, 18.350413524665665
87.72344418104424, 191.24551182283935
99.71369608466739, 148.93619138161716
74.37009803758552, 198.55988433204422
60.18918476131386, 86.79997829622441
51.2282765967059, 58.18529181643457
40.145968534436435, 60.91377380015361
56.25962260788647, 168.8401136305288
33.47727025654959, 108.09099068914864
22.97137866364244, 58.07281903718058
59.29021155062024, 124.01326959770755
36.30862935288803, 181.63392270061934
48.11631148662716, 145.36018185728733
31.6920129255739, 38.07070926066223
41.61596572938153, 46.11785084909694
72.89966136663656, 120.3579941983569
18.87667411688606, 174.79471444900796
31.09751277000633, 171.02016208602788
35.522843085814806, 175.08100263140906
34.20859280205065, 54.24486571854432
41.72457547934228, 79.67537409249216
17.552994934188536, 48.984137418726334
25.548051010817762, 58.89285278451475
70.26297680806778, 128.0615559969693
36.23994428768905, 128.2440817047609
49.06304265335968, 79.352864852835
56.381457393376536, 139.96778073998405
81.57577117358852, 54.22319844194578
75.21311514380852, 110.27505879714855
79.4537568444916, 135.95351462779826
39.5475349768462, 43.794747465259135
5.1731129653616925, 191.7803555311056
60.546222792178725, 10.94032973399488
10.381337289557923, 136.92710859918535
25.109470825592716, 85.31542468671987
76.38436981589284, 182.07518509905805
42.62417005337862, 184.5052595925399
31.371936764271947, 72.02313097394759
55.722425602920026, 44.958843719208886
88.0848994450049, 149.7318371660178
18.39020847867352, 197.14533008580247
81.49318041913719, 35.35215674674639
20.83819339366606, 17.73470677313298
32.60739051302269, 127.55419700864037
37.29278223756759, 187.91037306434936
88.1813414224863, 53.40269875479717
82.91718612162497, 43.258587285471094
64.24166568411877, 161.36436740286703
13.785708466914537, 1.110736465686979
7.986408499083664, 189.6875648039482
84.77107723684112, 40.41373215171369
28.552393351699358, 175.29503861773625
33.55263244337762, 176.76956129115004
45.06175207663274, 72.58731318411135
64.79116526498125, 142.83525945200813
143.33569745800452, 136.02661810962445
132.38435180962654, 180.3846069808636
103.3304911624792, 74.4056022157288
119.58920028748045, 8.45600452377977
140.4839573184789, 22.693844373943218
166.01941829871396, 72.77854991860724
183.6345420698897, 118.53130892270033
120.5166944061392, 53.43497618894244
170.38251366469328, 120.95314643950668
115.642222611424, 161.66796910459905
168.31363758454236, 125.51535342665812
127.92295888078723, 26.741150363484966
110.25692061564223, 197.51663285263726
155.79444781218933, 66.06857466856728
120.05634061505562, 159.90031350319555
189.18352479793734, 116.45895663351777
139.01034031747162, 29.390517725509092
122.39700834943166, 23.77404386493469
196.48622832725528, 85.94502317173122
189.05215894290092, 94.36035114792458
140.44000243889286, 41.06120487176608
108.23658677629582, 16.9788932496731
137.04452675602508, 192.40532512338075
128.33108021962835, 179.29614812406584
109.84465882264173, 53.47358740997408
104.33555707202207, 67.73530092010857
159.0702831191952, 172.7440610883066
140.78544874057536, 78.09176636292862
145.23436601718203, 88.46049168109167
167.354930786834, 60.283990396084654
172.87715915514465, 104.08185633280715
135.74332428014094, 129.7855746769129
139.07263508455154, 141.4135435201306
153.84549324448926, 123.88506262526423
138.7583276566251, 118.86540192927129
109.69267746260111, 163.63819736456182
115.23059624059564, 79.8157756092299
127.5478693681119, 22.831799234774273
104.88184498116473, 75.9068000510675
131.0606701145086, 120.7751112524011
110.8071354827687, 119.55712080566296
134.60508416059855, 65.39348126201303
138.94758904951587, 82.07884772868064
177.8469129431991, 106.5993435840807
163.42533218039742, 120.78720407094205
120.56347395358388, 25.61747642396959
151.66169076890046, 52.14851545319497
100.80481766525034, 60.564518473381845
174.9457919216314, 67.77670686900777
109.443057271769, 30.39932670475509
128.64917617360058, 71.39199442891173
153.75525372343935, 171.9920834062156
158.6163914668487, 33.83290148258968
115.33421156768192, 187.64426472162341
141.1828387825627, 94.17041810675045
117.46415977076701, 20.778393102931325
104.15484968681615, 72.36082878769841
115.57587654022429, 91.35157936536491
101.85019030883042, 96.79795342513846
155.79468881185537, 156.86902050099988
125.14553270695045, 120.87211004014856
130.50968519670673, 90.74213694277044
123.01927248709086, 48.948663023667514
190.5814262527514, 79.15987815247925
120.83376415866144, 165.17279724464515
115.98859452711382, 46.927258612655876
129.46340897706617, 53.28916036947389
176.82092385781795, 41.33562095467862
137.11626601718635, 66.06414920860588
170.48537331181217, 127.66970791038894
100.70142258065776, 30.44556620423995
148.44023728287678, 164.2519817558193
144.10026012165008, 162.47610589820619
101.11151014430654, 48.734651250744946
160.4001334250749, 72.02813290719097
104.55307631341547, 70.19114726047016
149.4047704647249, 128.95239875846377
102.77135617353903, 109.18797097825407
110.90320389670421, 60.58341529935176
115.66969584201595, 151.27120487416596
