240
19.735639072873923, 132.7483415880411
55.597334378931606, 50.640205100336665
65.55462107003102, 96.17275387090119
54.65731145307697, 84.01555720394876
87.63995512129516, 83.31530918371396
80.3455439955699, 17.11149065053337
60.524290669746996, 30.49759251810571
85.83656137978423, 122.8398862797941
60.027300750561885, 137.8798549664928
65.00260570455288, 146.61791616327275
33.253813304394534, 167.25667917183975
54.23703475677013, 139.83615494907028
98.7815349398689, 198.2773766053111
99.47782029656324, 19.937067939525033
16.253375652281974, 129.74205608114437
98.01868927063337, 185.18405812249654
41.47714497839367, 20.156056071766404
93.59047758011634, 142.8318634808468
97.05677675642667, 67.01649108040509
89.41744486173285, 141.02344986899195
85.43651134327568, 138.16044386095533
64.29190353566577, 55.66702963457368
49.966371676163924, 22.38015573030665
46.73154001024036, 143.21403922425935
39.37513215934799, 129.13590304070118
86.26692581599619, 56.857299451868904
44.54689387765575, 146.42299775136672
71.18583693899761, 43.96536416628316
49.857459887355084, 146.0827080810925
49.52012679838121, 150.94513184609113
94.18833055435444, 57.568252869931456
8.96221773444995, 103.36791041600956
16.180476297523427, 86.73756701921862
42.22102210275372, 141.62052203089863
91.36870757283124, 50.45319419846428
23.868168112231693, 61.124942357704356
17.839840097210757, 72.43680312579744
26.105687854793867, 89.81694335841914
79.5984914254668, 190.29627674988149
50.24832452984695, 172.6133463860557
19.177551130897164, 98.33466611665152
94.49951061741668, 54.86556520634556
40.045739711646675, 77.67202515012332
78.89217951959327, 21.127783029065483
24.734227370767535, 76.60564251460083
35.21865247508812, 44.80557486625294
29.17806575442956, 122.11425309984082
48.51392381045761, 28.609424996590715
38.75828077167876, 118.08912548804852
90.63499172998473, 182.4464229776588
79.68491011807845, 61.526256043166924
32.30425141041374, 94.81586104288536
9.868644210294953, 62.86394334357324
92.59284913179246, 194.61617750674728
90.04185018704315, 54.54826298616311
67.37108674742181, 9.657811567506291
70.65271265607103, 155.29138793323486
42.82780427523034, 59.10308235380492
76.1308161161418, 111.0803575623734
85.54417530559577, 191.29477986160214
28.807902907418736, 139.4579538437892
78.59366347746796, 5.661005496803306
89.02268860181955, 105.79525549633932
38.18612847108713, 101.2636746412471
16.10308355927864, 55.65891924745547
20.85809314372653, 48.67305246955054
21.66085425883537, 139.2462409101156
76.59984840349281, 51.8515833397011
58.91806422096286, 136.14520890319997
20.99898662724374, 53.139694718171945
50.92452630337455, 56.76269645150995
19.003936314218738, 79.97464765402806
40.00389041305154, 28.26316599792762
65.6524918990172, 91.08205520029678
86.45239186682765, 168.93073368498904
75.59430010155074, 46.692406837511705
74.60486039530285, 31.402364245751734
30.654762427513628, 90.65200989320017
86.49040444052574, 183.87846200148627
58.33405938717778, 181.19593417893537
23.11844746494981, 70.2255630162971
79.74647473243284, 170.75517978269443
29.784998516428452, 164.05299465299163
89.05943049959677, 38.588228953302625
47.46067443200601, 20.462437850009763
33.57025941533946, 121.71486484467478
25.077788367742038, 87.15273409045687
14.327213016599261, 98.15472559087554
28.211584782760657, 120.5681335215893
3.471872574450119, 115.29567168978775
64.78479079578055, 154.36935888212398
92.55999117052735, 10.399667400741052
97.83625858414534, 21.89029944363956
29.048123384414215, 93.79009674969419
89.91842439052516, 57.745348283261364
34.52245666707526, 38.894154644399784
99.01357699026521, 156.58570540126297
52.004492498671084, 110.55031410227807
30.302680796138347, 17.580752068911853
58.026727069296236, 150.08118368726647
14.904219639147753, 12.189554879432674
31.493682426878557, 44.82318159727035
66.9826840061757, 61.06878148275161
68.3935379261474, 165.24846502299832
85.4020241812396, 77.52731512604778
78.51742742069588, 136.70775680276373
96.85870253873688, 19.594967813935504
20.53766977547057, 71.32902978710767
41.00819706610142, 172.54462864846553
11.834657084291567, 113.1872905320019
14.066411846538895, 189.28448515245404
61.59495006909439, 98.95735690646472
12.874326293078264, 191.295262573723
31.649443191981142, 4.554142625497315
24.648419056609917, 56.60336660931371
27.18102875131596, 175.76560050954916
10.225588967851563, 81.89817421665948
56.79997746742238, 153.39684160349722
31.446294989359913, 105.21407390497686
47.861141787194924, 54.137096319557834
89.53422302870567, 8.564228594282696
80.33351742874008, 160.85967932073208
59.3968258507449, 90.0380526846694
66.43035964437594, 83.40754406102704
41.53142873732444, 2.832764247335051
43.53639272494889, 160.46935106478904
72.79589671201903, 36.16269966122763
51.467778776308606, 190.53768054753178
64.06173938473277, 188.52455697844908
92.56179638519359, 163.0263137522885
5.191662435841815, 161.91932308104757
4.743684590770614, 94.12000977421837
62.38009447588614, 94.5441788474344
3.136618491122223, 192.54068018213368
14.97071214391925, 67.04189679662203
47.99113699255333, 122.34759239997103
70.25673275385195, 22.320353419897398
11.41737473103076, 141.36337698831016
96.46428852845341, 112.54461187758811
44.42065058642135, 179.6449254460202
30.3523130033869, 141.3167972767503
84.56966213792916, 100.74265576322712
27.898328228001247, 193.3998335744437
9.909377262184737, 163.0895032786752
96.85849170372046, 44.47456196619704
13.138129706192746, 52.70813719894765
67.68076471759716, 193.37159933383887
52.95620742711703, 90.5534659583029
93.0184019945387, 159.4783539737252
36.28392564699819, 183.20438640806947
62.877841523277546, 114.41952180090867
10.952264200730932, 99.3919994178534
26.02055723433454, 106.47012928753571
4.498923033842706, 67.5794162481023
78.64699010850677, 188.39506987894222
63.968850256341, 197.26671841588197
4.894379009278382, 135.4155589538909
66.96623931138141, 50.64011009187155
53.93161574042142, 115.07951110050973
46.254788987272775, 177.3971543529437
180.26436092712606, 132.7483415880411
144.4026656210684, 50.640205100336665
134.44537892996897, 96.17275387090119
145.34268854692303, 84.01555720394876
112.36004487870484, 83.31530918371396
119.6544560044301, 17.11149065053337
139.475709330253, 30.49759251810571
114.16343862021577, 122.8398862797941
139.9726992494381, 137.8798549664928
134.99739429544712, 146.61791616327275
166.74618669560547, 167.25667917183975
145.76296524322987, 139.83615494907028
101.2184650601311, 198.2773766053111
100.52217970343676, 19.937067939525033
183.746624347718, 129.74205608114437
101.98131072936663, 185.18405812249654
158.52285502160635, 20.156056071766404
106.40952241988366, 142.8318634808468
102.94322324357333, 67.01649108040509
110.58255513826715, 141.02344986899195
114.56348865672432, 138.16044386095533
135.70809646433423, 55.66702963457368
150.03362832383607, 22.38015573030665
153.26845998975963, 143.21403922425935
160.624867840652, 129.13590304070118
113.73307418400381, 56.857299451868904
155.45310612234425, 146.42299775136672
128.81416306100238, 43.96536416628316
150.14254011264492, 146.0827080810925
150.47987320161877, 150.94513184609113
105.81166944564556, 57.568252869931456
191.03778226555005, 103.36791041600956
183.81952370247657, 86.73756701921862
157.77897789724628, 141.62052203089863
108.63129242716876, 50.45319419846428
176.1318318877683, 61.124942357704356
182.16015990278925, 72.43680312579744
173.89431214520613, 89.81694335841914
120.4015085745332, 190.29627674988149
149.75167547015306, 172.6133463860557
180.82244886910283, 98.33466611665152
105.50048938258332, 54.86556520634556
159.95426028835334, 77.67202515012332
121.10782048040673, 21.127783029065483
175.26577262923246, 76.60564251460083
164.7813475249119, 44.80557486625294
170.82193424557045, 122.11425309984082
151.4860761895424, 28.609424996590715
161.24171922832124, 118.08912548804852
109.36500827001527, 182.4464229776588
120.31508988192155, 61.526256043166924
167.69574858958626, 94.81586104288536
190.13135578970505, 62.86394334357324
107.40715086820754, 194.61617750674728
109.95814981295685, 54.54826298616311
132.62891325257817, 9.657811567506291
129.34728734392897, 155.29138793323486
157.17219572476967, 59.10308235380492
123.8691838838582, 111.0803575623734
114.45582469440423, 191.29477986160214
171.19209709258126, 139.4579538437892
121.40633652253204, 5.661005496803306
110.97731139818045, 105.79525549633932
161.81387152891287, 101.2636746412471
183.89691644072136, 55.65891924745547
179.14190685627347, 48.67305246955054
178.33914574116463, 139.2462409101156
123.40015159650719, 51.8515833397011
141.08193577903714, 136.14520890319997
179.00101337275626, 53.139694718171945
149.07547369662547, 56.76269645150995
180.99606368578125, 79.97464765402806
159.99610958694845, 28.26316599792762
134.3475081009828, 91.08205520029678
113.54760813317235, 168.93073368498904
124.40569989844926, 46.692406837511705
125.39513960469715, 31.402364245751734
169.34523757248638, 90.65200989320017
113.50959555947426, 183.87846200148627
141.66594061282223, 181.19593417893537
