176
39.816996437903086, 48.63194736132574
47.863796054869354, 25.623060230630877
43.09826587938791, 81.1395704765686
72.26497369108458, 105.80071206873822
11.413472938439352, 91.6114356616477
23.26029720072723, 43.84522220266791
76.62591005147942, 188.61343225068822
59.14044563578721, 71.89318314114306
83.45858612700768, 3.5812182480080557
79.87380039505673, 48.57766661512897
42.61704239455981, 94.96105058588162
4.678200483321593, 93.94319846976
36.60198724731043, 42.46716672492783
52.06286505424921, 15.42354812942941
53.11551264616371, 47.47778459938728
50.0709992303088, 18.530337422984932
54.99751480455336, 27.869815591388946
97.56680310353627, 126.28445179414219
90.53997355841335, 157.00535500843876
62.35459286709244, 84.80175762938327
74.16368109635249, 34.43384880957916
51.88405794172479, 65.40508732929389
85.57261615396453, 90.81405500242138
61.02876627002532, 37.73688682374194
78.58275638276561, 129.80673762069478
70.52846349984831, 53.620292044633324
42.04218640657314, 44.53396740563602
46.478567353653965, 57.312266980313574
79.93562539179217, 5.755015024069143
57.51509202354713, 150.4743862008506
86.56619852667465, 33.141826371937235
52.38526371704235, 129.34058311414068
13.91803232311145, 96.61772725124385
82.52544358245886, 7.724457922125616
98.50070324926577, 132.88706783779324
48.45615428104995, 123.53551631421406
87.6881079347264, 46.3234649360474
26.40440925498314, 70.13015811757074
73.93615952361436, 152.5617662257731
81.36726918926868, 44.92914657347866
78.58900249932613, 157.5028189785308
87.58957849098186, 54.30032541854237
68.86776971365498, 149.828160776692
84.53677631659026, 119.16860700684924
87.60988940755927, 98.87210825786777
72.96801896460407, 95.14664251445608
38.98450576271586, 139.80744065876732
83.37990615251928, 11.610819440179277
6.126508479107951, 99.19687136217877
92.98977373260651, 149.7346658079307
39.57006156514051, 86.6723558698943
88.69663845922304, 192.51208826369134
62.626852579807604, 14.57090974503017
50.06789073638209, 65.36235797015183
55.04866696099122, 49.872700434495876
70.1156620163931, 130.92789369543695
26.446102493687874, 32.4871043910907
33.140642140096986, 49.903121379673856
52.16787594607795, 171.52141661158592
45.283059908037934, 21.434450612219557
70.90466679069671, 70.3253180119728
63.2025600869312, 127.4463052021394
52.01484982927154, 48.8919239190573
83.6390596128077, 70.40028196328383
93.49242383530579, 125.5165410219763
42.286874362021656, 91.76378614980747
33.2251920516887, 134.27054092259712
48.13023546957046, 171.79106773585934
33.452083819135616, 121.46860850254191
49.616199835036326, 116.33169323840984
52.9370667328027, 59.2216266791888
38.37680579700009, 97.66330472678946
89.03148079947842, 47.746791580713264
22.85928925939459, 120.21672919527555
45.19953440398158, 128.2501980535632
88.917896866948, 130.89401555274583
97.0124252477351, 185.7935155947573
69.94267397626555, 12.00468762272029
93.12140484553186, 102.08710050122845
85.48928242780252, 44.3300755242614
59.58411356341162, 6.731870877666224
42.21341259701008, 129.4131382728047
31.16911707285832, 41.3254149623008
96.40440770492275, 17.56945108770127
91.85141824174332, 42.16282199546646
53.327244869034864, 151.9496797636137
70.17682517390553, 50.87670941741447
58.497066148327434, 159.01863197329214
41.865314958726586, 168.38316346304856
30.4665377963814, 108.94835023985141
22.143685943850922, 36.820524530723155
77.3003807237554, 3.370978333568897
79.0683649303064, 161.14485276215217
47.19077446424651, 76.39789911686259
33.25368102088634, 129.48796014165939
13.242968185855675, 120.41887651327802
160.18300356209693, 48.63194736132574
152.13620394513066, 25.623060230630877
156.9017341206121, 81.1395704765686
127.73502630891542, 105.80071206873822
188.58652706156064, 91.6114356616477
176.73970279927278, 43.84522220266791
123.37408994852058, 188.61343225068822
140.85955436421278, 71.89318314114306
116.54141387299232, 3.5812182480080557
120.12619960494327, 48.57766661512897
157.3829576054402, 94.96105058588162
195.3217995166784, 93.94319846976
163.39801275268957, 42.46716672492783
147.93713494575078, 15.42354812942941
146.88448735383628, 47.47778459938728
149.92900076969119, 18.530337422984932
145.00248519544664, 27.869815591388946
102.43319689646373, 126.28445179414219
109.46002644158665, 157.00535500843876
137.64540713290756, 84.80175762938327
125.83631890364751, 34.43384880957916
148.1159420582752, 65.40508732929389
114.42738384603547, 90.81405500242138
138.97123372997467, 37.73688682374194
121.41724361723439, 129.80673762069478
129.47153650015167, 53.620292044633324
157.95781359342686, 44.53396740563602
153.52143264634603, 57.312266980313574
120.06437460820783, 5.755015024069143
142.48490797645286, 150.4743862008506
113.43380147332535, 33.141826371937235
147.61473628295767, 129.34058311414068
186.08196767688855, 96.61772725124385
117.47455641754114, 7.724457922125616
101.49929675073423, 132.88706783779324
151.54384571895005, 123.53551631421406
112.3118920652736, 46.3234649360474
173.59559074501686, 70.13015811757074
126.06384047638564, 152.5617662257731
118.63273081073132, 44.92914657347866
121.41099750067387, 157.5028189785308
112.41042150901814, 54.30032541854237
131.13223028634502, 149.828160776692
115.46322368340974, 119.16860700684924
112.39011059244073, 98.87210825786777
127.03198103539593, 95.14664251445608
161.01549423728414, 139.80744065876732
116.62009384748072, 11.610819440179277
193.87349152089206, 99.19687136217877
107.01022626739349, 149.7346658079307
160.42993843485948, 86.6723558698943
111.30336154077696, 192.51208826369134
137.3731474201924, 14.57090974503017
149.93210926361792, 65.36235797015183
144.95133303900877, 49.872700434495876
129.88433798360688, 130.92789369543695
173.55389750631213, 32.4871043910907
166.859357859903, 49.903121379673856
147.83212405392206, 171.52141661158592
154.71694009196207, 21.434450612219557
129.0953332093033, 70.3253180119728
136.79743991306879, 127.4463052021394
147.98515017072845, 48.8919239190573
116.3609403871923, 70.40028196328383
106.50757616469421, 125.5165410219763
157.71312563797835, 91.76378614980747
166.7748079483113, 134.27054092259712
151.86976453042953, 171.79106773585934
166.54791618086438, 121.46860850254191
150.38380016496367, 116.33169323840984
147.0629332671973, 59.2216266791888
161.6231942029999, 97.66330472678946
110.96851920052158, 47.746791580713264
177.1407107406054, 120.21672919527555
154.80046559601843, 128.2501980535632
111.082103133052, 130.89401555274583
102.9875747522649, 185.7935155947573
130.05732602373445, 12.00468762272029
106.87859515446814, 102.08710050122845
114.51071757219748, 44.3300755242614
