80
190.90584667396777, 73.24220396255032
139.69522381158444, 84.7871643438316
120.5554171209792, 95.70599291290276
166.2938486521001, 29.963681843449706
164.6239165118012, 33.73611799013165
180.9039915090333, 43.0153346882991
151.51042407860655, 167.51826570612565
188.93088202369208, 84.94334897548796
174.3270667409019, 67.58193856142792
125.36147136944858, 148.2082776238473
126.09164492006036, 89.43288068434154
133.0751836349915, 30.331518506693133
157.32229874415813, 150.83642548777206
159.47491534138064, 32.09013855321516
150.84922859138888, 122.47589867185347
161.49065883160486, 137.4049844824684
170.95818715469377, 160.69373890738754
101.551262998142, 174.41486535433052
135.03741171378135, 18.690447116369448
130.18075313104578, 156.23600394492556
134.1513963017998, 125.72008686796978
140.83871006105227, 76.88173416025894
124.96677417419534, 77.96961827311148
140.3186466151276, 162.56993649241988
166.91518024371692, 84.13197447049912
125.10301014149152, 84.71596125410106
126.60968735114753, 174.62584648366465
175.12140790129953, 76.01764308013874
101.72204361125713, 52.79346023250715
135.5993862412107, 138.75480440359757
148.72911992901308, 128.50120402862316
139.483137681352, 160.61182132309023
130.73911861253976, 49.76659388436542
125.99737763459615, 95.4966347112433
111.74091322577435, 94.26764429949827
108.03362213741545, 63.66513270862442
108.07318302555711, 115.21715149009299
113.94256214571901, 92.50816164507079
101.70357528784083, 28.89523364670761
116.4008494770856, 155.4051793367373
140.0674042591579, 122.95304116107624
133.2360756466847, 78.65546139704847
158.5624395111028, 177.76412219633804
177.65857564929226, 131.04134229917034
160.55334277920107, 168.970798852597
154.7371139405858, 82.37685626393953
167.3348872392505, 101.60545161189813
118.56086675859734, 84.26444395286867
176.89568672322852, 80.9237796177304
150.8643953533603, 89.65012391658524
124.77567827471958, 8.412089097210828
110.34005019549299, 166.10391999172612
176.42124787010115, 147.31438027049234
151.22816064768412, 41.69394987761845
183.32002471441535, 141.6070478190845
102.03405395628826, 36.218906595036835
121.32763888626675, 30.1864924376654
100.6916109368555, 127.57143141330755
108.37936408395132, 118.55548846063459
163.57708647754765, 45.248823040816724
154.71154873844955, 98.16330039705538
128.82308957436214, 153.0201320318381
125.69899837916643, 104.54829196887685
183.34941641917914, 100.03144796595423
172.6071919428933, 141.88133602224445
131.07904080830374, 67.6421074793033
108.56337918041147, 106.79261008351429
163.09363690341803, 127.36220445560215
144.6116525050981, 12.526367397655157
116.90191276215062, 44.963472527676274
139.47877085723604, 29.24824845793119
105.81517960370786, 163.38488870627037
175.35423850212902, 39.431868307420956
117.30227975055534, 55.914989103274905
104.42111419000686, 191.47995776270886
173.5976734409179, 121.91832713738987
120.41177401071627, 75.24582215624658
136.1115498702739, 75.07350000180644
120.6427013406023, 43.0034094649455
168.32384894286793, 118.26360797123014
