160
86.4580365124872, 24.181564873038774
85.3239977906225, 19.912109465611127
4.827449412968498, 100.38292391251184
48.45388257166464, 167.15858215386817
87.02065929425589, 1.1803127940947178
69.46646716399911, 36.63040401244013
12.967885814236645, 92.77228374405513
72.07188046384599, 81.65620799744573
73.3889416189422, 169.36838720870725
77.67592448573815, 118.54394778374437
56.967887923781745, 60.722238985349804
27.440477165892897, 154.7114733151845
74.75780840672019, 90.8867172405791
64.40839348075691, 19.528529329042144
90.57791834830356, 68.40135214904028
49.915867241075915, 118.68635553448709
87.21607849710956, 134.2440458945059
59.895621804736784, 189.12793085218735
64.49261180819073, 109.07636762458226
54.43055903585814, 24.972840987898913
37.37089892709945, 152.49445148491287
68.23164445345304, 86.81829683006781
78.25248605994193, 56.69812550765736
37.25678011802812, 121.28009307530321
39.79154928851622, 158.75449512767392
63.09468779098578, 104.87060126513335
19.07453810697952, 125.0546424895073
13.808514690835139, 132.8331633402547
45.91805245737807, 51.650795170987074
59.622469670373754, 183.4387845927351
94.13563917623769, 111.39550353925347
6.950337428446007, 99.4752345944549
69.54478746965763, 30.071957420351737
13.099231787869602, 123.06266973889936
74.90102016763389, 58.339182514320534
71.35321425362265, 182.80863574098447
43.053131914452095, 84.02189550630385
59.3179728511005, 95.44389915395692
84.21741587316143, 112.32683992208929
87.64187999319829, 41.246937686701514
98.82473101834162, 1.264811101660679
73.89389732932511, 128.71114788076906
38.415635505989385, 52.49491048221033
56.83066304538427, 23.02072442179186
31.58512164770513, 48.791788548098225
92.81673706494388, 91.22477126152899
83.80774503678951, 17.708199443745578
93.46194670837885, 51.281190553219645
58.57461558200436, 102.44753261925743
97.45891738706341, 170.66279159310744
87.0879123227378, 73.91040102442277
22.199883171045332, 59.46097942351554
97.87069344969163, 166.97896714817452
82.1159557413565, 86.52255354521989
62.25814469185207, 30.152903576630298
51.630541535487154, 156.20206769737692
18.614623512827688, 150.21702408300027
79.3075399953392, 62.34085800826161
83.16860592366741, 192.90161150580855
23.57282660643315, 150.92427540081079
45.5791803163138, 108.80924649138632
47.018728497139605, 101.36707442131565
74.03509679043039, 119.00311604988374
41.08206048866309, 53.889067130015555
51.13608311556225, 179.50648827818503
37.72488711150851, 90.64276274901599
38.818974188574764, 164.74980495400052
64.92087161673939, 117.6421755995381
47.43468268170551, 58.427384045686345
41.70761061754015, 28.402435977530693
4.022627877008455, 121.92547773101691
25.702216501669028, 151.37675087051514
6.631541601652646, 75.43317904210689
69.51982620583618, 154.4597000601994
68.5704945267934, 136.54988257864983
21.671545641574053, 56.185588058701754
52.90099192528246, 142.28902889250327
11.471007344944228, 141.72463525597888
48.57488897899627, 128.93119231847567
91.4580775428043, 40.71682898812297
113.5419634875128, 24.181564873038774
114.6760022093775, 19.912109465611127
195.1725505870315, 100.38292391251184
151.54611742833535, 167.15858215386817
112.97934070574411, 1.1803127940947178
130.5335328360009, 36.63040401244013
187.03211418576336, 92.77228374405513
127.92811953615401, 81.65620799744573
126.6110583810578, 169.36838720870725
122.32407551426185, 118.54394778374437
143.03211207621825, 60.722238985349804
172.5595228341071, 154.7114733151845
125.24219159327981, 90.8867172405791
135.5916065192431, 19.528529329042144
109.42208165169644, 68.40135214904028
150.08413275892408, 118.68635553448709
112.78392150289044, 134.2440458945059
140.10437819526322, 189.12793085218735
135.50738819180927, 109.07636762458226
145.56944096414185, 24.972840987898913
162.62910107290054, 152.49445148491287
131.76835554654696, 86.81829683006781
121.74751394005807, 56.69812550765736
162.74321988197187, 121.28009307530321
160.20845071148378, 158.75449512767392
136.90531220901423, 104.87060126513335
180.92546189302047, 125.0546424895073
186.19148530916488, 132.8331633402547
154.08194754262195, 51.650795170987074
140.37753032962624, 183.4387845927351
105.86436082376231, 111.39550353925347
193.049662571554, 99.4752345944549
130.45521253034235, 30.071957420351737
186.9007682121304, 123.06266973889936
125.09897983236611, 58.339182514320534
128.64678574637736, 182.80863574098447
156.94686808554792, 84.02189550630385
140.6820271488995, 95.44389915395692
115.78258412683857, 112.32683992208929
112.35812000680171, 41.246937686701514
101.17526898165838, 1.264811101660679
126.10610267067489, 128.71114788076906
161.58436449401063, 52.49491048221033
143.16933695461574, 23.02072442179186
168.41487835229486, 48.791788548098225
107.18326293505612, 91.22477126152899
116.19225496321049, 17.708199443745578
106.53805329162115, 51.281190553219645
141.42538441799564, 102.44753261925743
102.54108261293659, 170.66279159310744
112.9120876772622, 73.91040102442277
177.80011682895466, 59.46097942351554
102.12930655030837, 166.97896714817452
117.8840442586435, 86.52255354521989
137.74185530814793, 30.152903576630298
148.36945846451283, 156.20206769737692
181.38537648717232, 150.21702408300027
120.6924600046608, 62.34085800826161
116.83139407633259, 192.90161150580855
176.42717339356685, 150.92427540081079
154.4208196836862, 108.80924649138632
152.9812715028604, 101.36707442131565
125.96490320956961, 119.00311604988374
158.9179395113369, 53.889067130015555
148.86391688443774, 179.50648827818503
162.2751128884915, 90.64276274901599
161.18102581142523, 164.74980495400052
135.0791283832606, 117.6421755995381
152.5653173182945, 58.427384045686345
158.29238938245985, 28.402435977530693
195.97737212299154, 121.92547773101691
174.29778349833097, 151.37675087051514
193.36845839834734, 75.43317904210689
130.48017379416382, 154.4597000601994
131.4295054732066, 136.54988257864983
178.32845435842594, 56.185588058701754
147.09900807471755, 142.28902889250327
188.52899265505576, 141.72463525597888
151.42511102100372, 128.93119231847567
108.5419224571957, 40.71682898812297
