160
41.70021008217335, 115.59217064430112
47.79054041746539, 161.64614187759085
19.515132785589017, 46.93649186164288
83.10389277360512, 160.6354751440586
92.49429047676836, 87.05631970643992
94.73780123574747, 179.56290955474998
30.04084592662911, 30.040115015277813
53.010364188621736, 80.25239511874618
65.88885920327242, 191.2773192198564
39.82436843867181, 145.08405757542667
89.94237751151655, 165.5538883280916
86.45734016236489, 37.58876502411022
86.17800668497631, 16.20035112011975
29.29377268316159, 98.60156587345155
47.740270100001645, 179.9455295429945
83.97400716533132, 111.42411685176405
93.1738499590884, 118.22846992928812
89.36157089689158, 98.13293101568172
93.04294243017651, 51.95897088062458
76.152141714082, 174.10769890568133
26.00770659198869, 85.40033528304565
34.11952346303959, 163.12928245982604
63.12092621997213, 95.6123703572824
60.60654171576005, 111.54696860286965
97.90875868692166, 108.68713567578425
83.22024778239981, 61.966711891307334
40.14199074555216, 71.61491481082332
47.93465619820621, 123.77452784959529
57.02269206334648, 43.20635435112064
72.30351205277874, 51.377486655162464
15.245631029458151, 119.58384380736162
62.25149343109199, 189.03210679326335
67.9267836507412, 104.09921893910472
57.01882554866183, 75.17963965875742
3.9950356418356425, 77.19133634440092
84.36838014782802, 193.8399698558317
54.499842623727865, 34.902291710197055
31.321585139585505, 51.11433930437141
67.47217664693225, 44.54200913546982
70.10708271237071, 174.1833641368113
46.506668750020694, 156.84712786088056
84.97545681411906, 41.168685185362364
47.07745957920451, 43.6763349783807
86.76615365715236, 128.35335815037544
67.08064902901218, 155.22195026544304
79.81937621955704, 156.4157075438502
95.5869693331567, 2.2861087071472275
91.77543021341302, 17.518127373272762
62.47044989014814, 173.4312611313204
72.96210637471265, 125.79792484524357
49.02522711990399, 163.6960993259082
53.594377989390686, 55.46065726382299
75.5553028720019, 101.32368308335118
19.229552252646787, 102.58334823033748
85.97984320704573, 65.00083822710816
95.77952179889525, 98.09891880540557
99.27301637003897, 52.064873534749026
98.34901450520978, 89.55091530434139
92.90327695289578, 12.34213889543685
49.80350199724335, 52.08525084654423
58.1884558795506, 69.2219834240492
84.85005417905329, 120.12324520065857
5.504214619127179, 115.44890404530615
67.8616963209017, 33.28239976218643
41.68409997176666, 50.08736244240766
16.35972910574224, 127.99643379431829
88.78239789504177, 99.87786644981081
39.13390976283362, 28.020732434973027
90.0489103552263, 184.71382854555685
34.16471142302888, 96.91596071885256
99.4722833394653, 174.29299370633709
55.2425235013946, 27.55217877910594
56.8543382255573, 133.73023403617773
18.419321199365168, 114.51773652834392
57.34463144594061, 77.18567357072035
56.72200231988928, 81.44097834364116
46.943323178182695, 174.38840468240593
34.414559938316025, 168.87044713641896
35.07631649626952, 148.74760257746885
86.19180888247315, 140.39917057490115
158.29978991782664, 115.59217064430112
152.2094595825346, 161.64614187759085
180.484867214411, 46.93649186164288
116.89610722639488, 160.6354751440586
107.50570952323164, 87.05631970643992
105.26219876425253, 179.56290955474998
169.95915407337088, 30.040115015277813
146.98963581137826, 80.25239511874618
134.11114079672757, 191.2773192198564
160.1756315613282, 145.08405757542667
110.05762248848345, 165.5538883280916
113.54265983763511, 37.58876502411022
113.82199331502369, 16.20035112011975
170.7062273168384, 98.60156587345155
152.25972989999835, 179.9455295429945
116.02599283466868, 111.42411685176405
106.8261500409116, 118.22846992928812
110.63842910310842, 98.13293101568172
106.95705756982349, 51.95897088062458
123.847858285918, 174.10769890568133
173.9922934080113, 85.40033528304565
165.8804765369604, 163.12928245982604
136.87907378002788, 95.6123703572824
139.39345828423995, 111.54696860286965
102.09124131307834, 108.68713567578425
116.77975221760019, 61.966711891307334
159.85800925444784, 71.61491481082332
152.0653438017938, 123.77452784959529
142.97730793665352, 43.20635435112064
127.69648794722126, 51.377486655162464
184.75436897054186, 119.58384380736162
137.748506568908, 189.03210679326335
132.07321634925881, 104.09921893910472
142.98117445133818, 75.17963965875742
196.00496435816436, 77.19133634440092
115.63161985217198, 193.8399698558317
145.50015737627214, 34.902291710197055
168.6784148604145, 51.11433930437141
132.52782335306773, 44.54200913546982
129.8929172876293, 174.1833641368113
153.4933312499793, 156.84712786088056
115.02454318588094, 41.168685185362364
152.92254042079549, 43.6763349783807
113.23384634284764, 128.35335815037544
132.9193509709878, 155.22195026544304
120.18062378044296, 156.4157075438502
104.4130306668433, 2.2861087071472275
108.22456978658698, 17.518127373272762
137.52955010985187, 173.4312611313204
127.03789362528735, 125.79792484524357
150.974772880096, 163.6960993259082
146.4056220106093, 55.46065726382299
124.4446971279981, 101.32368308335118
180.77044774735322, 102.58334823033748
114.02015679295427, 65.00083822710816
104.22047820110475, 98.09891880540557
100.72698362996103, 52.064873534749026
101.65098549479022, 89.55091530434139
107.09672304710422, 12.34213889543685
150.19649800275664, 52.08525084654423
141.8115441204494, 69.2219834240492
115.14994582094671, 120.12324520065857
194.49578538087283, 115.44890404530615
132.1383036790983, 33.28239976218643
158.31590002823333, 50.08736244240766
183.64027089425775, 127.99643379431829
111.21760210495823, 99.87786644981081
160.8660902371664, 28.020732434973027
109.9510896447737, 184.71382854555685
165.83528857697112, 96.91596071885256
100.5277166605347, 174.29299370633709
144.7574764986054, 27.55217877910594
143.14566177444271, 133.73023403617773
181.58067880063484, 114.51773652834392
142.6553685540594, 77.18567357072035
143.27799768011073, 81.44097834364116
153.0566768218173, 174.38840468240593
165.58544006168398, 168.87044713641896
164.92368350373047, 148.74760257746885
113.80819111752685, 140.39917057490115
