224
96.80386108828729, 12.106632350284308
66.75533393961692, 33.70933815349804
33.4732775853027, 85.94198146699054
82.76922131059365, 88.5721505058384
24.583984067686416, 146.49728204540733
57.75569978688294, 127.14791401169848
51.207330762481604, 144.4089950578771
75.37012020877098, 52.87658991337585
99.42755439658177, 113.82703534107948
73.43787242137704, 89.30747733383124
58.417899246449224, 122.64347293598827
40.67322689556043, 104.48400046772872
52.62560380769815, 151.35731090106174
22.83321922430107, 84.88840832311087
55.11040413504452, 43.92870198210219
17.543744343067313, 75.31806760203771
52.589813081320194, 155.26780047721212
93.86758855921103, 95.9484122347495
54.72451289555927, 40.71502758215728
73.32815795805774, 93.25626397765856
63.83335474725572, 129.65092258586367
31.42854169304674, 44.4237923710189
5.79007133299344, 105.21065052389443
83.82432962632872, 189.38166473632884
7.484048604022386, 123.68193492734841
73.53737090404496, 172.25025777476122
78.4620867541643, 169.56579229720703
33.517348768561185, 78.11876013209597
81.76318448775099, 154.90448544425556
72.4233971786478, 179.76534958508034
38.68469953217672, 159.48702933151435
37.70275837284755, 132.40776192627436
77.12940480629099, 51.11173273015015
99.8308241340003, 116.60824725517251
83.18471553978141, 40.57649273288273
6.614600303781238, 134.66656938763606
73.46862822217143, 10.680221093290744
80.26442842077502, 25.739026998226077
43.33442929016693, 173.81324921995534
40.51330382042294, 171.90821951105457
56.55004528452727, 169.92412492822862
89.25076450824673, 117.54349148037208
66.37752081998886, 46.389199391287185
79.40758847269957, 79.79625696270207
17.607931132840406, 142.19656953538765
31.086795552492386, 71.44309546749874
45.85098404062532, 137.58785664670177
63.24422362816641, 70.19361463213565
30.40232878162733, 166.38763818170955
24.418073158534725, 154.90802098838344
85.52624866977119, 121.2425666971114
99.56404063918744, 0.8307439104230152
37.80301113396371, 27.969853149057133
11.417020279126945, 81.78409383267034
15.195802260177626, 72.72892301281968
78.14321574560825, 151.58079692947814
95.6192644928855, 101.77560152026473
73.10486060499537, 38.75387752078054
87.3136843351605, 134.73337173235788
68.31864990607984, 178.13929549557886
12.626348537471877, 98.76482367063679
0.7753956039520005, 109.83070380220059
61.70600067745601, 60.634651901936685
34.18726918552182, 127.74729455317721
63.59931543989503, 53.821877638653845
63.659095465487326, 62.95819138981018
64.34575939211832, 175.58267113281042
32.37638777465719, 154.07861789007015
87.18886640897585, 16.380470730887975
93.63601477419869, 186.0219915981471
30.02808683783975, 124.40385879435385
67.24855325772701, 143.06213226156882
55.83610110849475, 110.6978734743219
21.788249885500775, 90.96311317425005
4.006171642496003, 116.44115782658133
57.15617892089486, 112.104418028941
89.0760286926507, 198.46060531505137
12.059106091721294, 140.73041106858452
96.33014251705197, 128.3936560920627
80.65230716737145, 102.63725887630466
73.59287470314754, 45.014141833559115
99.89793901602083, 178.8156257800955
77.89955234624324, 97.44355727677136
20.2598783058473, 87.75881378807564
10.12316661381789, 129.59319903047765
42.97167213502844, 182.87888432735446
54.986882177566386, 191.63725091828283
83.12419794149825, 1.682180583710835
12.15776059372824, 43.259617252852124
1.7812921549593241, 168.85683562283205
90.88315402958355, 100.21980539939044
17.467363601185447, 193.45807116510818
51.482508407160964, 14.439251028148314
87.23726348170948, 71.12750992599611
46.04855909636218, 159.46661835001657
26.19939289954235, 134.8388254122525
36.23103094607454, 175.57580682185895
39.93971087860443, 187.1665954952946
92.54244187199191, 114.06759462243457
58.96367408188603, 21.509944588298534
97.95555859748934, 0.22480322400237895
18.570844334625935, 64.77624471126728
11.142118720303618, 114.81779532002805
29.575860906243367, 20.658823137243367
59.776622661419665, 69.002727254806
22.702198352192802, 195.42633748410717
71.0046013207469, 36.93626761488788
86.01363377733932, 177.84474145360792
22.907378723443127, 15.848612398809259
87.36300574296594, 173.05510368035493
57.38684726194361, 29.41814356487418
38.6108666619564, 2.7301013008781405
44.35423682404134, 95.73157532293311
22.827883501823386, 167.6976338414669
67.32398242290002, 194.61085083782888
16.447940446795705, 134.3312127525627
71.17327227815466, 106.82262567462861
63.20213058056283, 97.85399780082875
77.09045775708418, 8.724668376422184
0.5707369159457798, 127.75192035349703
61.185805420304284, 72.69662544627167
47.676411209035265, 21.65175382089053
34.5933174510392, 147.23033730270333
12.04950066593442, 147.24086963612814
19.056667124555872, 40.143822410817705
11.007387811182346, 103.43586085963511
4.7386525860435675, 154.39938876371414
45.72607368237812, 153.09295175955086
34.15356128165372, 99.37164742399361
67.76979957112958, 83.45348120366025
53.515841894695804, 98.50839024307241
10.539257306086714, 98.84556264607478
47.75352620051475, 186.78840757361726
31.526529240703383, 105.0056004374899
88.04294103134089, 19.14747640398882
14.04976754630306, 27.02168906991553
52.48040468274792, 141.11613792566672
86.14112323250338, 56.057817360156136
30.747990839335294, 12.294204875980096
89.6399986219275, 124.13227643671179
23.924390994605915, 140.31353754364991
96.02916676674039, 172.11169292079765
21.331579030455195, 137.82974365305236
20.837713753423103, 42.3675641220177
103.19613891171271, 12.106632350284308
133.24466606038308, 33.70933815349804
166.5267224146973, 85.94198146699054
117.23077868940635, 88.5721505058384
175.4160159323136, 146.49728204540733
142.24430021311707, 127.14791401169848
148.7926692375184, 144.4089950578771
124.62987979122902, 52.87658991337585
100.57244560341823, 113.82703534107948
126.56212757862296, 89.30747733383124
141.58210075355078, 122.64347293598827
159.32677310443955, 104.48400046772872
147.37439619230184, 151.35731090106174
177.16678077569892, 84.88840832311087
144.88959586495548, 43.92870198210219
182.45625565693268, 75.31806760203771
147.4101869186798, 155.26780047721212
106.13241144078897, 95.9484122347495
145.27548710444074, 40.71502758215728
126.67184204194226, 93.25626397765856
136.16664525274427, 129.65092258586367
168.57145830695328, 44.4237923710189
194.20992866700655, 105.21065052389443
116.17567037367128, 189.38166473632884
192.51595139597762, 123.68193492734841
126.46262909595504, 172.25025777476122
121.5379132458357, 169.56579229720703
166.4826512314388, 78.11876013209597
118.23681551224901, 154.90448544425556
127.5766028213522, 179.76534958508034
161.31530046782328, 159.48702933151435
162.29724162715246, 132.40776192627436
122.87059519370901, 51.11173273015015
100.1691758659997, 116.60824725517251
116.81528446021859, 40.57649273288273
193.38539969621877, 134.66656938763606
126.53137177782857, 10.680221093290744
119.73557157922498, 25.739026998226077
156.66557070983308, 173.81324921995534
159.48669617957705, 171.90821951105457
143.44995471547273, 169.92412492822862
110.74923549175327, 117.54349148037208
133.62247918001114, 46.389199391287185
120.59241152730043, 79.79625696270207
182.3920688671596, 142.19656953538765
168.9132044475076, 71.44309546749874
154.14901595937468, 137.58785664670177
136.75577637183358, 70.19361463213565
169.59767121837268, 166.38763818170955
175.58192684146528, 154.90802098838344
114.47375133022881, 121.2425666971114
100.43595936081256, 0.8307439104230152
162.1969888660363, 27.969853149057133
188.58297972087306, 81.78409383267034
184.80419773982237, 72.72892301281968
121.85678425439175, 151.58079692947814
104.3807355071145, 101.77560152026473
126.89513939500463, 38.75387752078054
112.6863156648395, 134.73337173235788
131.68135009392017, 178.13929549557886
187.37365146252813, 98.76482367063679
199.224604396048, 109.83070380220059
138.29399932254398, 60.634651901936685
165.8127308144782, 127.74729455317721
136.40068456010496, 53.821877638653845
136.34090453451267, 62.95819138981018
135.65424060788166, 175.58267113281042
167.6236122253428, 154.07861789007015
112.81113359102415, 16.380470730887975
106.36398522580131, 186.0219915981471
169.97191316216026, 124.40385879435385
132.751446742273, 143.06213226156882
144.16389889150526, 110.6978734743219
178.21175011449924, 90.96311317425005
195.993828357504, 116.44115782658133
142.84382107910514, 112.104418028941
110.9239713073493, 198.46060531505137
187.9408939082787, 140.73041106858452
103.66985748294803, 128.3936560920627
119.34769283262855, 102.63725887630466
