224
45.44414472863452, 144.50513480553
59.66672353506931, 163.7212879795688
84.47385263564232, 172.62914921993712
65.98494271030258, 37.942737020181184
48.99126640711623, 165.92931617519707
44.193298559818736, 161.1893366608749
54.66103899495406, 102.29106583649117
87.35240253419127, 190.38704913243157
36.166062226807746, 68.80224698729467
37.23017896534184, 118.2699130956184
54.916005700909544, 65.5452661370006
94.62221078292977, 30.21395979352515
93.12572176668601, 101.10442648559541
31.26705714683753, 62.99685807049904
86.07810938246263, 27.99793285073424
37.49170505387218, 129.96063839919208
39.24768015358965, 125.21969227673095
89.55443523361117, 73.43076316669533
39.69186803571447, 140.29495218276907
47.738081891328086, 152.3802419007287
83.95242176476205, 141.65967599597212
48.57606045201804, 58.47959780248784
84.01878296085519, 183.14201246900618
68.98869027337939, 76.4739113397691
63.69578613407909, 69.80564671618556
14.103144395297406, 66.5256555057527
40.52505653193042, 50.01236625298833
61.23059962431889, 21.850648561519613
21.623269071846472, 81.30889487271129
67.56272868847093, 80.3021260673927
92.91063485971426, 191.99198281908951
40.48545735651491, 94.54383942508254
49.427575783516374, 178.5764620603189
62.96846667392485, 128.77650258493273
76.67238353687259, 162.33327329079955
93.40400697604218, 62.0842928653427
50.309546179567874, 130.4453250782156
16.36286309701529, 111.76416722351352
85.21160225149744, 101.10990134840625
83.22028473376106, 63.70593837931562
96.36234517023581, 182.45582542600204
43.10490016023536, 27.591514965347418
96.59569634356885, 52.17145985151568
26.12625925313826, 118.65752565956873
62.33681272449611, 121.30329276166201
16.196609425899688, 102.61588447047463
45.826991631416355, 31.340779344430203
34.46347608989867, 106.51901734652762
34.28604527106797, 167.5779370679869
47.87461425318435, 23.7697828902284
75.04680994217627, 138.4858592096881
96.8626595543918, 151.00132258612354
63.620352356475706, 15.330017415328046
51.32175294531266, 37.46204045256969
23.537331064908717, 129.43207440809394
35.724731617420325, 41.742126341963996
91.12829212944892, 179.57284756961414
30.85830289225403, 48.00252731988523
54.66756071877643, 182.97185323637243
23.972472620212805, 43.2336987710213
88.77910800404442, 162.87373731151152
83.69652311108125, 5.642251292902634
62.76530348872685, 10.97188164993792
57.683124769429284, 37.81801017753965
14.090687047777262, 95.4464686084026
51.90517283563001, 24.069515993103362
92.9871941535331, 17.797085717466366
76.72628697652763, 70.02353989643859
75.43252430646587, 51.98477636458625
53.390851309424036, 68.35495066517919
98.94433123362145, 125.7824293463292
75.4324077587609, 105.66076123710673
84.77459127512887, 168.53534835864778
64.99915353274963, 191.1088618130556
68.08492564493079, 141.29847931667712
39.160425032035086, 40.417102346168555
63.68302713161367, 36.958351558930545
77.97560741767899, 192.81735273895103
38.227897440635296, 175.95752743050747
32.20705043214933, 39.79228160089219
79.47634707389484, 53.14036064117498
15.500725060485475, 82.59145611575234
25.167163266953185, 89.43855263986187
36.40027386219267, 31.232604392147856
88.44663444712488, 119.9639517248537
84.0247103183334, 10.848590833995143
45.80454226849305, 25.5630222355526
79.88723574845666, 137.52028450051657
83.42687132995647, 71.5930817649858
29.846674027202713, 111.06493280765916
8.510801156838122, 93.16886110472224
76.17611405544943, 110.48388352463938
51.036999842728484, 83.87829950455703
24.57768360862761, 84.905141766846
26.074088313898436, 189.84091147443365
94.36197203472041, 83.035040201287
66.01789439710015, 129.88687123831744
99.7204415911163, 164.11599925319666
78.999387688807, 55.67890691570423
23.575667249897958, 156.16069368467961
60.41858848223757, 131.71324996425506
44.28940657524825, 122.41374097545928
77.4030520066324, 199.82924643015596
26.83986409517265, 14.350868518602123
46.99450168495593, 90.22598463930885
52.654384128261135, 194.56263253917626
65.9240109944542, 89.13975491595826
91.16383147512416, 161.04268287813352
46.376658844435525, 28.856603071541407
23.325334964959353, 173.97084303904407
61.31568544632938, 26.665415133734083
84.94584654725405, 166.43231073645677
61.47489603083304, 57.56457741464591
56.30515165093204, 15.976649833370104
9.745917893356093, 118.73240127805946
62.314420369403656, 155.40599154549483
20.570121890860094, 138.15310952785705
45.54335618259214, 12.124606487026579
59.98329643958608, 177.14966458021638
83.82418888528152, 26.585161723284155
59.24625204457763, 41.83601228639824
16.980482492838522, 199.6939757600762
23.756312428318505, 119.4763528862756
30.489982630890456, 96.61990595230215
6.113344078502648, 163.56788174699267
82.88307637000673, 58.307890759456306
57.136161812088716, 20.757510156948623
38.16637772256667, 136.14141305252107
91.64985535053809, 198.9325516245372
74.43386182863698, 190.06273885701663
43.47076849254734, 152.03309061164987
18.414191711341488, 46.9370881419231
94.90016113546257, 171.10613031725853
49.35098667192375, 15.146079188543027
92.18699000021627, 22.90895760725469
69.07974016563855, 92.42496070464613
35.66435683686704, 184.748902475385
89.47053913429347, 145.88011217804308
61.968615014504415, 99.83016114334428
94.67011248082808, 47.303386566334105
34.43172968875097, 10.979690634620987
42.04878096382151, 0.9461397933430371
83.52169417731719, 107.4824174417508
43.97145716947042, 84.52276609230228
154.5558552713655, 144.50513480553
140.3332764649307, 163.7212879795688
115.52614736435768, 172.62914921993712
134.01505728969744, 37.942737020181184
151.00873359288377, 165.92931617519707
155.80670144018126, 161.1893366608749
145.33896100504595, 102.29106583649117
112.64759746580873, 190.38704913243157
163.83393777319225, 68.80224698729467
162.76982103465815, 118.2699130956184
145.08399429909045, 65.5452661370006
105.37778921707023, 30.21395979352515
106.87427823331399, 101.10442648559541
168.73294285316246, 62.99685807049904
113.92189061753737, 27.99793285073424
162.50829494612782, 129.96063839919208
160.75231984641036, 125.21969227673095
110.44556476638883, 73.43076316669533
160.30813196428554, 140.29495218276907
152.26191810867192, 152.3802419007287
116.04757823523795, 141.65967599597212
151.42393954798194, 58.47959780248784
115.98121703914481, 183.14201246900618
131.0113097266206, 76.4739113397691
136.3042138659209, 69.80564671618556
185.89685560470258, 66.5256555057527
159.47494346806957, 50.01236625298833
138.7694003756811, 21.850648561519613
178.37673092815353, 81.30889487271129
132.43727131152906, 80.3021260673927
107.08936514028574, 191.99198281908951
159.5145426434851, 94.54383942508254
150.57242421648363, 178.5764620603189
137.03153332607513, 128.77650258493273
123.32761646312741, 162.33327329079955
106.59599302395782, 62.0842928653427
149.69045382043214, 130.4453250782156
183.6371369029847, 111.76416722351352
114.78839774850256, 101.10990134840625
116.77971526623894, 63.70593837931562
103.63765482976419, 182.45582542600204
156.89509983976464, 27.591514965347418
103.40430365643115, 52.17145985151568
173.87374074686173, 118.65752565956873
137.6631872755039, 121.30329276166201
183.80339057410032, 102.61588447047463
154.17300836858365, 31.340779344430203
165.53652391010132, 106.51901734652762
165.71395472893204, 167.5779370679869
152.12538574681565, 23.7697828902284
124.95319005782373, 138.4858592096881
103.1373404456082, 151.00132258612354
136.3796476435243, 15.330017415328046
148.67824705468735, 37.46204045256969
176.46266893509127, 129.43207440809394
164.27526838257967, 41.742126341963996
108.87170787055108, 179.57284756961414
169.14169710774598, 48.00252731988523
145.33243928122357, 182.97185323637243
176.0275273797872, 43.2336987710213
111.22089199595558, 162.87373731151152
116.30347688891875, 5.642251292902634
137.23469651127314, 10.97188164993792
142.3168752305707, 37.81801017753965
185.90931295222273, 95.4464686084026
148.09482716436997, 24.069515993103362
107.0128058464669, 17.797085717466366
123.27371302347237, 70.02353989643859
124.56747569353413, 51.98477636458625
146.60914869057598, 68.35495066517919
101.05566876637855, 125.7824293463292
124.5675922412391, 105.66076123710673
115.22540872487113, 168.53534835864778
135.00084646725037, 191.1088618130556
131.9150743550692, 141.29847931667712
160.83957496796492, 40.417102346168555
136.31697286838633, 36.958351558930545
122.02439258232101, 192.81735273895103
161.7721025593647, 175.95752743050747
167.79294956785066, 39.79228160089219
