160
93.56308513566513, 54.366571584835064
27.113656080262484, 66.60390781397787
37.76770698444605, 158.21621904136992
81.94417273972809, 113.2354963531277
34.796625714445575, 125.17764376722008
68.15127565728415, 118.1589559215878
96.2070152171566, 26.586589410803853
82.24195605007554, 67.05570031694177
19.757994076027185, 72.48557863649698
30.168115047169795, 164.54582760414516
50.87183540903474, 148.24181384977788
85.38120241451406, 43.30002384133993
25.563560760767867, 124.4419209848884
78.55921428238852, 29.38525180195346
8.44068987570653, 81.49244132550089
77.11287918914498, 135.04583732573272
35.73602016843378, 70.95640327623943
49.806006352023005, 55.84324649901795
94.44694791341732, 166.5463037876574
62.18229435096288, 154.21826984121577
99.52031737782383, 29.105793751502862
51.451889452787015, 38.01445324202808
25.668815730178828, 90.24655562680555
6.973502132655717, 93.71904041745674
64.14973478499196, 17.788806013699055
49.80160061388518, 138.8293747977297
92.79797059694484, 180.4102321273174
95.0428835012468, 48.022431789257446
88.81672076192464, 80.2283766694669
74.73460893149665, 17.458483020496885
58.17938290359268, 119.21810623581912
60.19912782327337, 24.52912015570221
88.25648535314252, 180.98868019939377
53.39077886935599, 25.815571156538187
92.07555028467375, 11.238656601972274
25.124024460683682, 118.59474960887397
99.76231174870146, 157.9646703451936
52.63700318013195, 136.5448619883399
87.13644408390374, 35.58996495773987
14.115819101297756, 62.483968025347345
45.97329985078999, 68.9332870516736
77.65467115053029, 171.0497374769385
88.41267669847726, 4.935377117169248
24.202039531033957, 71.60151741021849
64.12269170561724, 65.79247280156508
41.45356835015338, 108.62025864823674
85.84339837287955, 130.10749767022293
8.981858724836378, 75.62896604169023
78.60905775273461, 41.5774018606849
57.96196223795196, 31.1041751620343
45.44138277556954, 50.161095986393065
32.74502427562158, 127.07613018094158
74.28581289720474, 133.7290515397507
84.93725422487638, 195.47196981942363
75.00525100546206, 38.066956122058436
55.71804516122027, 70.82656034537742
85.18248208062201, 17.75023448497506
62.40569231499248, 11.57447197821293
58.931095288419314, 58.464552351151156
59.053492824729304, 150.0540226325016
86.50275057909744, 109.96793710723374
24.117125122419203, 74.02566319798738
17.92492909322342, 96.18266861545808
29.041687439644527, 97.7967033410582
94.2327792787949, 157.39150524716388
12.87131566658709, 140.20894246942856
54.77665572101023, 17.9561438337656
92.20989634169949, 112.3254857303202
68.64944646035296, 185.21026034852724
48.467603346199986, 101.97062124319132
41.69407754254527, 133.74826352447374
41.49944323496582, 30.454240526440614
18.800446528513547, 91.75404367208124
93.23349491148453, 196.54819182589307
46.787469839717325, 88.15983648102505
40.42260438810155, 36.8589127917051
60.98609381611057, 152.70768132186032
0.4288518827406107, 91.48916789980659
95.87436142409238, 9.526667753032815
97.60128437038304, 185.86109861179756
106.43691486433487, 54.366571584835064
172.88634391973753, 66.60390781397787
162.23229301555395, 158.21621904136992
118.05582726027191, 113.2354963531277
165.20337428555442, 125.17764376722008
131.84872434271585, 118.1589559215878
103.7929847828434, 26.586589410803853
117.75804394992446, 67.05570031694177
180.2420059239728, 72.48557863649698
169.8318849528302, 164.54582760414516
149.12816459096527, 148.24181384977788
114.61879758548594, 43.30002384133993
174.43643923923213, 124.4419209848884
121.44078571761148, 29.38525180195346
191.55931012429346, 81.49244132550089
122.88712081085502, 135.04583732573272
164.26397983156622, 70.95640327623943
150.19399364797698, 55.84324649901795
105.55305208658268, 166.5463037876574
137.81770564903712, 154.21826984121577
100.47968262217617, 29.105793751502862
148.54811054721299, 38.01445324202808
174.33118426982116, 90.24655562680555
193.0264978673443, 93.71904041745674
135.85026521500805, 17.788806013699055
150.19839938611483, 138.8293747977297
107.20202940305516, 180.4102321273174
104.9571164987532, 48.022431789257446
111.18327923807536, 80.2283766694669
125.26539106850335, 17.458483020496885
141.82061709640732, 119.21810623581912
139.8008721767266, 24.52912015570221
111.74351464685748, 180.98868019939377
146.60922113064402, 25.815571156538187
107.92444971532625, 11.238656601972274
174.87597553931633, 118.59474960887397
100.23768825129854, 157.9646703451936
147.36299681986804, 136.5448619883399
112.86355591609626, 35.58996495773987
185.88418089870225, 62.483968025347345
154.02670014921, 68.9332870516736
122.34532884946971, 171.0497374769385
111.58732330152274, 4.935377117169248
175.79796046896604, 71.60151741021849
135.87730829438277, 65.79247280156508
158.54643164984662, 108.62025864823674
114.15660162712045, 130.10749767022293
191.01814127516363, 75.62896604169023
121.39094224726539, 41.5774018606849
142.03803776204805, 31.1041751620343
154.55861722443046, 50.161095986393065
167.25497572437843, 127.07613018094158
125.71418710279526, 133.7290515397507
115.06274577512362, 195.47196981942363
124.99474899453794, 38.066956122058436
144.28195483877974, 70.82656034537742
114.81751791937799, 17.75023448497506
137.59430768500752, 11.57447197821293
141.06890471158067, 58.464552351151156
140.9465071752707, 150.0540226325016
113.49724942090256, 109.96793710723374
175.8828748775808, 74.02566319798738
182.07507090677657, 96.18266861545808
170.95831256035547, 97.7967033410582
105.7672207212051, 157.39150524716388
187.1286843334129, 140.20894246942856
145.22334427898977, 17.9561438337656
107.79010365830051, 112.3254857303202
131.35055353964702, 185.21026034852724
151.53239665380002, 101.97062124319132
158.30592245745473, 133.74826352447374
158.5005567650342, 30.454240526440614
181.19955347148647, 91.75404367208124
106.76650508851547, 196.54819182589307
153.21253016028268, 88.15983648102505
159.57739561189845, 36.8589127917051
139.01390618388945, 152.70768132186032
199.57114811725938, 91.48916789980659
104.12563857590762, 9.526667753032815
102.39871562961696, 185.86109861179756
