208
20.049461728112416, 98.96452529682323
53.36473722984574, 23.60147609907486
71.50368277306914, 99.35335404539876
88.72973283702402, 82.2107700066508
71.24306942432099, 162.89048608929383
78.51615621566779, 79.76302910126837
99.23481629220107, 54.12922687576647
22.437825437434256, 46.79208931864631
84.41719301418044, 186.97921816130383
97.50365965753096, 31.983822151535147
70.14894729324399, 107.04453188986965
75.63735731615616, 52.68484976923051
61.8292399409448, 120.8347717786049
41.483787807995654, 75.68470200795619
98.90806436611479, 83.12421902628977
61.223347080812474, 50.10363157369666
1.3005580832698538, 84.89026263630117
93.43945279551224, 103.34843587369191
19.72265711314626, 121.87004048262055
91.79713306592599, 72.99111662929829
69.10094314514728, 152.80464530747963
57.21275879133315, 146.39628172310896
86.38253737306746, 184.63918697527902
4.545089801052004, 77.9864530736915
45.799812045720245, 115.07643022156904
58.03664049991571, 82.76136198345156
76.67894402769163, 19.476226829177957
73.80316568334055, 123.19637699368802
25.764067833543038, 125.85009638153757
75.53882259903247, 146.85998929734538
36.46106498725983, 126.997544603514
99.79071123812815, 147.27202790680036
57.50435498567238, 167.6507972521509
61.586677505585605, 99.29607879099609
75.82008211645567, 163.36601639485008
82.50215745668106, 137.270147181833
59.18673775914669, 30.508828071081794
7.728254365625597, 66.54086779158781
54.32400100609625, 104.06563381963892
25.507259253389915, 74.03706083780281
49.32797498649507, 79.14884480659785
78.10678732230811, 147.7376321098115
86.53334863337311, 77.96786363393358
18.4395542462208, 116.02558418254354
44.83321078445304, 62.313965064650986
35.1641462139697, 27.182586209160387
50.69274898982332, 95.3465119017125
49.49542050166613, 121.81345632000713
36.36277177686984, 154.82460356189807
81.29200298965287, 63.562663897096904
73.5037446555524, 73.15617724581986
8.142290955243936, 123.67926564195145
89.8120193961481, 186.10933470935046
55.154403409465715, 25.606202892607
28.26303741724039, 127.66211120791058
39.223094091731305, 128.10884448232832
44.849272382672545, 52.01385326674812
84.06121765728477, 118.46365154131178
89.4038638283629, 124.82781056683659
63.49027373653976, 9.297634316279769
8.209092325099721, 117.04160608526138
80.93231838208388, 18.17985956051258
43.4675098665726, 26.847889908688003
98.13590078698327, 175.1182965645318
88.87337937610796, 56.2882063954393
85.56862798468453, 161.13112854731216
96.38598506561166, 162.71649293673687
90.10169308158304, 62.31851230454299
63.39525613020442, 184.29934221642563
43.46500652170292, 108.28918769984115
17.087537422864298, 118.2729654919978
30.824143935686422, 120.71336888665718
44.20307073913294, 32.20101465893113
32.96482223771525, 108.65036718872811
96.64585989568253, 108.31893687544803
95.23319341732758, 141.68851172215415
89.51384222627607, 10.355359443705092
51.88355054958824, 85.3570401716901
39.37165575985453, 148.64881242992044
56.658774354882034, 141.38650636962794
82.28058160282083, 169.21732363719866
30.436150372959613, 81.35604009028805
93.73027687794941, 187.91140033564704
82.02831899955899, 102.3477782112867
66.6867087806421, 42.735802568699974
32.9076797533014, 136.45688860252915
75.81112584377131, 137.77312168451314
66.91469571716992, 44.730857495879015
48.778135141194234, 83.66030414244618
51.999869928443076, 62.489890374140366
76.62279301604383, 106.3821582611796
25.89428624359037, 175.13827299008122
11.905147520605697, 185.2344698277977
68.67428286932852, 9.123581225702493
17.20392405564163, 84.11720928571825
24.91429026400791, 32.95099321597408
11.007076422843575, 113.83427294462507
16.489450647321704, 42.817570648026006
57.67320463356731, 134.8189515928314
15.182582497589426, 110.87361065871832
18.914851115474907, 136.61550442774637
31.566592571588636, 110.61682667239656
1.0023660452056715, 39.00460145846587
32.865232786078934, 122.14904368764343
54.864072584842205, 89.01535674101343
11.720174311740584, 69.11205909668308
88.25372851702988, 159.54905030509266
37.3709178284206, 121.41610660075273
76.36246140286289, 196.3728980467761
94.4472491120552, 87.25729248149945
28.319949987825144, 196.78921779031856
7.996020172609142, 179.18130138197313
50.980585395430126, 176.5025610415258
84.44532571180744, 41.60453270643305
75.72249848669813, 29.82820805866695
49.951623270160376, 42.823255638809954
4.458467150714029, 148.2186824586268
76.51153730251289, 4.455761249222756
21.21878242128209, 115.21986549902996
0.08016688953936812, 1.4019798045910692
80.5592387452612, 60.697182065801705
65.97352733654137, 179.211172072844
70.72968135771853, 80.30894813807453
82.24850543483467, 23.068029628073504
78.45982016832261, 123.61711836321116
68.27959301986446, 22.693689210982825
96.92531345029172, 57.98928869268318
65.66497761921947, 24.340558488708687
179.95053827188758, 98.96452529682323
146.63526277015427, 23.60147609907486
128.49631722693084, 99.35335404539876
111.27026716297598, 82.2107700066508
128.756930575679, 162.89048608929383
121.48384378433221, 79.76302910126837
100.76518370779893, 54.12922687576647
177.56217456256576, 46.79208931864631
115.58280698581956, 186.97921816130383
102.49634034246904, 31.983822151535147
129.851052706756, 107.04453188986965
124.36264268384384, 52.68484976923051
138.1707600590552, 120.8347717786049
158.51621219200433, 75.68470200795619
101.09193563388521, 83.12421902628977
138.77665291918754, 50.10363157369666
198.69944191673014, 84.89026263630117
106.56054720448776, 103.34843587369191
180.27734288685375, 121.87004048262055
108.20286693407401, 72.99111662929829
130.89905685485272, 152.80464530747963
142.78724120866684, 146.39628172310896
113.61746262693254, 184.63918697527902
195.454910198948, 77.9864530736915
154.20018795427976, 115.07643022156904
141.9633595000843, 82.76136198345156
123.32105597230837, 19.476226829177957
126.19683431665945, 123.19637699368802
174.23593216645696, 125.85009638153757
124.46117740096753, 146.85998929734538
163.53893501274018, 126.997544603514
100.20928876187185, 147.27202790680036
142.49564501432764, 167.6507972521509
138.4133224944144, 99.29607879099609
124.17991788354433, 163.36601639485008
117.49784254331894, 137.270147181833
140.8132622408533, 30.508828071081794
192.2717456343744, 66.54086779158781
145.67599899390376, 104.06563381963892
174.49274074661008, 74.03706083780281
150.67202501350494, 79.14884480659785
121.89321267769189, 147.7376321098115
113.46665136662689, 77.96786363393358
181.5604457537792, 116.02558418254354
155.16678921554697, 62.313965064650986
164.8358537860303, 27.182586209160387
149.30725101017669, 95.3465119017125
150.50457949833387, 121.81345632000713
163.63722822313017, 154.82460356189807
118.70799701034713, 63.562663897096904
126.4962553444476, 73.15617724581986
191.85770904475606, 123.67926564195145
110.1879806038519, 186.10933470935046
144.84559659053429, 25.606202892607
171.73696258275962, 127.66211120791058
160.7769059082687, 128.10884448232832
155.15072761732745, 52.01385326674812
115.93878234271523, 118.46365154131178
110.5961361716371, 124.82781056683659
136.50972626346024, 9.297634316279769
191.79090767490027, 117.04160608526138
119.06768161791612, 18.17985956051258
156.53249013342742, 26.847889908688003
101.86409921301673, 175.1182965645318
111.12662062389204, 56.2882063954393
114.43137201531547, 161.13112854731216
103.61401493438834, 162.71649293673687
109.89830691841696, 62.31851230454299
136.60474386979558, 184.29934221642563
156.53499347829708, 108.28918769984115
182.9124625771357, 118.2729654919978
169.17585606431356, 120.71336888665718
155.79692926086705, 32.20101465893113
167.03517776228475, 108.65036718872811
103.35414010431747, 108.31893687544803
104.76680658267242, 141.68851172215415
110.48615777372393, 10.355359443705092
148.11644945041175, 85.3570401716901
160.62834424014548, 148.64881242992044
143.34122564511796, 141.38650636962794
