160
88.17576648581857, 78.0179617782635
58.084963898668875, 166.19853018776698
61.63866620845175, 72.7126857361141
53.121689839754126, 156.456187475841
92.6339563789562, 141.2844061351546
91.75978664154997, 199.21386272841693
77.72783991427943, 168.4710326438901
64.10767045964137, 124.78074250709095
84.43947922251328, 139.5203050597759
23.406412327556424, 114.82524281864013
49.91666584707968, 24.185402870793425
14.85529829488803, 114.77086545777611
76.88850432930167, 138.7533427427933
69.0675230312961, 51.74083890764045
99.28827339245073, 167.13525619192387
65.28271923600862, 171.10366663297484
17.293748507542666, 37.15444533960275
25.32084150925723, 67.44174634330547
9.443963743467876, 117.41018984490907
48.30605345260648, 80.47839105995945
90.51170242314176, 139.68425949065534
73.65409162195361, 183.43548707686773
18.27090766342084, 142.6520830599948
82.38566541311587, 85.61323525108004
30.73913924242482, 30.37248419296872
90.8845293933908, 125.36784960364152
43.251380591006324, 146.01958556414493
34.54723671117259, 43.724535378545106
2.9945375575905864, 165.89717573810918
86.15766552393293, 156.85905513649408
74.06923137556778, 113.20987981951029
85.312201951863, 123.3868603802277
40.39409745290153, 47.60441570806997
30.677618339639416, 137.61533372906212
51.57643225012107, 73.1385394609894
74.20766622297455, 105.97918770374505
84.33164792187821, 187.09592098060648
48.37101592299482, 56.78500330113505
65.06164024967204, 184.82582359990158
94.64697282703135, 56.3868140596614
46.94883858535566, 145.63262552695682
52.118413334190485, 110.54119994744691
66.20132465001173, 66.00111484056899
16.18947806400134, 88.10540055461394
42.37597249018326, 62.84397516264971
40.24792709799577, 158.52386309531195
54.978183856117, 186.2215763033424
34.25837590753332, 97.58341855280395
85.21518195159304, 77.1452154794251
52.43954810266056, 31.16981816474631
29.841240650891166, 108.44688361549703
16.936821731481544, 62.53527035772566
57.32602326936899, 156.60137823560646
89.04224573783884, 148.69954670719878
94.14386286705391, 197.68920147040757
83.80851496169538, 58.992768864652135
84.34730434549074, 198.57821177140252
15.752527783586203, 82.68544490296655
76.74568436172927, 186.8143424986556
32.41619129115863, 40.069085605190914
22.582970626294696, 77.803232683221
9.330168504675152, 94.82979092976377
26.549919169062854, 101.72417005540059
87.71698346900568, 140.438055849649
94.02171289680277, 103.24137936845217
17.590855475634314, 52.96008276750372
25.35710356819252, 97.78125162187756
49.34812688957457, 182.59080126691558
26.63674266301169, 86.60936546784377
53.20939778561758, 161.61776026381384
61.21713777073291, 147.53000956680268
89.12469075763742, 111.83645715750619
25.312420221217945, 139.60052652154417
68.41221407624231, 28.891037474635418
14.79730541113976, 13.821682529727447
55.53966040447885, 14.204387162663345
73.9476746491642, 22.125782555165753
34.72568173319874, 102.80210362100742
33.58512452383506, 32.73590109785605
41.77582827076625, 78.5359727363326
147.83342728367163, 82.92056452608722
141.9150361013311, 166.19853018776698
138.36133379154825, 72.7126857361141
146.87831016024586, 156.456187475841
107.3660436210438, 141.2844061351546
108.24021335845003, 199.21386272841693
135.6155934500419, 173.86624310440277
135.89232954035862, 124.78074250709095
115.56052077748672, 139.5203050597759
176.59358767244356, 114.82524281864013
172.4048993729635, 36.85260679570601
185.14470170511197, 114.77086545777611
123.11149567069833, 138.7533427427933
157.1576601129363, 98.5375426912592
100.71172660754927, 167.13525619192387
134.71728076399137, 171.10366663297484
124.0596613907526, 100.1046666753963
174.67915849074276, 67.44174634330547
190.55603625653214, 117.41018984490907
151.69394654739352, 80.47839105995945
156.42081346976914, 117.07806033604975
126.34590837804639, 183.43548707686773
176.46745479070188, 162.4045075850178
117.61433458688413, 85.61323525108004
169.2608607575752, 30.37248419296872
109.1154706066092, 125.36784960364152
156.74861940899368, 146.01958556414493
165.4527632888274, 43.724535378545106
168.2056873206346, 158.77264964800588
113.84233447606707, 156.85905513649408
125.93076862443222, 113.20987981951029
114.687798048137, 123.3868603802277
159.60590254709848, 47.60441570806997
115.26757993420408, 70.37716845181163
148.42356774987894, 73.1385394609894
125.79233377702545, 105.97918770374505
115.66835207812179, 187.09592098060648
151.62898407700519, 56.78500330113505
134.93835975032795, 184.82582359990158
105.35302717296865, 56.3868140596614
153.05116141464435, 145.63262552695682
147.88158666580952, 110.54119994744691
133.7986753499883, 66.00111484056899
183.81052193599865, 88.10540055461394
119.84156727954134, 121.20812323078187
159.75207290200422, 158.52386309531195
145.021816143883, 186.2215763033424
165.74162409246668, 97.58341855280395
114.78481804840696, 77.1452154794251
147.56045189733945, 31.16981816474631
170.15875934910883, 108.44688361549703
183.06317826851847, 62.53527035772566
142.673976730631, 156.60137823560646
110.95775426216116, 148.69954670719878
105.85613713294609, 197.68920147040757
148.75115895885503, 128.18264857293673
115.65269565450926, 198.57821177140252
160.3488364938435, 32.49455923565681
174.32563045240758, 154.59111184593328
167.58380870884136, 40.069085605190914
177.4170293737053, 77.803232683221
190.66983149532484, 94.82979092976377
173.45008083093714, 101.72417005540059
112.28301653099432, 140.438055849649
105.97828710319723, 103.24137936845217
182.40914452436567, 52.96008276750372
133.04292045487097, 54.96229208722592
150.6518731104254, 182.59080126691558
173.3632573369883, 86.60936546784377
146.79060221438243, 161.61776026381384
138.7828622292671, 147.53000956680268
110.87530924236258, 111.83645715750619
174.68757977878207, 139.60052652154417
131.58778592375768, 28.891037474635418
134.62931837760732, 40.60785589770583
144.46033959552113, 14.204387162663345
126.0523253508358, 22.125782555165753
165.27431826680126, 102.80210362100742
167.6763007756859, 58.01326155376427
158.22417172923375, 78.5359727363326
