160
40.33928442092001, 104.3400694723277
67.07426553064207, 106.5842724789078
37.815489315070884, 173.09473848650345
78.68032325379252, 196.39664196000538
35.0859617079398, 66.51805339228444
90.80598697934718, 116.74854484805162
61.32184292178883, 138.23865292587502
47.80025714641864, 171.3244433641618
53.088070762178376, 164.10345860841207
3.774027437279448, 98.5391069263176
26.7473776972199, 101.36195835313606
16.804335531591754, 95.970910654702
67.20605704828019, 15.123689280679331
90.60555936739885, 128.86196222569137
71.05370751362827, 29.936044827854523
54.876045199974385, 16.152109806499524
62.805927056056596, 191.34431923945064
86.51243213733457, 25.708473029444455
83.87977954367328, 131.9131121543451
13.795934585466885, 105.15536524452551
62.277183784759046, 15.311396610815775
52.1069128083623, 75.56761612260023
23.339209911480996, 60.70619913918467
95.2377878818614, 97.99200001780764
67.8845907245318, 76.98596770513898
28.35961287818395, 85.96129713496656
97.6901751789114, 29.345720756204496
83.73093757365955, 111.53506388556045
82.54805022151086, 49.10890657986986
18.87822466432657, 58.210436350643576
59.06256312508705, 120.89884030921083
19.777169500662993, 76.37765365686566
28.245866493659854, 114.37146507331597
79.07033571361822, 41.87334649163172
22.750218349639194, 68.79426826316282
88.92885715660486, 116.35807110724899
32.422242222129526, 156.5842809413263
13.739421061991075, 130.0810903396962
52.28271190367933, 86.04008041975236
93.29187135532833, 156.59393762739097
88.3560213245565, 97.77064029829197
52.289733566850906, 24.966124507064478
53.33803431597571, 47.900640435428635
91.13006257881734, 138.07661635627272
39.116510134912254, 59.9630455838535
81.0389565666278, 26.252418723395166
49.63470485408337, 95.60016615726414
39.095437550600344, 137.09904972329906
99.39808601981147, 38.51374760419919
54.65974959958238, 44.0341692286726
96.97017751386471, 158.08437040120504
96.37410220904535, 131.11995637225533
46.672678870061986, 155.99244683703267
36.96138952792624, 92.33113804137456
3.1744014091121486, 117.07740813045642
87.43134959688965, 180.7393031789121
56.34513420487709, 107.23639938345386
79.29824718891503, 178.56101406769355
30.89788682149588, 37.43796177348359
30.505371666063752, 128.7191762801982
17.389502078103103, 82.74926424406739
60.578448427096646, 126.31584849855497
23.895127981841924, 94.73688799542954
86.76558572476138, 40.45491625205284
71.09897408353186, 102.04543203679928
86.39512348700919, 190.3272300712981
67.37031203267031, 166.67662071108262
56.62357675673423, 118.36669878957915
44.87896768446375, 31.921024682498977
36.59539459514978, 64.29129784434866
62.40905201405648, 163.48274865842066
57.30261786989388, 137.13333586474204
73.86101437044623, 44.0026189898548
60.22697044762483, 77.8417957629389
73.94168663862487, 12.00802335705269
69.54740258086596, 107.5731211614822
66.24090597391077, 43.12529749413545
66.80400722642801, 101.60889324089422
79.24185083372055, 35.82739813336904
41.94542052660979, 132.7041502972587
159.66071557907998, 104.3400694723277
132.92573446935793, 106.5842724789078
162.1845106849291, 173.09473848650345
121.31967674620748, 196.39664196000538
164.91403829206018, 66.51805339228444
109.19401302065282, 116.74854484805162
138.67815707821117, 138.23865292587502
152.19974285358137, 171.3244433641618
146.91192923782162, 164.10345860841207
196.22597256272056, 98.5391069263176
173.2526223027801, 101.36195835313606
183.19566446840824, 95.970910654702
132.79394295171983, 15.123689280679331
109.39444063260115, 128.86196222569137
128.94629248637173, 29.936044827854523
145.12395480002561, 16.152109806499524
137.1940729439434, 191.34431923945064
113.48756786266543, 25.708473029444455
116.12022045632672, 131.9131121543451
186.20406541453312, 105.15536524452551
137.72281621524095, 15.311396610815775
147.8930871916377, 75.56761612260023
176.660790088519, 60.70619913918467
104.7622121181386, 97.99200001780764
132.1154092754682, 76.98596770513898
171.64038712181605, 85.96129713496656
102.3098248210886, 29.345720756204496
116.26906242634045, 111.53506388556045
117.45194977848914, 49.10890657986986
181.12177533567342, 58.210436350643576
140.93743687491295, 120.89884030921083
180.22283049933702, 76.37765365686566
171.75413350634014, 114.37146507331597
120.92966428638178, 41.87334649163172
177.2497816503608, 68.79426826316282
111.07114284339514, 116.35807110724899
167.5777577778705, 156.5842809413263
186.26057893800893, 130.0810903396962
147.71728809632066, 86.04008041975236
106.70812864467167, 156.59393762739097
111.6439786754435, 97.77064029829197
147.7102664331491, 24.966124507064478
146.6619656840243, 47.900640435428635
108.86993742118266, 138.07661635627272
160.88348986508774, 59.9630455838535
118.9610434333722, 26.252418723395166
150.36529514591663, 95.60016615726414
160.90456244939966, 137.09904972329906
100.60191398018853, 38.51374760419919
145.34025040041763, 44.0341692286726
103.02982248613529, 158.08437040120504
103.62589779095465, 131.11995637225533
153.327321129938, 155.99244683703267
163.03861047207377, 92.33113804137456
196.82559859088786, 117.07740813045642
112.56865040311035, 180.7393031789121
143.6548657951229, 107.23639938345386
120.70175281108497, 178.56101406769355
169.1021131785041, 37.43796177348359
169.49462833393625, 128.7191762801982
182.6104979218969, 82.74926424406739
139.42155157290335, 126.31584849855497
176.10487201815806, 94.73688799542954
113.23441427523862, 40.45491625205284
128.90102591646814, 102.04543203679928
113.60487651299081, 190.3272300712981
132.6296879673297, 166.67662071108262
143.37642324326578, 118.36669878957915
155.12103231553624, 31.921024682498977
163.40460540485023, 64.29129784434866
137.59094798594353, 163.48274865842066
142.69738213010612, 137.13333586474204
126.13898562955377, 44.0026189898548
139.77302955237516, 77.8417957629389
126.05831336137513, 12.00802335705269
130.45259741913404, 107.5731211614822
133.75909402608923, 43.12529749413545
133.195992773572, 101.60889324089422
120.75814916627945, 35.82739813336904
158.05457947339022, 132.7041502972587
