192
44.41122267162066, 69.3566075896916
18.438519725112922, 104.11631609378087
88.34692765384162, 89.65460668884123
49.56853451442327, 28.83660760265733
58.29879741196117, 113.87004110274006
79.03275089801939, 83.24761799599978
92.01025966693645, 183.31561028356654
7.571921136217064, 101.5930933089006
33.32521530150303, 163.0540784672311
8.600361783135348, 80.80533183168207
68.08113291471375, 53.21408395002001
71.27641094360192, 193.09837714158195
32.31499658960397, 167.2512939275312
90.46258415097608, 49.13028859360524
66.74180239801561, 86.00323253374575
73.11239577596508, 179.19620068698362
27.6386027659307, 112.54102961979228
21.17085448225141, 52.65362051041353
95.18926535539717, 107.54665267564698
83.13867158835204, 197.5593385443447
93.30081328417546, 97.98191139752397
96.24221161830262, 37.60330146765801
18.208927613545058, 68.44339158549948
23.427436133488122, 99.78139686225924
32.59422618586426, 3.9892262791928887
78.1133288945577, 124.83507355691223
22.102804759009814, 103.69242847423214
98.94256052160398, 55.90825719443485
7.181160232997175, 131.90389367315117
54.2673826302713, 165.55442722278863
43.6944747990615, 159.75290966642325
43.816764337010824, 101.55773064464412
71.3115098367911, 47.84418349099232
56.574142742356024, 150.49446554380077
77.17231444505272, 21.771263203390756
47.71186305942386, 92.60500589095469
46.472426532612424, 184.59016784427493
21.84476567561555, 151.3207546274001
4.06187130878104, 74.81888800398724
74.414244029153, 198.86540526456506
54.97103366310494, 31.63105069254899
53.89660197399741, 100.93295132140871
79.2412897551577, 99.95197823305897
90.03519666869632, 160.6813132700194
70.38028032503242, 147.49489617971471
38.10390099146162, 97.71071976037365
68.80351706548214, 27.4985680656739
9.765704143171472, 138.7914388576586
50.5350256338789, 30.22501116424352
86.16118551495792, 184.56748948578797
14.93161948873179, 81.71655739084034
72.40689837891408, 171.69303211319703
7.788590759292106, 87.76937833319693
52.71983264392849, 179.54082430860674
15.25625500363822, 142.2510865310736
73.21998423480323, 106.74818167537535
27.16784448733385, 50.42514237237148
86.05065986869116, 195.56535085358067
65.0047719211487, 34.381519491653
45.03679498806207, 72.51555211623779
50.77432962626518, 127.46689136497393
20.22886282920632, 34.69307416579693
72.62606862942879, 84.37766564874362
34.97530430109917, 73.63549534565183
42.30458003296073, 111.43348966521012
1.581673261346502, 164.3602176267218
3.548772034401537, 102.83544372994722
50.28535119593056, 170.88902204039192
70.5109369712598, 77.46943650481151
80.77125859502486, 89.8537620803174
93.61645040277513, 195.05057857789257
5.327551618207757, 108.38446663944222
59.112711147956844, 117.12171295953605
42.18373111051963, 143.92024928346788
23.69046122786925, 5.983268969878871
42.032172575925976, 62.780808786545464
48.19559351444922, 133.7861177808782
59.97112956881032, 103.70987860671994
78.97079218916248, 36.115158524319135
60.74898032414694, 146.68149013969938
38.55218222962114, 177.68902003865566
93.24945834017083, 109.4814906196047
59.4939086860403, 101.15532959428977
17.45954541123972, 33.34000233698904
52.221985840353426, 183.1000380455729
19.488183331312612, 10.403851096549799
99.75720801381257, 39.32336044987754
49.427672817632704, 69.98793141048067
16.76268049585554, 26.82244708563699
92.71865132135655, 7.9511363348255815
72.14690240860249, 128.90854264595927
51.57036817108853, 27.041788717630055
59.620580028408796, 88.92210258681747
11.264901564269003, 8.266848197660348
39.27711493401883, 130.44108533131137
12.629636322905323, 61.275106626170505
66.62948237383674, 0.5945063048644394
42.80649601448508, 17.483801442765422
29.452340224354668, 12.188951671382675
94.18353461522527, 54.44865902971851
51.89717088807014, 11.967700793697489
39.24783666705779, 44.937666087689145
16.654690685786232, 183.66907673180296
73.25201320486835, 37.3214935452038
30.944235644924557, 136.4953402491515
21.701643900109303, 99.7389815553398
93.3085022206127, 177.68165432567739
75.98615796646968, 72.863558823853
24.307374154761185, 38.44063381500131
86.26126311896003, 141.58506934737792
63.56888220474133, 54.04720828709284
80.1749318660178, 171.51625260937726
155.58877732837934, 69.3566075896916
174.0433960801126, 75.78731096144071
111.65307234615838, 89.65460668884123
115.86492261989915, 85.02072317760638
141.6782071835801, 125.47409968549574
120.96724910198061, 83.24761799599978
107.98974033306355, 183.31561028356654
192.42807886378293, 101.5930933089006
164.4467899856763, 99.47207662725552
142.52518608019102, 108.692739775149
131.91886708528625, 53.21408395002001
128.72358905639808, 193.09837714158195
167.68500341039604, 167.2512939275312
159.38794930152707, 34.23979924096001
166.61083309907656, 78.06335807258597
126.88760422403492, 179.19620068698362
172.3613972340693, 112.54102961979228
178.8291455177486, 52.65362051041353
147.4698597095559, 65.59685464742905
116.86132841164796, 197.5593385443447
106.69918671582454, 97.98191139752397
182.23509067226777, 92.28217969744863
181.79107238645494, 68.44339158549948
176.57256386651187, 99.78139686225924
107.51114376560828, 1.9645882406107207
121.8866711054423, 124.83507355691223
109.19973966074056, 153.7101174241047
177.46215125352532, 127.04631148682822
192.81883976700283, 131.90389367315117
145.7326173697287, 165.55442722278863
156.3055252009385, 159.75290966642325
156.18323566298918, 101.55773064464412
179.3957386448331, 81.81331285074897
151.54461911125296, 137.8139066249541
122.82768555494728, 21.771263203390756
152.28813694057612, 92.60500589095469
158.5411062671627, 126.26655489218012
178.15523432438445, 151.3207546274001
195.93812869121896, 74.81888800398724
153.67008496149413, 162.5157221647353
145.02896633689505, 31.63105069254899
146.1033980260026, 100.93295132140871
120.7587102448423, 99.95197823305897
172.63973484606058, 159.89467015559686
129.10826917812201, 120.81581622984245
196.87979818904174, 81.74785828533513
131.19648293451786, 27.4985680656739
190.23429585682854, 138.7914388576586
149.4649743661211, 30.22501116424352
113.83881448504208, 184.56748948578797
143.573490514848, 79.51249831105113
127.59310162108592, 171.69303211319703
123.17487216453972, 48.46016260744628
147.2801673560715, 179.54082430860674
184.74374499636178, 142.2510865310736
126.78001576519677, 106.74818167537535
172.83215551266616, 50.42514237237148
113.94934013130884, 195.56535085358067
134.9952280788513, 34.381519491653
154.96320501193793, 72.51555211623779
149.22567037373483, 127.46689136497393
127.7978270487375, 74.66951432460296
164.36118333284782, 144.2436673663971
165.0246956989008, 73.63549534565183
157.69541996703927, 111.43348966521012
152.02238533033466, 100.34737673627845
127.57613470349625, 76.92972040003572
149.71464880406944, 170.88902204039192
149.56548930789018, 99.45644698358196
119.22874140497514, 89.8537620803174
100.46905195985825, 161.6346972402324
185.8306009138925, 91.31634951770945
106.46660507568494, 194.03579068408217
105.11397949344232, 86.25863909438749
126.67166038056475, 16.875430237556422
157.96782742407402, 62.780808786545464
151.80440648555077, 133.7861177808782
140.0288704311897, 103.70987860671994
163.78136562194854, 47.615319644499856
139.25101967585306, 146.68149013969938
