208
79.8110633232183, 76.94467390714867
91.0005701974581, 160.92389733226403
4.877255167082795, 82.57994331553027
89.98921803399143, 2.1494137758015786
46.883720199769115, 172.6702249523441
77.79037105521387, 143.53115124686624
8.003318637616964, 99.88302824036013
16.256085606219493, 92.42468348680953
43.53624148129684, 182.17667865449314
70.15728503932078, 55.03930090068643
49.876534196990804, 42.3105729260016
58.855894786995755, 15.945649547160112
27.361542291245122, 65.00507892244012
66.29079528299965, 173.0446083972554
68.64653100135963, 124.07251285805717
68.67844808106851, 49.947053511580705
67.31683562745556, 99.07720680425696
63.36881907020862, 139.7011799199763
91.76599734770787, 58.996050255732
54.01137049401098, 22.920864876232947
97.81812792147521, 78.37630078038045
41.624689628205644, 162.5538820221369
98.39645352195792, 112.7591694353232
75.06943096390899, 177.38155149990448
30.396901395474675, 69.09770152411589
81.43954380051413, 154.01928315985978
20.00327006730922, 86.14697601870482
71.05126950520525, 26.760416130082444
14.142461745947198, 94.62427464042531
30.39650548895586, 125.21743017174475
49.11720606356829, 81.6692181471034
40.54299558272153, 52.66757281245902
45.623046150125866, 149.62607182603801
11.915992161461542, 89.696347570598
88.9124037294595, 47.32804290301229
49.35421671432437, 165.7524120762074
29.233895413815258, 160.66348078546713
47.494174254032174, 39.80237607354009
92.3239804082795, 60.9384817311414
15.085233359399508, 137.0673415101535
61.90461626479332, 82.91616701851684
6.104164792917621, 124.57789346976256
94.5507614483701, 154.89869569679695
45.50172788504268, 146.73215402977297
59.147616043046, 114.7168560602657
38.42763905627068, 86.13720413109908
62.80309309291343, 102.02822958173554
73.94436291683985, 122.16148453426212
31.64310496610684, 134.48707641743835
39.53312756590821, 78.43951669584995
80.13204501159835, 130.40602274728292
82.31505188941145, 146.1710004260872
20.04169619484365, 134.54686103058103
61.321220033321445, 15.657375256420526
59.65663258226864, 137.07232601745923
95.41640201965306, 95.74421831810129
81.65569448455783, 134.20600169938248
91.17936414180315, 5.84692858414626
98.7738960059623, 43.357448475873085
17.71774285975235, 130.35201300013296
88.6922679582743, 179.22397890333283
62.490394865296516, 162.9992825517096
92.97819822290371, 105.06217554311831
93.25519592596758, 189.5579309946007
95.40454552051703, 50.25035695789111
98.23700223486188, 139.07834970539744
77.40154416991498, 69.93913364220991
47.32717868899991, 129.74605074977285
72.74668732232789, 54.26334006960924
56.375281375965436, 25.94451885307427
16.802729921427428, 74.71514560387962
22.781420101272488, 149.19944867157596
68.10952133613766, 192.89231826629012
24.364326476495712, 62.55675308034454
95.01915592622889, 193.86085305717003
13.367438825625443, 119.41370245709993
58.55491200833146, 64.78188119264381
61.49527481649116, 112.2446915235627
20.121451225716967, 141.99716094418008
96.20452439375781, 20.819181769979235
44.375159314944, 47.61662346044992
67.12368948355112, 95.56768635668915
74.78440370646415, 158.27598711415754
4.405299065224744, 39.08042733784538
34.13974670484461, 0.2808175086647102
54.621043495455126, 116.30553778296813
61.106685102040956, 192.53614189071521
71.78800005050873, 112.06506910560634
53.91347438595297, 38.88649292042867
72.26777576171042, 56.26536893408236
73.52737037460291, 109.73379043184626
64.50075615805689, 51.07028741654966
12.197988994589492, 173.21552198906522
5.855562177488604, 28.04182856776358
99.9284489124818, 31.90837644355593
25.028734253731734, 25.45022476837746
4.150050662254834, 72.20987960366563
24.04778926001082, 130.3417434692815
19.88404799620249, 148.00270744256702
71.86842136694872, 191.85778058637464
99.9702682278384, 4.51809928572624
44.09222091723486, 101.30894006287048
63.06508146466471, 168.80142826137018
70.84158141456753, 47.27356375199911
52.03690136634174, 24.26269005561654
33.49163604669874, 27.91342685993765
87.05658283064338, 69.99020424817269
32.934168040550674, 59.32346834372808
49.21281121427945, 40.13542967323565
77.69937341298504, 62.17429617580432
57.27808567099763, 20.289650135054504
1.0469364763196154, 196.28153264828669
68.25211762045657, 62.26541295103794
61.859596866978436, 95.27880144537741
99.62836569127647, 184.8936617955644
30.007316131229178, 109.48577481240342
98.78378877050676, 20.261823647069367
44.93955275025352, 178.912003639547
76.96762607692439, 88.45608220015934
43.525967472335715, 189.0576026892186
0.4493784851150595, 172.96214933896664
61.68354290481734, 120.7347682773896
48.181344284478776, 9.097312282791759
5.0201766791081015, 118.44951668607904
8.004526499729659, 83.29023142928997
59.588596773307955, 104.09441784959664
25.155321094482687, 138.23415305118024
72.54897584219565, 21.222682405806935
120.1889366767817, 76.94467390714867
108.9994298025419, 160.92389733226403
195.1227448329172, 82.57994331553027
110.01078196600857, 2.1494137758015786
153.11627980023087, 172.6702249523441
122.20962894478613, 143.53115124686624
191.99668136238304, 99.88302824036013
183.7439143937805, 92.42468348680953
156.46375851870317, 182.17667865449314
129.84271496067922, 55.03930090068643
150.1234658030092, 42.3105729260016
141.14410521300425, 15.945649547160112
172.63845770875488, 65.00507892244012
133.70920471700035, 173.0446083972554
131.35346899864038, 124.07251285805717
131.3215519189315, 49.947053511580705
132.68316437254444, 99.07720680425696
136.63118092979138, 139.7011799199763
108.23400265229213, 58.996050255732
145.98862950598902, 22.920864876232947
102.18187207852479, 78.37630078038045
158.37531037179434, 162.5538820221369
101.60354647804208, 112.7591694353232
124.93056903609101, 177.38155149990448
169.60309860452531, 69.09770152411589
118.56045619948587, 154.01928315985978
179.99672993269078, 86.14697601870482
128.94873049479475, 26.760416130082444
185.8575382540528, 94.62427464042531
169.60349451104415, 125.21743017174475
150.8827939364317, 81.6692181471034
159.45700441727848, 52.66757281245902
154.37695384987413, 149.62607182603801
188.08400783853847, 89.696347570598
111.0875962705405, 47.32804290301229
150.64578328567563, 165.7524120762074
170.76610458618475, 160.66348078546713
152.50582574596783, 39.80237607354009
107.6760195917205, 60.9384817311414
184.9147666406005, 137.0673415101535
138.09538373520667, 82.91616701851684
193.89583520708237, 124.57789346976256
105.4492385516299, 154.89869569679695
154.49827211495733, 146.73215402977297
140.852383956954, 114.7168560602657
161.57236094372934, 86.13720413109908
137.19690690708657, 102.02822958173554
126.05563708316015, 122.16148453426212
168.35689503389315, 134.48707641743835
160.46687243409178, 78.43951669584995
119.86795498840165, 130.40602274728292
117.68494811058855, 146.1710004260872
179.95830380515636, 134.54686103058103
138.67877996667855, 15.657375256420526
140.34336741773137, 137.07232601745923
104.58359798034694, 95.74421831810129
118.34430551544217, 134.20600169938248
108.82063585819685, 5.84692858414626
101.2261039940377, 43.357448475873085
182.28225714024765, 130.35201300013296
111.3077320417257, 179.22397890333283
137.5096051347035, 162.9992825517096
107.02180177709629, 105.06217554311831
106.74480407403242, 189.5579309946007
104.59545447948297, 50.25035695789111
101.76299776513812, 139.07834970539744
122.59845583008502, 69.93913364220991
152.6728213110001, 129.74605074977285
127.25331267767211, 54.26334006960924
143.62471862403456, 25.94451885307427
183.19727007857256, 74.71514560387962
177.2185798987275, 149.19944867157596
131.89047866386232, 192.89231826629012
175.6356735235043, 62.55675308034454
104.98084407377111, 193.86085305717003
186.63256117437456, 119.41370245709993
141.44508799166854, 64.78188119264381
138.50472518350884, 112.2446915235627
179.87854877428305, 141.99716094418008
103.79547560624219, 20.819181769979235
