224
44.14150267978963, 77.41295194665774
61.14076535653773, 30.459882768650104
33.65508774424519, 126.89102243375825
79.8969393892407, 117.00962471304683
57.10597571269005, 106.9444049822739
77.29782522290014, 119.80914177335747
81.52190145574248, 16.231668365029318
84.39571944900284, 92.40283872712124
95.94381848551322, 86.99769315651176
80.93289242167475, 140.4183483982705
75.96398187661283, 158.77282045678606
50.071885683207185, 140.81816210264685
89.76676810288711, 23.33825565638392
62.59602504782875, 150.91342444029527
93.82451185038404, 33.476081134768364
78.29844247831151, 173.2601103742576
4.516404439375932, 94.84274721017714
70.53500270644493, 157.03799530718555
60.92777673019387, 10.204928058666551
26.82009383814895, 84.20655748279084
50.97073872024731, 67.72107655235165
96.15391783917761, 107.06559633473599
67.55210798698475, 47.04037790695514
51.540476633895814, 184.1764126313582
90.81447553384183, 156.648722931367
23.912233514283766, 36.50588842882829
84.11649420506014, 30.358862861245495
79.06055790004132, 39.56687802249195
45.88381724280931, 90.09746448874061
44.829256027570686, 158.17785699014283
65.91654299295854, 83.75010063282215
41.65730084209726, 56.75035474103951
60.56822816074043, 188.33424625774282
99.08059231129265, 149.0783480546788
75.93743596956175, 54.81793708208955
81.50321091343335, 87.5059372752422
86.01079505475509, 102.68006873270824
51.784751972374906, 180.79133445537025
69.39340978815899, 171.29703349717985
86.27687383818437, 104.96273143320111
45.66068712952428, 120.23649464243672
13.868955871717759, 119.00396016708214
42.305002219886, 115.34188815800432
67.2620535345351, 62.99314398849598
88.6852115513643, 177.96943562606114
62.08701485799474, 142.68247397969105
58.027926796669426, 164.7290016588167
70.24970767307363, 47.08445827492318
53.84072491769959, 156.04832781303995
28.918190861246153, 51.068849239317494
78.5565710168058, 149.9845641194686
94.01573132592293, 39.785315470691614
11.518895234156123, 61.495930784725
84.29815844922074, 179.89821467458006
72.29634906707699, 12.226885212039672
54.72054639319654, 158.84353132509824
39.472592658764185, 115.17709696206065
8.270799182604172, 67.56832555956372
58.95106315215728, 77.83672964676948
56.93278311270085, 91.4644231033823
38.74015931161201, 26.98776716472495
98.8647264770504, 54.561081335944635
30.617725769372306, 85.21754696721382
91.71706788835623, 68.50985278315038
61.58611591065942, 74.54957332033723
73.8781607913369, 46.96845917751007
71.86538052127666, 95.28951804131856
43.72544998113057, 111.14655219518603
79.1728418610536, 135.34366566358065
43.51155150700369, 40.65626329363534
56.96701620816281, 89.66130240298959
55.68894467210473, 179.72956469188318
83.24690489668313, 3.720503336867753
22.434852195492706, 132.65383853279994
13.828251091356814, 59.80913590481269
87.85514548380614, 18.96075498969454
48.442770911001574, 119.81148408829753
91.98159688522391, 194.52915275064305
40.13944415386577, 45.03050838909408
48.38569694464064, 132.8453108367025
38.61533922314905, 60.41303025355547
75.76933944138622, 34.102196231868035
76.29389377939684, 77.84134845882049
58.13436912260921, 126.7996042376183
41.53600132411975, 197.96409663429853
68.83145022602008, 104.07452462285434
87.4893603036052, 28.28342857048074
27.07953326663469, 70.4223105433471
28.799002102714375, 172.88445152353714
24.473093405413636, 144.77899386029955
70.57074283552754, 72.46287237723163
38.31027539064231, 133.54696698261688
5.568703838998356, 154.49568672277505
37.58886317409763, 137.94119132118504
80.01915078833736, 25.340989147049562
52.61516230980606, 62.94724247463659
37.055063727744844, 22.424143120513772
49.64531960881175, 180.77650599567525
10.408278633766388, 50.33544462306496
83.99173240384589, 68.95845059016419
77.17262412589773, 72.07248153691737
85.13244641728173, 101.2390870936624
67.75912602269894, 95.79925039879078
27.134842574737384, 78.71377538176554
51.73884214277915, 174.06375579594408
40.8912531159935, 190.52064867632785
34.94478210283012, 21.019014001010426
29.128401130177973, 105.01156766929056
90.06131801310579, 39.42911399043185
11.44246881363885, 113.91001438106241
87.45724494011989, 55.981643853567185
99.8193945579315, 47.09970401804944
73.99171113132478, 126.61436869757603
73.30642980506855, 99.04500621761908
0.40075932953841376, 108.61194420237312
86.328631894674, 4.961474672819111
99.9073375316093, 10.322243805210984
60.96515311986539, 107.95595816964305
60.70643179969522, 93.92236230861843
25.536840833043794, 182.9209630499021
86.76478946208766, 154.15036046738055
56.576854574944946, 31.970778057210136
90.27225140266918, 54.12329239255762
40.84806748849425, 112.63658606213565
30.439587370341393, 74.22934815011276
52.02079814709002, 43.50827900358236
75.98398926213406, 64.33952127684745
29.432346593633163, 56.30301873232926
15.607885633218766, 182.0320292198078
40.511233427343306, 196.17659205603368
99.02401417811568, 104.48175455791915
84.766367036149, 0.6379119093617103
41.14380205291703, 21.322031154771892
70.9170503183666, 57.368294063443834
24.44270057406176, 7.004015462157187
89.1769301221854, 183.1634701645364
1.51894800830763, 12.483047795284818
36.475419864215944, 34.13381668537732
41.51547669831125, 40.75940428080842
43.07757301628532, 6.601369844607996
97.33516202724593, 157.4520897042128
9.514913397988833, 75.57404557000329
73.3373345547223, 68.48678282859954
49.60810096135045, 96.2387563106803
155.85849732021038, 77.41295194665774
138.8592346434623, 30.459882768650104
166.34491225575482, 126.89102243375825
120.1030606107593, 117.00962471304683
142.89402428730995, 106.9444049822739
122.70217477709986, 119.80914177335747
118.47809854425752, 16.231668365029318
115.60428055099716, 92.40283872712124
104.05618151448678, 86.99769315651176
119.06710757832525, 140.4183483982705
124.03601812338717, 158.77282045678606
149.9281143167928, 140.81816210264685
110.23323189711289, 23.33825565638392
137.40397495217124, 150.91342444029527
106.17548814961596, 33.476081134768364
121.70155752168849, 173.2601103742576
195.48359556062408, 94.84274721017714
129.4649972935551, 157.03799530718555
139.07222326980613, 10.204928058666551
173.17990616185105, 84.20655748279084
149.0292612797527, 67.72107655235165
103.84608216082239, 107.06559633473599
132.44789201301523, 47.04037790695514
148.45952336610418, 184.1764126313582
109.18552446615817, 156.648722931367
176.08776648571623, 36.50588842882829
115.88350579493986, 30.358862861245495
120.93944209995868, 39.56687802249195
154.1161827571907, 90.09746448874061
155.1707439724293, 158.17785699014283
134.08345700704146, 83.75010063282215
158.34269915790276, 56.75035474103951
139.43177183925957, 188.33424625774282
100.91940768870735, 149.0783480546788
124.06256403043825, 54.81793708208955
118.49678908656665, 87.5059372752422
113.98920494524491, 102.68006873270824
148.21524802762508, 180.79133445537025
130.60659021184102, 171.29703349717985
113.72312616181563, 104.96273143320111
154.33931287047574, 120.23649464243672
186.13104412828224, 119.00396016708214
157.694997780114, 115.34188815800432
132.73794646546492, 62.99314398849598
111.3147884486357, 177.96943562606114
137.91298514200525, 142.68247397969105
141.97207320333058, 164.7290016588167
129.75029232692637, 47.08445827492318
146.1592750823004, 156.04832781303995
171.08180913875384, 51.068849239317494
121.4434289831942, 149.9845641194686
105.98426867407707, 39.785315470691614
188.48110476584387, 61.495930784725
115.70184155077926, 179.89821467458006
127.70365093292301, 12.226885212039672
145.27945360680346, 158.84353132509824
160.5274073412358, 115.17709696206065
191.72920081739582, 67.56832555956372
141.04893684784273, 77.83672964676948
143.06721688729914, 91.4644231033823
161.25984068838798, 26.98776716472495
101.1352735229496, 54.561081335944635
169.3822742306277, 85.21754696721382
108.28293211164377, 68.50985278315038
138.41388408934057, 74.54957332033723
126.1218392086631, 46.96845917751007
128.13461947872332, 95.28951804131856
156.27455001886943, 111.14655219518603
120.8271581389464, 135.34366566358065
156.48844849299633, 40.65626329363534
143.03298379183718, 89.66130240298959
144.31105532789528, 179.72956469188318
116.75309510331687, 3.720503336867753
177.5651478045073, 132.65383853279994
186.1717489086432, 59.80913590481269
112.14485451619386, 18.96075498969454
151.55722908899844, 119.81148408829753
108.01840311477609, 194.52915275064305
159.86055584613422, 45.03050838909408
151.61430305535936, 132.8453108367025
