240
86.62792620595663, 134.231856013338
15.362141163383702, 127.2769175435365
7.467081052345215, 105.29046683015028
48.272699337535904, 155.81475418193966
17.31603497891525, 148.7668067566564
72.2137121765434, 175.06035503135007
86.36849881223, 147.6299811986734
41.825569319857195, 165.69114726709137
81.13114771396693, 132.35371017422412
44.67662228198249, 132.35144425577246
99.6975367313882, 180.4542751417448
21.720715176831973, 65.10518299264427
82.75488564171663, 88.95000982778387
36.92914798092638, 111.39633151660348
34.70809349795915, 104.8380641217876
66.59341613747861, 126.16537391003621
54.11293177284998, 96.37572487600694
94.4271822455125, 45.28760684057609
96.4772806810367, 167.04363499589175
90.86089371194103, 44.14024587359311
25.227101482379098, 63.44409592339601
75.59358251833528, 152.52488432116786
65.44016248543848, 62.23141994886965
32.28278375904844, 163.59390945476812
61.50618401520246, 147.41151638437586
99.9843632118762, 47.70072438284565
50.97679911207006, 160.28206774979043
36.46385686125004, 140.51534798382386
5.551742587956065, 101.4447307016815
31.248514673850103, 55.211690610763675
52.30303803777454, 137.92454193404882
27.55534281628317, 112.60954184900886
26.172712297517343, 83.06457210664439
27.449488184360682, 133.6712250060886
41.096261804867254, 108.61877749866136
86.72732673559804, 36.671972274880325
45.13975708938276, 178.8516108334614
70.89524330217363, 125.78144870737509
40.87174219355856, 88.84814942155953
89.38360927421475, 167.37848864788222
99.1996818704084, 113.09074521343878
78.64114481487655, 146.0088254493263
73.1729916447375, 18.422357431348544
97.94330604824793, 198.2709529869449
20.63233343967079, 156.4398691259573
25.32424119958503, 124.52251523421936
75.30934777298437, 13.664590157971812
88.30988727067873, 148.07383196111908
46.06223007415894, 116.45160526870649
93.53735944314442, 47.16570759830938
35.38355424756192, 124.5113960376515
76.42265536230954, 171.1410226082866
98.36326345568185, 146.09026569512795
63.885449675151186, 99.70739418089177
68.03238888415557, 120.88259197185653
91.86650120217996, 91.1631961770369
32.832876377284315, 154.60911394783815
80.27591087612566, 181.86773170474498
62.01385008380712, 115.36024329888745
72.49682196824286, 96.65342642739189
82.84998426230094, 7.459563644295719
32.209330632053245, 28.644359107272678
87.63661403682926, 114.91373339287041
64.60084699881271, 41.967049933123505
64.60429463583807, 174.97329433058653
79.45183654286197, 55.900211501828025
39.03589747298912, 93.95873503253793
79.19628144692436, 64.08634577194574
32.377649667956966, 116.11365866066183
36.88168415746809, 71.19051083291508
63.75960774183041, 97.93806330281274
20.60691557401094, 72.23840323431212
48.293808047171396, 184.2604125497703
15.932383630266422, 119.65715731494369
83.09612631896552, 146.0208802032112
69.52320098025892, 17.532236574666648
83.32541964612288, 149.44343278054725
88.23210548713286, 128.14686402724442
66.97228990843858, 167.92671052291362
7.1012422435642435, 103.72827290316431
52.7295638155554, 185.6589131984421
75.44163057366568, 21.61962385812728
68.3320538494614, 157.48447271741045
38.46692691654926, 106.96820012345339
61.97807151574557, 42.30020443034355
17.751794872046254, 113.20498447230997
28.355413831821174, 185.3074918311104
80.39299365863381, 156.68683624959726
5.584232456499539, 10.763373590788227
36.586772152537876, 44.768753735850275
86.63479718823616, 118.49777837200865
92.1655162640896, 77.39699831388407
83.28376802634173, 33.58430050298233
77.32228120002948, 103.46708990463422
13.604776556359855, 101.47651462608809
64.95767818461132, 3.2086253856168367
62.92307909876943, 185.24988999653254
1.22587813575884, 114.07827407231446
74.91216822843808, 94.65366839697839
16.305127712265644, 49.6308574562389
43.44478131671531, 77.06791924336093
17.783047832084897, 42.512330155559816
51.071823679463336, 68.34911088354283
5.327611154379042, 137.1581230121213
3.456970076877719, 131.99307224011923
30.200650990713164, 112.098909886162
92.25278275071844, 45.01392318107822
49.992148217356025, 163.93007001038666
86.22197897817576, 131.75718320341605
96.71776403553143, 141.80318700878152
60.51624324689141, 120.92802783420149
13.561982973047348, 112.63993573676876
84.37564247945882, 159.29284108428394
26.2860985204069, 146.27136126207662
88.49645310864287, 44.51254110754335
90.29951785118224, 177.03530529880987
91.33704890407166, 59.02425177815158
18.60880493822201, 48.496692254217464
90.22610641448256, 169.5200227230757
28.507436870146986, 18.6250800206208
6.252747206802911, 36.90699189501794
32.01639686019095, 90.02571977270932
65.2205071352403, 161.6179531479348
19.494951991812826, 45.01178227304674
94.03966562956512, 105.37489108077071
58.27229093537545, 158.02773938252093
1.543299514995633, 189.55486483665078
23.191459750531408, 34.28487536621076
50.867026732668606, 141.69846362248265
62.47016186497001, 12.588126536786405
97.47473822820315, 30.584657732362874
30.24667054803878, 150.75389741104377
72.46318405920795, 92.91708675785466
81.96245161592515, 83.40054133587674
44.76789270455386, 100.639519880379
22.202003944496628, 3.4791620264873924
75.23765511367331, 143.29731377488565
7.047604826615861, 42.52868185308007
25.1488643642926, 148.93109636698355
21.168727370837093, 78.78748727646877
35.242287243943615, 117.6973779819269
80.75928213566281, 143.70432543677825
30.375068577006246, 192.09808945694587
88.36678265948933, 174.1211777196987
35.64123319841559, 65.02472328750251
51.83603945550268, 109.03389597952614
2.016470090495537, 134.5275330594361
98.85408356727268, 77.22531089653934
16.702293877595576, 141.0723637525202
40.88217406563428, 181.30429815050178
6.631007622199958, 16.483239076495938
48.238478250097316, 134.44811027822396
36.22580077704755, 196.7969819243089
26.746389258615533, 90.0774022418228
82.098990286553, 2.808920090353162
71.4514363662217, 70.22670631801225
20.8653445384654, 147.80476427917256
52.704469384996266, 150.69478260039608
0.9851519182887292, 47.61259566433414
51.18100308987573, 143.42898195582353
113.37207379404337, 134.231856013338
184.6378588366163, 127.2769175435365
192.5329189476548, 105.29046683015028
151.7273006624641, 155.81475418193966
182.68396502108476, 148.7668067566564
127.7862878234566, 175.06035503135007
113.63150118777, 147.6299811986734
158.1744306801428, 165.69114726709137
118.86885228603307, 132.35371017422412
155.32337771801753, 132.35144425577246
100.3024632686118, 180.4542751417448
178.27928482316804, 65.10518299264427
117.24511435828337, 88.95000982778387
163.0708520190736, 111.39633151660348
165.29190650204086, 104.8380641217876
133.4065838625214, 126.16537391003621
145.88706822715002, 96.37572487600694
105.5728177544875, 45.28760684057609
103.5227193189633, 167.04363499589175
109.13910628805897, 44.14024587359311
174.7728985176209, 63.44409592339601
124.40641748166472, 152.52488432116786
134.55983751456154, 62.23141994886965
167.71721624095156, 163.59390945476812
138.49381598479755, 147.41151638437586
100.0156367881238, 47.70072438284565
149.02320088792993, 160.28206774979043
163.53614313874996, 140.51534798382386
194.44825741204394, 101.4447307016815
168.7514853261499, 55.211690610763675
147.69696196222546, 137.92454193404882
172.44465718371683, 112.60954184900886
173.82728770248266, 83.06457210664439
172.5505118156393, 133.6712250060886
158.90373819513275, 108.61877749866136
113.27267326440196, 36.671972274880325
154.86024291061725, 178.8516108334614
129.10475669782636, 125.78144870737509
159.12825780644144, 88.84814942155953
110.61639072578525, 167.37848864788222
100.8003181295916, 113.09074521343878
121.35885518512345, 146.0088254493263
126.8270083552625, 18.422357431348544
102.05669395175207, 198.2709529869449
179.3676665603292, 156.4398691259573
174.67575880041497, 124.52251523421936
124.69065222701563, 13.664590157971812
111.69011272932127, 148.07383196111908
153.93776992584105, 116.45160526870649
106.46264055685558, 47.16570759830938
164.6164457524381, 124.5113960376515
123.57734463769046, 171.1410226082866
101.63673654431815, 146.09026569512795
136.1145503248488, 99.70739418089177
131.96761111584442, 120.88259197185653
108.13349879782004, 91.1631961770369
167.16712362271568, 154.60911394783815
119.72408912387434, 181.86773170474498
137.9861499161929, 115.36024329888745
127.50317803175714, 96.65342642739189
117.15001573769906, 7.459563644295719
167.79066936794675, 28.644359107272678
112.36338596317074, 114.91373339287041
135.3991530011873, 41.967049933123505
135.39570536416193, 174.97329433058653
120.54816345713803, 55.900211501828025
160.96410252701088, 93.95873503253793
120.80371855307564, 64.08634577194574
167.62235033204303, 116.11365866066183
163.1183158425319, 71.19051083291508
136.2403922581696, 97.93806330281274
179.39308442598906, 72.23840323431212
151.7061919528286, 184.2604125497703
184.06761636973357, 119.65715731494369
116.90387368103448, 146.0208802032112
130.47679901974107, 17.532236574666648
116.67458035387712, 149.44343278054725
111.76789451286714, 128.14686402724442
133.0277100915614, 167.92671052291362
192.89875775643577, 103.72827290316431
