160
54.77751715551888, 26.41572465570473
71.59925973044321, 17.570956822826417
59.1230350040192, 65.93872305435139
85.99926422104728, 42.690247960655256
39.65328446877556, 194.857746989618
80.34091772181415, 94.01785618231925
14.745320889006475, 128.2483229384238
50.638518435453285, 68.0318948290599
50.62782030944278, 138.88789594013542
52.537417143518255, 54.924299299440854
12.331531542519606, 30.072773954543255
62.81464048183242, 26.53063754631105
18.89874147708488, 135.65520547475757
60.911683630575396, 120.08564193369669
22.536240398668966, 51.74450268896904
62.54272088167172, 37.45569732635235
14.857590496222365, 159.3633982710497
43.46348627070854, 123.03653559074998
61.444044175563434, 158.66749141448895
69.34881101999994, 136.2886444906316
2.1759861776030647, 82.04948007057713
66.21362489923976, 137.21820595652457
62.52751364187546, 176.33720702316435
65.29424987780136, 156.78333306274772
89.27201493998041, 101.5722210431295
5.038087317304651, 77.2035862110146
21.98121721673816, 86.15979065497636
18.694820716344626, 71.96963472717326
64.07893761514853, 67.17254339527936
62.01700632185151, 41.10453919366108
19.849861442738593, 141.00570458249746
18.856350205146505, 190.93655946343537
33.003442880465684, 123.40899301323864
58.38397086402581, 95.46026294699266
30.213252830397657, 60.134820197936094
50.845271007100315, 23.11618893533327
76.99835883230563, 100.50269476199354
84.07611728187896, 186.80494669461984
41.91113944425575, 51.288532313408496
22.871515385643747, 171.98248063096275
57.90277779316992, 183.371310841288
52.320260005846464, 36.56587940002511
73.53451704510758, 185.85761192429982
40.6288536676481, 36.22562129238418
71.17644528349749, 106.55897193735643
83.52835105281176, 84.56776179904625
83.67275219801297, 60.244899658602044
78.43937552242069, 56.396069561839155
27.949617236900394, 158.38568465688022
2.3061826225696933, 193.16174124573644
36.422382960537405, 184.15265905647308
65.50258058290058, 134.4963472627157
88.51855957601879, 133.5639275771598
59.30729371974733, 116.32660421829249
80.29159785728132, 97.14808437207584
72.42685687810281, 58.66506439077031
84.69065675819353, 27.000483622589122
26.199434576634545, 190.42254007673043
24.12054207527543, 109.32720119449291
38.51650155124396, 126.04377149245852
91.35567992470502, 36.27378505805987
72.85277738355533, 42.04560938492339
31.99403400268403, 16.70668000525486
92.1152302120023, 86.14454653603839
71.50289232058482, 39.353508079223246
44.649461299994755, 46.224760702981314
56.32532871502978, 18.378183165886863
44.10041311892071, 153.87370270979375
49.198658888300365, 179.43229123912266
7.84382951516478, 116.44236758863985
94.088929422624, 56.14846077157618
11.29130558724573, 15.45344839062524
40.61675596893482, 109.1572438493542
44.317817396029135, 132.7087070330967
21.777065463691322, 90.06387581557951
74.45617066278731, 78.76252279838874
79.1787969987946, 12.964672939751964
61.41614952089584, 150.7528823828369
29.94533885450126, 98.32015420004171
61.51577946242616, 108.00666559569952
103.71048160573596, 86.8021901833756
189.83067363320444, 86.83357293305562
140.8769649959808, 65.93872305435139
112.27225276739755, 59.65696617058964
114.91425020746537, 195.29163880211553
191.45159427735217, 78.25403297846887
185.25467911099352, 128.2483229384238
149.36148156454672, 68.0318948290599
149.37217969055723, 138.88789594013542
132.41515961132694, 43.38818064364525
143.74282131692962, 15.734220832425795
160.56669845716326, 54.215699488945624
181.10125852291512, 135.65520547475757
132.12821205270444, 61.20805106533824
155.80169493082934, 36.4281629800274
180.1412119712547, 99.07936945591796
152.16614466166044, 80.31692216944381
191.22407238290228, 95.58578853828618
104.07749921315693, 181.84764434861623
110.97963097230931, 127.0476584517401
152.60101035028072, 150.32360595848712
171.4351755447238, 106.82230868933458
142.2822184619568, 114.05567656535258
134.70575012219865, 156.78333306274772
117.03045135704988, 100.12364112169605
148.2190236007581, 19.818132155056013
113.75433943936144, 94.62000209286951
187.63012323168695, 133.2155329144124
144.93749277582356, 29.842600570357103
137.9829936781485, 41.10453919366108
180.1501385572614, 141.00570458249746
163.12745303781617, 157.49399752224144
166.99655711953432, 123.40899301323864
141.6160291359742, 95.46026294699266
141.1779382814637, 87.66756709301316
149.1547289928997, 23.11618893533327
146.5112626560744, 64.64624597768467
115.92388271812104, 186.80494669461984
123.38856112270484, 15.530682931422435
112.59527185770514, 108.22042493479303
134.5264786058791, 115.78983692779654
105.71131185363177, 4.906781590012899
126.46548295489242, 185.85761192429982
159.37114633235188, 36.22562129238418
125.08335833518154, 153.9754022991199
116.47164894718824, 84.56776179904625
116.32724780198703, 60.244899658602044
121.56062447757931, 56.396069561839155
172.0503827630996, 158.38568465688022
119.25109829817272, 180.24544349831785
154.79406586165953, 166.15959357965758
134.49741941709942, 134.4963472627157
111.48144042398121, 133.5639275771598
147.65180128717466, 155.53675134371971
161.47333886103624, 70.99223035270998
149.18121617984968, 135.93481406004202
123.33482979172712, 18.60533861262399
106.43635427341924, 165.09068483170387
167.75308204619523, 39.38719313256209
161.48349844875605, 126.04377149245852
118.31928191173444, 18.82150688021593
127.14722261644467, 42.04560938492339
102.13508622865763, 63.779270619443615
100.4082467480247, 6.568631078729159
103.96335390709474, 69.26896151656227
155.35053870000525, 46.224760702981314
143.67467128497023, 18.378183165886863
137.29858818201262, 106.02028933521967
150.80134111169963, 179.43229123912266
192.15617048483523, 116.44236758863985
105.911070577376, 56.14846077157618
170.7539057536319, 46.79046980480459
107.42152338984732, 180.76607569461265
155.68218260397086, 132.7087070330967
166.97749531993563, 138.2643564527541
113.27070440036954, 115.61114216672807
120.8212030012054, 12.964672939751964
138.58385047910417, 150.7528823828369
170.05466114549876, 98.32015420004171
138.48422053757383, 108.00666559569952
