160
37.74482145988546, 45.53329425358517
77.00913577243094, 123.07162893944819
45.3203092112091, 131.09391946552364
60.52545506323277, 175.4246685337941
77.38517030532685, 24.79359343267893
28.620097691964975, 104.91560376968572
11.324076309249975, 138.36485982327545
20.652863829092784, 137.12015231052385
94.42791656931595, 143.58411922291737
84.19533554936228, 47.06289040989506
92.82335776905006, 115.37803653828446
43.69095434906731, 116.2937499940561
95.64742244548151, 194.39910546292575
93.18375436103898, 169.43607952208146
73.11913673977828, 26.802437937022262
94.51724619853569, 178.16965781113237
90.35859685136329, 128.73603801888834
96.17136668444574, 147.39022135987787
42.20820044674706, 93.6159246903464
60.27829531144264, 153.0151241152326
34.118227092613104, 67.69302022508819
70.46192451828334, 161.27209011174557
73.52079639351686, 94.2681525567765
37.64817018001562, 42.127215472454125
6.497151221832831, 68.91441767092783
65.92004632500456, 9.819589286670748
46.1369152263187, 44.05704080854225
87.7586033903633, 74.933310852696
35.15891211167471, 128.19112289378754
26.498231623572632, 127.20938414588576
19.9439206420417, 98.32809862522889
36.71996593428983, 130.53672059247597
2.1222336803189856, 87.45963614506964
75.99877530826649, 151.34780309343182
97.75817861408652, 48.118008555229096
74.52124553708622, 7.4326980851467495
37.70221152238427, 83.9772753146462
69.52484811843904, 134.53420524110706
85.94178785344941, 119.08185359149917
83.38880434274664, 18.44984322706673
41.70860124782929, 63.04830965667543
86.32873368385464, 131.01426021829565
62.997929294936306, 104.56147021139816
25.45517988343776, 155.41888448197963
13.921860568769528, 73.92435525196166
19.240966846245954, 89.70586132311287
31.262820995005715, 148.86258657575473
76.70370305278537, 148.30118101661128
94.16084206685542, 39.72430072284854
96.28147245778993, 22.72311983367934
21.80929966239814, 76.89279803823703
91.09315350189861, 156.92151355916437
65.68748504291861, 107.84305393000093
54.73068061973101, 15.680815994454589
56.92936300920024, 69.46786906146474
61.02189420944568, 17.50971221837434
49.31109348151607, 128.73741001362416
52.796275501026315, 155.3559705699341
93.60151025261693, 182.74513915782924
73.64041624886285, 118.1528091711206
90.80161691506254, 14.38075177601721
58.4658689965991, 149.41141569523012
5.591711525743537, 71.83716231273434
58.94315091706527, 177.90853874726454
59.914370710526654, 135.58600762237657
26.058319649021133, 69.68479148239393
98.6964827905576, 186.56569228611073
57.585504757354656, 58.41584859664215
1.2264395541779716, 109.83034983395217
56.649804524341484, 106.255841356865
42.35566466864753, 23.11704801745451
49.70933559689003, 181.70942694306024
82.55261516750767, 169.67895385973816
69.66320938989986, 155.99553569017849
70.68186468213223, 98.41262512487583
28.981882133327332, 46.61583962559202
78.42472542729593, 106.3382898968557
56.97620782427967, 41.449152533358344
56.61803736917589, 181.79415231789667
88.85683379472268, 65.28230518221359
162.25517854011454, 45.53329425358517
122.99086422756906, 123.07162893944819
154.6796907887909, 131.09391946552364
139.47454493676724, 175.4246685337941
122.61482969467315, 24.79359343267893
171.379902308035, 104.91560376968572
188.67592369075004, 138.36485982327545
179.34713617090722, 137.12015231052385
105.57208343068405, 143.58411922291737
115.80466445063772, 47.06289040989506
107.17664223094994, 115.37803653828446
156.3090456509327, 116.2937499940561
104.35257755451849, 194.39910546292575
106.81624563896102, 169.43607952208146
126.88086326022172, 26.802437937022262
105.48275380146431, 178.16965781113237
109.64140314863671, 128.73603801888834
103.82863331555426, 147.39022135987787
157.79179955325293, 93.6159246903464
139.72170468855737, 153.0151241152326
165.8817729073869, 67.69302022508819
129.53807548171665, 161.27209011174557
126.47920360648314, 94.2681525567765
162.35182981998437, 42.127215472454125
193.50284877816716, 68.91441767092783
134.07995367499544, 9.819589286670748
153.8630847736813, 44.05704080854225
112.2413966096367, 74.933310852696
164.8410878883253, 128.19112289378754
173.50176837642738, 127.20938414588576
180.0560793579583, 98.32809862522889
163.28003406571017, 130.53672059247597
197.877766319681, 87.45963614506964
124.00122469173351, 151.34780309343182
102.24182138591348, 48.118008555229096
125.47875446291378, 7.4326980851467495
162.29778847761574, 83.9772753146462
130.47515188156098, 134.53420524110706
114.05821214655059, 119.08185359149917
116.61119565725336, 18.44984322706673
158.29139875217072, 63.04830965667543
113.67126631614536, 131.01426021829565
137.0020707050637, 104.56147021139816
174.54482011656225, 155.41888448197963
186.07813943123048, 73.92435525196166
180.75903315375405, 89.70586132311287
168.7371790049943, 148.86258657575473
123.29629694721463, 148.30118101661128
105.83915793314458, 39.72430072284854
103.71852754221007, 22.72311983367934
178.19070033760187, 76.89279803823703
108.90684649810139, 156.92151355916437
134.3125149570814, 107.84305393000093
145.269319380269, 15.680815994454589
143.07063699079976, 69.46786906146474
138.9781057905543, 17.50971221837434
150.68890651848392, 128.73741001362416
147.20372449897368, 155.3559705699341
106.39848974738307, 182.74513915782924
126.35958375113715, 118.1528091711206
109.19838308493746, 14.38075177601721
141.5341310034009, 149.41141569523012
194.40828847425647, 71.83716231273434
141.05684908293472, 177.90853874726454
140.08562928947333, 135.58600762237657
173.94168035097886, 69.68479148239393
101.3035172094424, 186.56569228611073
142.41449524264533, 58.41584859664215
198.77356044582203, 109.83034983395217
143.35019547565852, 106.255841356865
157.64433533135247, 23.11704801745451
150.29066440311, 181.70942694306024
117.44738483249233, 169.67895385973816
130.33679061010014, 155.99553569017849
129.31813531786776, 98.41262512487583
171.01811786667267, 46.61583962559202
121.57527457270407, 106.3382898968557
143.02379217572033, 41.449152533358344
143.38196263082412, 181.79415231789667
111.14316620527732, 65.28230518221359
