160
54.599195891095256, 81.24019642048496
6.045423034223063, 144.45178520170356
17.35536992482688, 148.03935055545116
35.39344511451194, 77.84298759531939
11.626154264074898, 34.619662900033234
16.64882530600005, 52.34072666581357
15.079831438322103, 89.79049949876166
42.09530737829395, 150.4244530971812
70.83213295923417, 172.62982085648898
43.403456729554705, 156.34127770072877
74.68052037301125, 94.33309085833005
93.2500993186421, 117.39450118880737
76.30220768503878, 154.6044702409846
99.95813638180866, 197.48127635394997
5.514200784389487, 2.551631078299579
9.201561216132848, 71.63895105890664
90.79235892797601, 153.3483953930376
25.283793948197243, 168.27771961377158
25.386324439579756, 68.48527753589315
46.888682907908034, 32.98369089081254
31.657103819380318, 180.74285881999978
22.9714885297399, 116.47159174617688
22.622527870565307, 134.17094039194504
38.749459827333396, 142.08397799126737
37.90099871627743, 61.284556336097125
80.5314325755578, 65.62569399813103
85.78332582207995, 47.54792437683898
32.89485443622644, 110.2692935226468
5.756697806073813, 47.776843805102274
42.86738141093706, 84.2054990217362
19.777348861889188, 61.03070702406317
49.43581273790729, 119.03420783521632
51.674045682819894, 32.962822393288334
30.499340004132936, 60.99708479399465
94.60081230833357, 42.55078563458166
50.82440275873249, 26.782933119659724
94.48137719106914, 129.48173205459673
21.957030859597136, 112.58395527916572
46.12078076020978, 70.93733546114916
17.676134285757847, 193.3899572666775
70.55999414714853, 76.44958301596432
71.71890447117386, 21.215746565914174
63.825433631212746, 91.8856926148085
77.0226563383663, 2.8080568940948014
11.555374715056786, 96.37043141659694
38.307400810924264, 79.00238993851623
50.314117018086, 62.06432991131557
63.32465415967913, 174.36812973435207
57.34290978172915, 1.0431374363333639
66.20794650058984, 12.472484971925525
87.26478820412188, 81.24320372381425
54.46493770002617, 132.18081321807742
61.17708477352515, 9.225392386348005
79.48787289166674, 13.682620281782686
85.68169961744297, 118.59300605552812
84.30130774182983, 179.12591616419462
30.013203948128897, 137.11816221654638
24.869468436517145, 119.24816628984988
64.99120147687682, 97.68203626284053
97.29269452447726, 88.26259486350027
64.2061576786965, 25.34404133245973
84.22207912940345, 4.922076852379864
56.500120741765144, 46.09534587333029
93.35088280900919, 94.68748430629469
23.380615014861107, 175.1346334285219
67.54446091090861, 175.04171460408975
18.788826762846, 25.963357158780447
73.17561933222292, 52.33085898075498
21.612125725177766, 145.77851542393313
18.42633170608039, 56.80322582930826
37.335874182481064, 152.9964980971593
33.19809464486572, 65.6790916434737
47.67454655805429, 175.59949794869755
22.405914048533063, 78.07391832509559
42.38198288954273, 166.94283275445443
27.63769158052323, 168.6852040596823
25.680730249295976, 77.53193402213105
51.360796136552544, 40.11781299944459
24.32092574888835, 65.56088379614238
86.67492973373308, 31.380459464527675
145.40080410890474, 81.24019642048496
125.91242759653034, 184.39054691375173
182.64463007517313, 148.03935055545116
171.97415234548367, 40.01125652996493
144.5747080154731, 73.34262836562864
140.50780101166245, 49.353662047595925
153.637527558706, 147.45754721030488
157.90469262170603, 150.4244530971812
129.16786704076583, 172.62982085648898
112.64535955303495, 85.98124246982188
128.60455892227787, 68.42815959637495
106.7499006813579, 117.39450118880737
143.5764551793897, 142.56224037777204
100.04186361819134, 197.48127635394997
135.8094288843072, 32.805439346196685
194.96768413644148, 125.41577296732828
143.09625227715782, 175.34682309819382
121.22264782114844, 150.3549846920702
174.61367556042023, 68.48527753589315
124.96944015111472, 14.741240765629327
146.61102937559338, 170.75571610573863
103.96173475019904, 60.7642057901479
108.2367814276234, 183.82463563388117
156.48340841442712, 125.77844381917527
122.35195954217691, 40.450612957239485
119.4685674244422, 65.62569399813103
172.67392665146167, 75.26457734519796
167.10514556377356, 110.2692935226468
174.34718808771044, 72.93075077104183
114.94748387309963, 63.041529425160505
180.22265113811082, 61.03070702406317
150.5641872620927, 119.03420783521632
148.3259543171801, 32.962822393288334
190.77361516715942, 101.09026969083112
171.70571150303425, 105.10608139082787
124.66167076350854, 7.055456266640725
105.51862280893086, 129.48173205459673
178.04296914040287, 112.58395527916572
132.41920044612726, 30.34984221692605
147.58318498300665, 153.75472076485522
129.44000585285147, 76.44958301596432
151.76618066663372, 49.32617982643781
108.93466140347395, 157.9469384317945
122.9773436616337, 2.8080568940948014
114.62900320196806, 108.28417561047495
161.69259918907574, 79.00238993851623
179.00517000780368, 85.57638667849746
105.4246152797782, 101.2894241625627
130.9755965178947, 12.805933325228946
133.79205349941014, 12.472484971925525
135.53595936816805, 20.56556966742551
145.53506229997384, 132.18081321807742
172.35200282007165, 77.41669457660922
120.51212710833326, 13.682620281782686
114.31830038255703, 118.59300605552812
115.69869225817017, 179.12591616419462
169.9867960518711, 137.11816221654638
165.0326080929546, 167.69636529691775
156.84098517011248, 36.94936198485645
175.882943038408, 54.380197847171985
135.7938423213035, 25.34404133245973
115.77792087059655, 4.922076852379864
143.49987925823484, 46.09534587333029
123.87396785217291, 133.20034266385065
125.74555740863609, 130.5340669236037
160.5599561289399, 168.1237188577638
132.9265226336231, 63.86275213294572
163.7033565456312, 80.82723438581039
178.38787427482222, 145.77851542393313
105.39280434506439, 121.02290863209164
162.66412581751894, 152.9964980971593
127.1648283848272, 23.13597430355978
152.3254534419457, 175.59949794869755
103.8176130117661, 18.21606034553842
157.61801711045726, 166.94283275445443
143.68824160783032, 160.48207489735358
106.28844104484494, 10.389275545038856
148.63920386344745, 40.11781299944459
167.77129996376175, 68.16580326014994
113.32507026626692, 31.380459464527675
