240
63.83848033871884, 11.781800070762745
70.83212449794105, 62.37848375812046
2.534933756590476, 84.85809628978097
18.846513341282105, 197.71739489623775
40.80642555648596, 194.73820723467054
79.0224579024951, 4.598247722160586
91.64719157559142, 9.919193478928825
57.57268926989333, 120.7629435060584
14.900209922791106, 44.974908467951636
93.26329919797718, 86.24130048200145
87.86376485471108, 190.65460914670223
60.24856641752562, 64.40627314876755
42.8761131927734, 113.67825097050732
67.12950329244141, 114.22715908292051
27.092846650704573, 153.43966125483115
12.313287376656099, 149.38582192679206
78.99547541043522, 105.17299784038504
58.82947021775537, 197.96575604451527
93.63507562652332, 53.18045505211478
29.59319425229193, 91.31772558112962
76.72289841220687, 77.20145121595061
32.034801443530505, 119.24424480727461
92.30989235235366, 84.58471042115227
63.00831893636881, 115.82673664389117
8.431560777662781, 168.18776445870708
70.97092630000569, 187.57661379721088
91.3826969286142, 51.468824073125894
79.92271593327719, 7.167524039244569
33.353846367080806, 131.63668837783348
20.939346273173832, 8.690418872888188
65.29473469287315, 3.5411602459275855
21.896962328645145, 193.42595309072763
48.85788525793316, 124.24684408402561
22.031874182793878, 138.21250443650803
48.72292188908695, 151.66805123747923
6.264778209706016, 168.06643335799808
93.92617860494356, 99.7437937928484
63.4524252706022, 141.38035045586417
72.81688028110229, 149.92272887690672
79.67168712916714, 86.17059808973458
78.49336552822439, 71.32029363038417
77.73266677958, 66.85539160051718
57.884638434965, 76.82977048334696
7.633228407904625, 42.85516848279512
86.18254454182791, 142.69473050637566
38.70416932419527, 11.638465918193525
95.31045110965448, 57.160316637034164
52.476022797166685, 69.16721132493245
90.38108704906902, 125.35526418753963
42.411518381023335, 165.62220038606375
76.89687041752475, 151.57567303422866
43.68693775617099, 159.77585819084237
39.28581050335835, 73.18054992349632
82.23079699739378, 195.53548164658216
91.41413695409453, 19.01027980355741
90.06843951620328, 185.55342030184062
12.930155510874343, 111.83781994092442
72.6087671505157, 123.78308728136192
14.193529383954797, 40.18912690713546
48.94348205707584, 12.227369268942656
87.46694972589975, 192.921373212898
98.46127916229828, 143.08525205202187
70.66725000196416, 131.11448655415006
24.70378258120506, 100.52098435999852
69.05693258642765, 149.94643679317068
31.020525992208704, 30.71138294752312
44.67274588875661, 54.29427173131849
9.102059157524565, 119.92482563902074
73.62303045015837, 127.18875814755198
75.56991008598392, 136.81746004407995
55.57062918472342, 135.46835679851418
90.93665009905268, 106.9068268898291
96.02447189410313, 89.62414701207825
40.87643472392511, 118.02584579664969
63.37939149317012, 82.54089747719352
70.54299672002996, 73.25565661827858
32.95814680248191, 40.813419253339404
58.02921868489703, 26.76218424860872
27.68809280113056, 84.82632287840752
35.52013654604805, 97.1526907358618
31.234324967065408, 77.06066796157312
57.64484515509437, 64.0653712000692
44.72317019264821, 151.7352733487364
58.37191284737065, 55.148903938603326
15.50625788291039, 117.4017432803423
27.059391887524555, 33.59701176719063
86.62226628975455, 163.74620515307205
42.74137410561617, 63.127533220936805
43.30326343205599, 116.04161048915513
13.539983380774013, 53.12177784495384
3.179053693320455, 14.994089462372727
30.307398401772335, 68.53805202445706
26.773226257948124, 125.30209417566984
31.520170788811562, 81.60416742666592
78.16310012907593, 79.22712926039172
95.49718295567787, 41.559729881270236
34.406394567302236, 0.023683101869909073
34.536603889766695, 144.27428351713132
59.41109242271258, 4.077897806004538
58.604219722810534, 60.93312138855691
29.45639355515234, 89.64779717196723
66.3440005413551, 112.42477424503745
33.2479317271039, 182.09131661472694
22.061234146625907, 199.94446330103844
4.206536289246754, 113.90218585498502
62.017169071635955, 126.07679424653031
60.73799816368152, 150.88008054461605
57.37035257300182, 53.74482635985651
0.8633013642316945, 66.35147519761327
20.497181666490704, 108.94415284411687
57.95287914356601, 58.442359731709125
39.86823448114167, 166.85751620701274
96.73970722667585, 178.98923976678842
8.91073099639792, 51.79029768714416
13.073400206677144, 84.33009877463849
41.78572147991405, 125.96785097312608
0.8506825781809613, 191.4897128500416
17.56333187755589, 4.326911409004408
41.082638904798266, 57.56629811933587
52.70943904445373, 88.33375653513545
19.281302664393795, 91.69516009083205
51.4605530353343, 191.24485571323098
61.00303312689691, 172.30447153676135
67.2361260364941, 48.143573747455726
85.15754786250437, 141.3049152883765
55.3229173341853, 87.94254830891435
13.906197057747693, 85.83932946834906
66.67764215381253, 91.02931122474239
88.941299773991, 123.0920963732496
30.670205649808025, 120.48859042679767
93.43568153226802, 25.3475630845466
7.303163558678028, 142.18277482529845
65.64265158950604, 19.305723530366905
86.57221317797067, 146.56615767199466
84.95988874305635, 79.02650693776378
45.045041027861934, 67.32257214219415
4.252156952419817, 35.80465153519774
99.332660830529, 53.78095775713809
32.85515401779179, 65.02552935816306
78.40429207481218, 185.83159270279418
47.502099682118214, 175.1913354383387
90.9180466971253, 49.859296074523016
92.38991800526479, 109.9539803950522
33.42928208117437, 43.25617263593207
22.70192353445658, 116.8917754333384
35.867129088143, 24.40776611901214
65.3644397774249, 158.52915496643695
20.506036260861304, 129.40658956292833
12.86075419058138, 45.49804480350619
21.97276304749739, 64.64065960954777
37.187796176711494, 155.9712602237461
71.54518578932718, 87.36664216188731
15.986332589882135, 5.014910702652564
79.12945653984076, 48.45579854599773
66.90624937153694, 168.69388970492528
79.20003117812738, 196.73818173500692
7.536011457580438, 105.36950712597253
92.22882683471298, 43.74908368195525
43.839687259628846, 19.632439877666496
40.49102511618656, 129.9625752803057
110.26308337738712, 11.635941283554008
118.58189683688649, 56.609494735124976
155.56045937700196, 48.21654365780703
139.6798312487366, 149.07949659585066
180.4902152735518, 144.55842356257676
173.54553179839485, 45.805004570382344
130.4685517192235, 37.75848924327509
151.38318608560567, 108.1655066530177
127.67554633019455, 65.65073430223553
126.75154586802813, 81.05851307888999
178.43339840329517, 117.36522182380482
144.2456369823975, 89.56213680556169
127.53044316861403, 51.61022412944711
141.87008192332544, 130.1261212408548
137.8764504287114, 112.08339057740058
166.0675916705122, 155.87171705383832
180.6868177488058, 61.77657795553024
128.91651945333894, 170.79663776809707
132.9023510824506, 89.14725705819455
163.19356671641742, 153.3225621335658
128.92907203867776, 88.51571777160494
138.4835843830328, 57.64281630921422
144.78722294923188, 100.81248237123555
143.33814873278698, 42.86643064835485
153.56496027593985, 132.16255200553925
148.60516652345083, 165.40531524850553
139.87916694599986, 79.33731879703654
168.5723349608639, 80.97728423562592
146.61026025047497, 172.4263766609313
142.975581413164, 74.57738275820876
144.63145902192497, 52.774314575936245
121.57049280065543, 190.4733461214772
125.64026949746639, 144.56150408369353
128.1574062713239, 70.85214176316912
196.92531968174544, 101.80704228710925
139.23819396106808, 152.44130263304248
186.01501900699665, 133.64386769932614
146.3380520389759, 113.53052859826947
103.53921926593624, 86.34835725342904
136.61246904157156, 137.63138746282777
111.22930462910583, 29.743060960320978
130.98712245404153, 88.02246618189318
140.20588222494825, 27.241652211212752
150.87188964014092, 16.631288854501225
130.0003431347062, 76.92321560077595
109.47441254406407, 63.26989220899741
115.7515280886953, 40.93053026099194
140.2286144617482, 14.660671230680489
166.91877532216097, 45.50897302636181
165.92673659514233, 113.93384828003721
149.47309676159392, 92.48472703087269
178.51313771026628, 91.98062623060217
124.36019301340204, 19.871751062864472
136.67294447422395, 175.4637739763278
125.14223552913538, 69.67807913799331
160.86479617326944, 119.07761827727457
139.61418930721868, 154.06083487068452
149.61256497246208, 99.25759835914987
155.6812895271658, 112.01548981713569
131.04650953429308, 8.859286250048104
133.4411442604568, 119.69630955561938
165.3153953567546, 152.75258651000016
163.3601604313779, 93.00786074891126
146.15409999357232, 146.50547651156603
164.27886059700296, 160.67122197014533
124.79754689011976, 58.12759343855001
145.5307150154699, 66.05215102065914
183.59372623540017, 106.03489154404815
141.65627410280183, 167.30263808812393
113.57056711897987, 159.4851562958
154.94864173242084, 114.4034112182541
177.0400233012484, 103.00349082688898
114.40890970641966, 123.06743791951284
135.36684819923545, 48.52785410874905
103.6904127226895, 104.48574021390225
155.78307204639813, 61.76455018047371
191.8807093602906, 61.42048817102093
151.49800102242622, 65.06843863426286
144.6383434806931, 129.31892844916794
130.50324205612606, 28.598034240091664
