160
40.200448682869066, 70.98113544352643
49.34712296764368, 37.25666125059182
76.48197475816639, 156.59909237544682
63.4887363819418, 31.679881881651383
5.791312815474814, 123.40236438439499
80.73322101152857, 59.98244392768807
1.2128285547464088, 63.99263591387563
28.076497835896205, 72.0950680797988
66.34494443577552, 35.38520005104362
83.92149733406684, 110.7662981561242
71.99721065988996, 96.18028924744176
56.10855679526093, 108.68871142647154
36.564129154182666, 73.11380941241548
57.77124253017374, 122.92963191656041
67.01517296319776, 52.23543818334085
51.91940114710531, 27.570204916099172
7.142044067156087, 80.76668535903299
67.10106658314405, 133.8621368085365
75.86331260199074, 150.83347453262778
38.69449027677804, 108.78834480941812
73.69864480220645, 187.34221386487854
63.80936168616479, 14.676227359407461
49.130884322424684, 156.14829985005642
16.085419925079847, 92.4767508385918
60.1408685036912, 39.3777320974376
93.5918238136275, 81.72177721154684
62.130682021611065, 53.30771766871234
56.2900921068634, 105.41416859647379
89.97658053965196, 69.38824045319897
91.18138668548808, 123.29324907064554
33.794640600902746, 35.459795878773036
65.58705472313109, 43.80754978692312
93.48967015714177, 109.36438875967087
19.495648730333883, 125.00669270897285
22.388738386714724, 152.95135355796256
38.29665740034307, 120.68468453762333
97.0866002494607, 4.965073110537631
43.457426659188805, 180.1036934167463
4.137207783791174, 83.99339011563592
0.37157614502727654, 137.3736832247758
95.21260139873696, 167.02166205142052
75.93455771748702, 119.35937135988061
25.91364898190195, 105.41186814556976
95.03946606601875, 6.231089210529861
10.739139884278984, 185.4570696328775
22.46813943597552, 140.82595402384283
26.052943983778654, 145.9525662567058
83.23965979979819, 66.32372814719325
55.789103612772124, 138.81703044907164
51.61303784312507, 46.38388706174092
40.31752157551767, 161.02544601549997
93.89720713043678, 100.07223868079254
42.23196086236637, 126.2859603613722
94.10463173240353, 126.86332629677857
73.21665182105802, 175.21403396735315
48.472242398162635, 179.7518391852017
82.99238048237326, 51.32628560979964
19.93123420767583, 112.78271152957709
26.76578499116261, 116.0024447872636
80.62401773165813, 53.46882784372684
61.886217833742826, 168.79726885764958
49.12550461012304, 89.20476273730668
14.572460175766636, 7.339820250305664
45.004522212258436, 176.93198571726748
58.22282038876173, 146.40353240149548
22.86627933064217, 127.69363726082388
14.58520003796766, 53.16218806173612
51.0638064676281, 41.402628207873775
27.43573644597211, 4.966770546113692
96.1022693066856, 115.1225780483343
36.93967450323503, 111.27440648507772
18.270334836667313, 54.45016599348706
47.03152682157067, 105.32888016247469
73.39399824104477, 119.14182335749702
27.430078558667425, 155.26261332921902
17.325265053077743, 49.786870449763065
34.749936097434876, 148.784431975732
93.62751528651948, 60.294308740281075
61.28808582124725, 170.65051774141546
59.80168580769052, 168.6763413875055
123.52932657191882, 75.69924124520713
150.65287703235632, 37.25666125059182
123.51802524183361, 156.59909237544682
136.5112636180582, 31.679881881651383
194.2086871845252, 123.40236438439499
135.42499769981316, 65.09172517360618
148.1199068063008, 101.74516118971087
126.10578414074095, 124.55744048802767
133.65505556422448, 35.38520005104362
116.07850266593316, 110.7662981561242
130.75475174776847, 105.40585513520813
163.50685665980305, 36.876791822703666
123.04919385805665, 85.2925738898055
142.22875746982626, 122.92963191656041
151.9258489276821, 15.790898001720821
189.55421069738318, 102.01515888061947
191.04935671441655, 83.67820279336753
168.47469584938747, 129.39511760820116
124.13668739800926, 150.83347453262778
161.30550972322197, 108.78834480941812
118.02862077233954, 193.20912163075369
112.81791301719275, 15.517175727143195
150.8691156775753, 156.14829985005642
183.91458007492014, 92.4767508385918
139.8591314963088, 39.3777320974376
106.4081761863725, 81.72177721154684
152.88245249559247, 131.08553576985486
143.7099078931366, 105.41416859647379
114.02323224709447, 78.147520504628
108.81861331451192, 123.29324907064554
166.20535939909726, 35.459795878773036
134.41294527686892, 43.80754978692312
106.51032984285823, 109.36438875967087
112.37120098577881, 178.8406727346566
177.61126161328528, 152.95135355796256
161.70334259965693, 120.68468453762333
105.83928344249152, 35.51606040242841
156.5425733408112, 180.1036934167463
195.86279221620882, 83.99339011563592
164.91756742661698, 91.57034727189914
137.32957085367025, 175.23033068786182
137.89936564175125, 183.5742958184584
174.08635101809804, 105.41186814556976
104.96053393398125, 6.231089210529861
117.75025614046154, 184.09010234471518
177.53186056402447, 140.82595402384283
173.94705601622135, 145.9525662567058
116.76034020020181, 66.32372814719325
128.74525783854392, 189.95941524541837
186.3574992623742, 73.23152582686228
114.60834802019677, 170.21880569308917
106.10279286956322, 100.07223868079254
157.76803913763362, 126.2859603613722
105.89536826759647, 126.86332629677857
126.78334817894198, 175.21403396735315
151.52775760183738, 179.7518391852017
117.00761951762674, 51.32628560979964
115.4851270286408, 155.10756054243288
173.2342150088374, 116.0024447872636
119.37598226834187, 53.46882784372684
138.11378216625718, 168.79726885764958
150.87449538987696, 89.20476273730668
117.57817268803048, 82.91632797970092
118.10902537594309, 148.71666191426598
141.77717961123827, 146.40353240149548
177.13372066935784, 127.69363726082388
185.41479996203233, 53.16218806173612
100.0955968012429, 104.81868076063918
130.93165224155268, 5.347103003071552
103.8977306933144, 115.1225780483343
163.06032549676496, 111.27440648507772
181.7296651633327, 54.45016599348706
115.69687133573066, 168.4312251227327
126.60600175895523, 119.14182335749702
172.56992144133258, 155.26261332921902
182.67473494692226, 49.786870449763065
152.39908745548635, 111.97604885648367
182.14431206055923, 87.89005211179439
138.71191417875275, 170.65051774141546
140.19831419230948, 168.6763413875055
