208
43.6580616471507, 191.54037333101257
24.781038411410606, 69.14179943624447
8.869337529194132, 61.907319789818956
99.73044061165028, 129.86891903956544
46.31428562242832, 28.978889364269477
16.606242281728555, 72.38853515951554
55.0164190916139, 99.60485932168153
52.12268838479168, 172.57549095568154
47.67549446809105, 151.0040600621603
75.99468535772121, 131.20957864631876
27.929744916339587, 140.50270369002038
86.32130347799603, 121.21918959662206
68.25719881167696, 149.1663006191963
8.219782766014227, 132.92803222792668
48.311180273594665, 158.30384157964502
58.56042093937789, 47.971749510527374
96.5176764772417, 156.5974331474018
88.17803055739651, 41.038732181908564
4.625341794292098, 163.29403878620553
31.86117525590226, 144.35283267240132
42.69661185079805, 63.87030404652528
60.24175958738569, 47.80230455208793
50.69534438042717, 65.08734980532833
27.329645155207622, 99.1993115057543
24.005864402886633, 46.855959512724496
37.00581567786705, 28.57621702283376
38.004123352981914, 93.42173785166831
64.29781297944456, 101.73043400542767
75.0294771180112, 156.4852470877773
58.240948116744725, 175.638198582625
49.98803663069957, 130.80876132867917
86.00918003897645, 140.23739214937854
81.10423308700209, 32.29301695769649
97.16919864812836, 128.51258231207257
83.9932006515397, 136.34473603150198
66.551979283223, 36.082345827483195
28.345268777266313, 61.524857213983246
97.09782914693636, 114.88613545230716
46.35707054581846, 86.44572849608501
84.24230283257312, 69.43461135994893
84.79137023233974, 125.1309322077534
91.4235853729012, 75.74116540029405
60.065616385378405, 9.675350822227905
98.32005066668039, 149.1831440808564
41.33885402008478, 29.5380411236283
87.86537006351014, 46.53260202095582
76.82871854295215, 104.94636863660222
94.72612838399914, 93.99349797878682
7.940712702561896, 68.15657302241357
76.8488560293184, 109.15026031762363
66.9811084713496, 67.49283375530935
17.347856140482307, 140.9486858607751
95.47234036892577, 197.8574660934906
20.88623528606471, 3.620173009347143
1.2358484235475977, 136.16235516977383
50.751205250024434, 74.85495093045442
0.9878653847812018, 76.9707284352031
57.846682780148, 170.1326112594598
86.66989754780481, 193.23047975502146
46.222749970012345, 147.47096380138603
79.40257410840576, 134.47129284371408
17.123192532623456, 45.25599414065859
41.1331573776787, 105.041247906089
34.897711934357204, 89.37077440037942
33.05542782910986, 10.534985612254879
58.748538243728966, 148.98247318333895
14.271335561367607, 143.20206668129396
56.584014296839335, 105.43394396691517
90.87657553231811, 68.17839508301842
30.13294641977746, 6.142550799354204
37.34940103923984, 90.59146455541767
7.010440738632511, 137.43296060046683
46.89768893816378, 49.50014421201291
6.434255876215611, 114.2538874486027
58.285871531020014, 50.30819341280443
56.194609546295425, 65.593391047439
62.46864814307314, 110.12480017520917
64.16899768193746, 188.65230168889502
66.4018575957746, 159.85438238704361
91.1017840944641, 21.984020680769834
1.371912664606334, 6.194085712090658
65.12163770705038, 40.352993891345875
83.3606297638644, 112.41353081696606
50.4203785103186, 17.15088030221752
68.4083974222354, 145.60815757656346
37.30002522318179, 99.95683838016627
42.12973138379306, 176.53110597176695
91.1039432999048, 189.39475001297964
92.22841553788754, 4.523624005765581
16.56000236027897, 153.59673515661856
42.291744224421834, 39.28482730666425
61.544226440409155, 191.24401853430032
43.35356584649234, 157.31527464652865
94.37589402000174, 77.18184600754113
85.46017709035961, 10.57452697272485
28.85971050205591, 52.94191640622161
16.645412885494395, 61.84857965706103
50.68151501578525, 88.2374209500294
31.46913802274843, 59.68393197531894
70.14114686111648, 171.7278219885433
30.308714446278596, 121.28728451321764
45.78769106876571, 59.527858718430004
54.67822062665022, 154.1696835967925
5.2884135799456615, 3.961261456289722
10.323081702600767, 86.28093970267454
81.28524030260687, 128.77165971960557
30.801858485150678, 192.86872264302357
42.20451961408017, 101.85427371550256
94.90291535172209, 7.896586255618576
61.64044077902039, 77.33335773268372
90.61866445175933, 54.017351435358265
89.37980946751732, 24.532055101155503
61.501974938302105, 153.39661628272344
13.708818928679856, 169.40962285984784
80.52304277373838, 20.35459857959907
96.51031895917318, 131.92760241976615
24.20115171564714, 59.36793477735844
31.691536792192675, 68.40147833108996
21.692442413932355, 85.15495449792476
92.34296935713894, 181.254864310086
49.233605273066416, 3.23215914787065
89.49548013085993, 21.736930438441803
88.68780969727774, 196.20385276463568
10.691197023757526, 109.05007947265577
73.7307351101377, 189.99528924795638
21.242872627026223, 108.9115267661213
56.29010139737729, 187.27864966092372
64.59200231355011, 68.80928157764932
173.2713801979832, 161.87775972759667
160.39680023081993, 24.153022764698683
191.13066247080587, 61.907319789818956
100.26955938834972, 129.86891903956544
134.38137095275255, 103.18404517666293
114.76850254827787, 99.29047950551121
144.9835809083861, 99.60485932168153
147.87731161520833, 172.57549095568154
152.32450553190895, 151.0040600621603
124.00531464227879, 131.20957864631876
118.65586585232673, 77.28849243252047
113.67869652200397, 121.21918959662206
163.85279295975306, 174.29981579561468
147.24108577771665, 143.67015580842005
151.68881972640534, 158.30384157964502
128.90631215202131, 103.74593254349129
103.4823235227583, 156.5974331474018
111.82196944260349, 41.038732181908564
136.87097363177105, 138.14717177597657
159.36576311093464, 168.55055603662268
127.2523577430104, 14.28981289586606
106.50472498929805, 123.42220093716271
149.30465561957283, 65.08734980532833
129.33835180918348, 168.4296899449091
175.99413559711337, 46.855959512724496
195.39478004172759, 70.21870665257511
188.14174861221883, 89.45431323381649
158.3331937907614, 120.73226686085007
124.9705228819888, 156.4852470877773
141.75905188325527, 175.638198582625
128.4149686166576, 117.84273600340389
115.9936198299366, 139.5015069205643
118.89576691299791, 32.29301695769649
182.49935350062972, 153.96618359212223
116.0067993484603, 136.34473603150198
152.44397358058507, 61.35097025664904
123.3584581950074, 123.09289029620203
124.52865985106257, 44.9052349430237
153.64292945418154, 86.44572849608501
115.75769716742688, 69.43461135994893
115.20862976766026, 125.1309322077534
176.3681561635269, 107.72780784488543
151.7467783749804, 23.681557332789716
101.67994933331961, 149.1831440808564
158.6611459799152, 29.5380411236283
176.86571125784099, 123.82940423551825
188.31785234485974, 120.60563423077384
152.7972542629563, 129.9373198806711
126.35127711049641, 121.08840902844481
173.852661740564, 71.96142284205544
133.01889152865039, 67.49283375530935
143.78380820201698, 169.34325139919025
178.0031708792632, 155.3147464899609
123.65998556624079, 8.923710910369609
169.3676906410698, 65.70021271134846
169.3121387242504, 97.98509979204808
141.64304631000067, 44.59413468155044
140.7946826065556, 132.33669372332471
103.54515041400045, 184.0084544572886
153.77725002998767, 147.47096380138603
179.75142823884357, 64.23818102297368
182.87680746737655, 45.25599414065859
158.86684262232131, 105.041247906089
165.1022880656428, 89.37077440037942
115.19738328522718, 32.64899033741666
141.25146175627103, 148.98247318333895
145.17120481253994, 103.63813143734993
151.6325220244265, 145.64098753550297
109.81794866542177, 33.69004331485892
140.75890670917337, 15.403054044702124
104.90702665334013, 154.19865203168598
139.56439265332713, 136.121053751248
113.57076819818643, 6.1030820128672225
193.56574412378438, 114.2538874486027
174.37708176504492, 49.16916945169953
143.80539045370458, 65.593391047439
169.2892912962934, 109.02888152095807
135.83100231806253, 188.65230168889502
133.5981424042254, 159.85438238704361
108.8982159055359, 21.984020680769834
