192
74.66543487124086, 78.80660052779893
90.9787426870553, 131.8833971038066
83.90885850107348, 102.25684383368316
15.085103053833194, 80.47993535526714
41.92581183438009, 33.005738620312485
85.30327708943751, 56.84280031309242
32.19460073060595, 154.7372371323973
89.06661814594695, 120.56911153462664
52.74467107748059, 142.01816171654465
80.04938380584544, 157.1845090620625
92.87620281241848, 149.6490247358053
31.2238700413059, 103.3650923667561
96.88016026942348, 83.25598173316445
14.061140084635696, 111.07931184204674
91.15622952995737, 106.06717507955017
80.67393701858342, 159.28114288178176
98.82459728093997, 7.795240901243572
39.139575731855444, 133.80123970136668
69.0640396096256, 72.06692972762407
35.89618708704223, 144.15732813614545
89.69079314487419, 63.9589894324596
81.48888920634396, 9.803060060092484
62.81520748880398, 75.75874747929936
21.639361848516536, 133.32251289876888
50.908521879649214, 43.000661021937404
78.89612825196949, 77.58467716131537
57.88641934351605, 16.014310746407546
60.89165824693031, 28.648329343817448
18.10405121721679, 135.22906085218435
1.8330560733470165, 182.29906213950073
48.390139419614044, 160.41945566643622
4.711905642226149, 101.86782833626522
96.73287548312494, 120.8743009079326
81.96218861458148, 106.084414959134
97.47675590847714, 160.18959338188702
48.377456084482276, 61.168748616742064
56.83143055230385, 93.19659560877014
58.33068181343867, 54.87178870210137
68.20072669657294, 140.1776860087834
59.59242564299768, 181.57680808025512
38.64304913231676, 119.54441106881436
78.1802727566719, 184.64998589126384
83.59800236930754, 132.67155531243804
9.046867311227778, 181.7040340231159
82.88548696184382, 184.79167028489968
13.18736872075479, 114.35879612381247
58.84814718982748, 183.45117361727324
44.780005729421255, 178.23691919693147
13.742191051597864, 185.79969332078224
96.31184522820287, 147.58023751579228
19.35687041992052, 140.22927649041398
14.751372394005855, 125.05661875382198
93.8499416543762, 106.519246815655
94.74823120085945, 170.35594601608145
60.74601376267121, 34.74812974769472
29.924391964130947, 51.048656205857704
49.998158239792254, 169.55381729532075
68.0278332340667, 147.8346845834189
65.78402162457179, 143.90211507659083
37.89888254181599, 50.61297909569795
65.66529058515638, 134.5904968941615
16.122787037145557, 99.15225632471616
4.359041149802845, 116.97350308119248
29.529932316608754, 92.05364529206206
28.05846853674102, 58.199958807949706
81.91935952672213, 138.83482230273623
37.860266581826565, 59.279241166513955
9.005677427975833, 55.900877644587965
19.64969361891457, 122.25883598154957
93.59580615713287, 134.94538767654447
82.07646531699956, 152.8021566871862
71.63598152534644, 71.73230548219193
64.61302591816724, 125.88252358099268
90.09591577816796, 124.72859211481499
52.539032481416214, 19.52592265768722
21.325956676157144, 85.7619454369216
15.173780777499623, 121.24324237873282
54.92399401561647, 54.825291239152115
69.1709943448853, 97.70455457153669
16.274496680342892, 165.3006713212617
32.727398026570874, 120.94602694527063
94.15252782030463, 71.12391535589163
32.85348171400982, 76.55544342621097
28.54411389031015, 153.42433845402928
18.459572825846283, 77.15977241065224
14.270069721294087, 40.56269197963536
19.104008087493053, 91.15024832910541
19.4295741499128, 160.39467395493776
86.76729666112992, 148.19934486879146
77.45388584428181, 197.31663032617254
80.43305046971166, 2.705662949025367
52.56241966878509, 11.712303337895102
6.484523916495544, 123.67598895536322
82.96872250484796, 51.934776435053486
26.652757128192263, 17.493923941770205
83.53300551000825, 87.36930609514104
47.39400721652892, 155.7813997968139
14.600186553386207, 20.914711856943136
85.49015140995706, 119.59953264046648
66.48363592966399, 63.579751178167875
33.57377681606318, 44.019877762376034
54.482671487478704, 89.5615972605547
10.826845968325072, 183.57353161818253
20.61194373865528, 146.48664339481422
92.28721034264386, 88.69207665680901
16.128923392554327, 53.45584848045624
39.544991066116886, 157.89334018633767
40.91310770066852, 108.24337465723524
92.51263445672771, 26.26903722270768
97.37034265892534, 51.9973795938435
23.67016348228468, 69.45111032930178
45.75841501318468, 132.52177084312427
145.18510628458006, 90.98519491242747
109.0212573129447, 131.8833971038066
116.09114149892652, 102.25684383368316
144.33021045565854, 57.38693195001168
105.84822540222883, 104.14469942467579
144.5843363014326, 34.22509199522472
167.80539926939406, 154.7372371323973
110.93338185405305, 120.56911153462664
147.25532892251942, 142.01816171654465
119.95061619415456, 157.1845090620625
107.12379718758152, 149.6490247358053
168.7761299586941, 103.3650923667561
103.11983973057652, 83.25598173316445
133.49923097641948, 76.7689599689448
108.84377047004263, 106.06717507955017
119.32606298141658, 159.28114288178176
101.17540271906003, 7.795240901243572
160.86042426814456, 133.80123970136668
130.93596039037442, 72.06692972762407
164.10381291295778, 144.15732813614545
107.72877451928392, 110.73020643295344
118.51111079365604, 9.803060060092484
137.184792511196, 75.75874747929936
178.36063815148347, 133.32251289876888
149.09147812035079, 43.000661021937404
121.10387174803051, 77.58467716131537
110.44664695162116, 90.83238351442722
139.10834175306968, 28.648329343817448
181.89594878278322, 135.22906085218435
140.28663450517774, 154.4662350490481
151.60986058038594, 160.41945566643622
157.1124142602808, 163.0205044897943
107.6763348082657, 63.20573037517827
178.25898621370706, 148.9808508960293
102.52324409152286, 160.18959338188702
151.62254391551772, 61.168748616742064
143.16856944769614, 93.19659560877014
119.43324998592055, 14.807870505597108
131.79927330342707, 140.1776860087834
146.5292599511996, 174.68097134046775
166.26768278308742, 103.8654637476055
191.78121693611305, 108.32326731695616
139.3293345549675, 103.28386221208817
158.28935688657924, 132.43062547767119
117.89627701370003, 128.34938132076215
136.9066999241773, 73.79768403790902
141.15185281017253, 183.45117361727324
155.21999427057875, 178.23691919693147
150.5916700947783, 144.54399215991995
103.68815477179713, 147.58023751579228
132.90218117491895, 106.3625424595094
111.29484063250698, 71.43411866100386
106.1500583456238, 106.519246815655
105.25176879914055, 170.35594601608145
139.25398623732877, 34.74812974769472
170.07560803586904, 51.048656205857704
160.6952938046937, 125.08049419786494
131.9721667659333, 147.8346845834189
134.21597837542822, 143.90211507659083
162.101117458184, 50.61297909569795
134.33470941484362, 134.5904968941615
183.87721296285446, 99.15225632471616
195.64095885019717, 116.97350308119248
170.47006768339125, 92.05364529206206
171.94153146325897, 58.199958807949706
105.26885293149635, 185.27335052450863
162.13973341817342, 59.279241166513955
151.1972641164004, 23.599158751755066
130.05962001903163, 181.15162082358665
106.40419384286713, 134.94538767654447
117.92353468300044, 152.8021566871862
102.10251009887405, 106.22177987481678
137.07978529579088, 188.93794313852925
141.37800967361454, 80.08713695457241
147.4609675185838, 19.52592265768722
178.67404332384285, 85.7619454369216
159.190825959481, 155.81161505713186
188.60695997504365, 113.50510498988436
130.8290056551147, 97.70455457153669
142.06839070521642, 122.79075669126686
