192
76.8629700715209, 109.94474241304304
86.86585858618385, 10.330095260889616
50.46821702015969, 183.30948874812424
33.98819568751213, 169.44796330784064
66.20948458155507, 123.59636338518555
83.98665561445007, 133.17353990365783
36.3634796419155, 137.39231064376895
61.79966271269992, 87.5390358434311
5.60819307371192, 101.5414294935437
38.90061611367636, 102.44850920724492
99.02136029600511, 60.066125531899694
85.27040902216666, 6.633475047262771
9.77089541080609, 126.18026481194732
82.5402479966063, 80.45369954086901
59.4694660260306, 67.79380438006552
97.7198996541823, 158.39958755368718
79.90656303654686, 65.23962337064084
45.75971370270161, 148.5970810611753
39.533410178758565, 97.72300264976667
16.244272963211202, 79.26116019393801
74.19149860994771, 63.79051005973633
19.473232551974885, 137.37737731880196
68.77169893799866, 14.181306273032712
96.3032510287624, 111.88052526760526
71.37077420239002, 150.96175374151602
62.503271531655166, 7.5982380084278045
62.44151443722832, 174.3809443847812
0.7116605529165043, 95.85062964816919
98.03149336860312, 23.806274762808656
56.08743302472916, 33.22028677977422
7.237053214950395, 108.31654267453432
55.831909481522345, 159.78764544299358
46.093708356890275, 28.643965310228324
41.752372510139814, 114.49447847464744
53.550411775673744, 69.18606476858622
64.66800593241223, 89.57105653257867
70.90086296137335, 123.6277374450675
83.1449833561203, 88.58632881150994
70.97799182730917, 46.73548971874786
46.47102880500027, 174.2771368350616
60.382750301321785, 161.0699063531001
75.52474222073549, 98.74912370650418
93.96523248116893, 69.76141950631303
73.9710489453924, 6.8721167838232455
25.48802754716143, 158.30306569763212
73.91600098630965, 53.21959458193164
28.58474718917352, 120.46864829269998
88.4295434760585, 71.83020923566997
4.602232141933826, 129.72826821353328
63.47694369959248, 61.321682915297494
9.911703571789964, 105.2999505078902
31.071685548839532, 48.44193721038415
86.88614900874988, 52.0569043998391
55.22628275532032, 64.02443742901667
59.61109978612574, 26.960476689856748
83.40461248245032, 24.57586587638765
37.816666275043495, 143.1445800051694
89.4903056213069, 149.48133614669317
69.78139400000765, 27.96229572114719
55.88750839105953, 114.27894879935303
95.70340425648752, 93.07459996273424
49.74039454066618, 144.60255570229785
59.46223925345362, 64.34664247352069
77.02707729065604, 51.19377161119467
23.805032873343457, 149.98099873468234
63.907007413841576, 79.11103920765534
80.99219605693047, 164.47994862077513
76.55038711683224, 189.18962523572108
66.57025769015978, 98.43477504683639
5.2905946988779595, 72.07719275986759
45.238770780975216, 175.77002117817432
96.06356735338608, 173.4397421233076
96.88864776722913, 17.195547611896323
33.32238339190049, 146.28269471123753
37.0149961128042, 144.95931511807606
39.63362147865699, 131.79796646435935
1.4173183271437573, 115.68358128265099
73.33447478846193, 127.86177840150246
87.55542833633031, 186.42355138965445
78.15349877458175, 23.76199052997261
24.907270927139525, 198.91242035467354
25.04425904284676, 139.88320879116174
59.645583679196044, 62.581753185581704
19.70073096671896, 182.3616700735002
24.11321484935214, 38.22934028188121
42.214402907893344, 147.67309646096956
7.305883232542443, 101.00983828387484
48.096067458519386, 89.34804963860647
37.69727027626853, 47.58064798671706
60.498975105904194, 103.33581419419448
61.82910362615323, 185.52116468142628
75.84938661551455, 152.3156096770381
6.788709981445862, 130.26234304646724
40.82397500442199, 141.09325795828235
98.3964041619288, 36.133969596265715
91.68922942977265, 140.32994868208485
41.292272629008444, 169.79277937248028
42.23296543368713, 14.212871106772674
8.903838040715083, 68.88806293886915
69.72607069632629, 42.83335126229551
48.84157551604176, 84.26788953284301
83.01568796137863, 34.181831227040796
79.14735824723117, 20.306914353630034
83.8836254988202, 40.96908398125236
49.86259134218756, 180.298689760331
40.374015752486905, 192.78935761789765
22.12710980466438, 37.30722244929634
23.31117261471659, 100.05522927248482
70.68911226102321, 155.42008863545806
85.319347884646, 142.7039411904506
15.054767066242903, 117.05941116655285
78.50377866063934, 196.76681737690907
123.1370299284791, 109.94474241304304
113.13414141381615, 10.330095260889616
149.5317829798403, 183.30948874812424
166.01180431248787, 169.44796330784064
133.79051541844493, 123.59636338518555
116.01334438554993, 133.17353990365783
163.6365203580845, 137.39231064376895
138.20033728730007, 87.5390358434311
194.39180692628807, 101.5414294935437
161.09938388632364, 102.44850920724492
100.97863970399489, 60.066125531899694
114.72959097783334, 6.633475047262771
190.22910458919392, 126.18026481194732
117.4597520033937, 80.45369954086901
140.5305339739694, 67.79380438006552
102.2801003458177, 158.39958755368718
120.09343696345314, 65.23962337064084
154.24028629729838, 148.5970810611753
160.46658982124143, 97.72300264976667
183.7557270367888, 79.26116019393801
125.80850139005229, 63.79051005973633
180.5267674480251, 137.37737731880196
131.22830106200132, 14.181306273032712
103.6967489712376, 111.88052526760526
128.62922579761, 150.96175374151602
137.49672846834483, 7.5982380084278045
137.5584855627717, 174.3809443847812
199.2883394470835, 95.85062964816919
101.96850663139688, 23.806274762808656
143.91256697527083, 33.22028677977422
192.7629467850496, 108.31654267453432
144.16809051847764, 159.78764544299358
153.90629164310974, 28.643965310228324
158.24762748986018, 114.49447847464744
146.44958822432625, 69.18606476858622
135.33199406758777, 89.57105653257867
129.09913703862665, 123.6277374450675
116.8550166438797, 88.58632881150994
129.02200817269085, 46.73548971874786
153.5289711949997, 174.2771368350616
139.61724969867822, 161.0699063531001
124.47525777926451, 98.74912370650418
106.03476751883107, 69.76141950631303
126.0289510546076, 6.8721167838232455
174.51197245283856, 158.30306569763212
126.08399901369035, 53.21959458193164
171.41525281082647, 120.46864829269998
111.5704565239415, 71.83020923566997
195.39776785806617, 129.72826821353328
136.52305630040752, 61.321682915297494
190.08829642821004, 105.2999505078902
168.92831445116047, 48.44193721038415
113.11385099125012, 52.0569043998391
144.7737172446797, 64.02443742901667
140.38890021387425, 26.960476689856748
116.59538751754968, 24.57586587638765
162.1833337249565, 143.1445800051694
110.5096943786931, 149.48133614669317
130.21860599999235, 27.96229572114719
144.11249160894047, 114.27894879935303
104.29659574351248, 93.07459996273424
150.2596054593338, 144.60255570229785
140.53776074654638, 64.34664247352069
122.97292270934396, 51.19377161119467
176.19496712665654, 149.98099873468234
136.09299258615843, 79.11103920765534
119.00780394306953, 164.47994862077513
123.44961288316776, 189.18962523572108
133.4297423098402, 98.43477504683639
194.70940530112205, 72.07719275986759
154.76122921902478, 175.77002117817432
103.93643264661392, 173.4397421233076
103.11135223277087, 17.195547611896323
166.67761660809953, 146.28269471123753
162.9850038871958, 144.95931511807606
160.366378521343, 131.79796646435935
198.58268167285624, 115.68358128265099
126.66552521153807, 127.86177840150246
112.44457166366969, 186.42355138965445
121.84650122541825, 23.76199052997261
