240
60.85146993846038, 53.94439908186554
97.71149883585358, 132.93771174445197
83.60005622990262, 61.95338190788782
75.04481428669729, 83.75770567530569
34.52872276873319, 114.47364898210093
30.069719240805007, 143.33269463015733
93.15198420711256, 161.2583880790496
84.8780606636, 118.77737815072037
66.37834295122805, 172.69620248741433
5.681924419470747, 21.822720003568207
82.25646773948365, 197.78348639480635
91.2172532700408, 145.93172776412234
7.59186947536999, 113.54221940250702
40.36603822550221, 125.13937419648887
81.58629486081094, 180.64103675955033
78.99854862981746, 153.28270587419453
81.93178119374842, 126.52115817206683
52.90885052244648, 19.665664499642364
66.01993677519599, 43.5878234935905
36.931838638056625, 9.81394093118945
21.934570005745208, 9.757311839953651
26.715608728802117, 10.446403470918323
43.324365366919125, 38.79795449505866
50.690836106863166, 174.3182592904451
56.05345060520875, 191.0312600623403
74.88116790388725, 161.46545772110846
45.12356415568223, 52.41321294204407
31.235108134724882, 33.70578222724049
85.0639476108164, 47.15405692963198
76.56297830674592, 149.28800669628885
59.534393014321374, 87.18064463002133
94.71054752939041, 13.496084433540922
9.68265367455836, 109.22457076525772
71.32167674844432, 113.62397832640922
38.346332547016516, 187.75590983716393
18.674170132466273, 87.25996947236929
36.140692665182826, 47.99785470053537
35.37929611102835, 41.48412222573458
75.42563643707285, 93.02757919878846
66.33227226725002, 113.68190272328657
40.81861417830001, 20.638668171632176
24.256504848302335, 177.50271879416724
19.203282816973903, 150.6361394806624
62.118483770323024, 45.416761209818006
44.650084737526996, 154.34048675125095
71.05911084845845, 106.74164737487574
53.621087730224424, 62.61330185520768
93.95808380618807, 199.15371560131575
1.297656772289443, 84.78060230846692
63.7229515024968, 72.3019916261218
12.241344283704152, 159.8408696567812
47.98513290477836, 160.53674948430483
42.49233820136112, 73.973366094773
45.68184910714204, 11.392110584135054
86.91424374620262, 135.1025602634829
53.67600738982726, 145.56589055768347
31.86946719162939, 132.5353885847616
97.52201500342224, 71.78232753243438
31.618847086794688, 111.63742098665783
58.37340183208582, 9.694107519591817
3.41140177415015, 94.73038466578096
23.972100223954953, 164.39206532958576
54.102971598400075, 125.95732839066667
70.44591421055009, 17.550943358602716
92.2852445096743, 140.96671303210326
97.93175093482782, 60.177301927052106
5.70074363441384, 56.10113236564327
94.40163704221742, 82.48320717058435
27.142594663634455, 103.527764991167
40.832103029245516, 38.00263889132619
86.4991225532867, 59.33665805745463
23.48987691026477, 116.81384694695352
99.96810189696116, 35.14948094536034
54.30718585552319, 139.1735681540677
51.46722266741704, 47.03398283600531
37.74621179587219, 66.28601536390427
38.63860802642665, 84.14491056096288
95.07959608022587, 38.35198540935841
69.4386298501005, 45.04257651915216
93.77587182735458, 43.27136491199718
19.784142049479115, 71.69612580442401
79.03401674861719, 107.31917373069659
72.38968424418609, 174.5769960754346
11.361951140194614, 88.15764430731508
68.25842602708417, 83.33214828111508
92.12431035218287, 20.06790415903641
30.46079137521088, 137.7166651621822
25.918274424556508, 199.1254361415544
50.137011516659136, 110.93751605857925
13.821518728818628, 92.5935196177904
3.7547604214952957, 136.959098465149
4.761759635125085, 108.57151822593045
64.9457349147276, 100.54369723882984
4.077500117974653, 78.03021478718108
80.81734592473003, 54.19947259778024
58.19087154807232, 102.14458157264639
74.77755511734581, 19.619933593880567
9.534556578446674, 116.05061527726093
65.29593686976274, 197.18774036767797
93.46576203140465, 87.75538696489755
60.07436396932035, 151.62423431456978
47.58373477445146, 81.38481271354425
16.16029731256591, 37.98001879330779
19.863074635948763, 120.76942862045603
70.12552986156581, 6.269375906429442
78.17107678945567, 166.3737353848702
81.50258165461668, 161.4871987520432
82.32146879118876, 85.39704023971264
85.11373282512955, 154.0152266309555
77.12156790946118, 10.33829778701425
48.87882685741863, 166.18940308652245
14.68492530356601, 151.66105428357423
93.85871203023018, 173.1767183446477
27.64689566480517, 21.80171914301838
29.475152205700496, 66.33310467470501
94.14481060019111, 64.15307973624347
26.294839134213177, 148.346314407262
96.0470691293231, 184.66571106396364
66.33482470474401, 150.32337758116313
79.54059671033205, 168.04297385639177
98.45410589397972, 115.27096363138598
73.77831035225212, 133.8303138119601
72.34945208078962, 20.476350751946093
66.11798388149343, 1.2345343847027568
35.40702948640657, 11.94918334989563
6.932420248668992, 109.11242826699872
5.4176284165126765, 18.774460478338618
13.20275994338781, 122.31548666097811
38.521020072992584, 113.29461180013512
23.63143199478418, 2.578640577513691
2.4060960042912027, 154.24125405411183
28.14308739002329, 171.32093552698723
91.58855659927644, 114.73475880113324
88.13141546102624, 122.72366102610835
18.768169406443292, 108.94255969894866
10.679257489708839, 9.86423718207281
97.06573675735385, 135.99720350248128
68.68343799084651, 111.06149498642752
90.77977449056914, 116.77046987240227
74.26159934037628, 96.07301617406262
98.43477015026176, 90.75800579917801
81.85264291816728, 176.8665606530819
75.15725554357681, 148.48488193411177
62.362614753155164, 167.15185911710196
57.22975350137137, 40.585613109316185
3.856622826788425, 50.230832932826885
41.17119903665112, 187.80813791959378
80.04794470627859, 93.80834093554682
49.378237277324686, 38.348051182331886
92.73311296438288, 133.0937842534911
80.56641413674878, 18.81737535031767
19.623246987800503, 140.61903102230715
90.24565883061675, 25.075482318290177
17.945455954479826, 99.15561499228016
42.38201042665882, 17.77648257653881
31.483175963989794, 195.91170349339046
88.25081219158201, 186.7044914053614
59.72514038523923, 38.333955511080916
87.24809678741798, 155.96686836282313
15.629852215744489, 155.91891926833293
160.7760376748776, 123.39722537061795
158.7645272725312, 170.52105469779195
185.1802396954223, 106.04635184288051
141.6763703171432, 53.53414362406961
117.24514546937877, 96.21266768469692
192.1824411645781, 99.8845297646829
169.0043831608574, 148.66049593317868
150.69278747485578, 129.07052771485695
152.1746281233622, 123.93800032211344
169.7103841657302, 69.84960119027303
129.38204203974226, 167.98269636544129
175.35095428449674, 161.60554740280992
122.72561128477606, 158.04190253428877
137.66369930233435, 123.39897002078035
172.27701842747584, 151.5738031711576
114.50859605152438, 99.78814624496925
161.0148896327779, 153.92284201470704
107.84105376568472, 26.14780783928774
160.13745277785367, 48.0857821935466
159.8953193448785, 52.98361750892093
154.19118201982198, 46.53903153769794
117.15745179335995, 7.705453943168616
117.61244763665356, 92.55977972013818
105.57934760139688, 119.41205617256463
115.65215972375604, 189.29885356750123
145.17757691373674, 151.43205923285115
108.42618204651676, 28.551344037202586
131.77523182538704, 48.471535117693506
139.88248153093863, 69.03153799168295
159.95777664671442, 69.44563317120844
154.6671520859297, 166.4935442203687
101.72802853572213, 34.8121303369044
143.02154322677222, 96.6673317157293
116.83222380657578, 75.93383944086423
178.6729590077341, 144.33219031121743
150.9430775471571, 90.14659722068757
147.51432564297227, 32.568178568404264
106.98933879980214, 120.53295219439694
151.23305771918947, 125.9526372028583
115.51672710581559, 172.1400106240682
150.82645272704212, 64.2000698690368
187.28837844664443, 137.05160601443924
165.64449698199527, 85.60161448851761
101.56349943414533, 25.83264261922227
166.3641949014677, 121.8299064981881
132.73028406688366, 71.67097138140382
117.90964205066483, 66.37725115344976
111.35260015298907, 141.87505409683095
179.9370850967148, 94.23124273399353
180.70175052807502, 51.43078101327874
141.38139783277012, 112.47959428049985
146.47233275330706, 148.9904031484988
137.3305136183863, 64.17709918834689
109.88865276886375, 80.00953947872654
112.73131682423005, 56.665512041830965
197.96064356272382, 119.89171051769594
138.08693455255096, 168.2651818369664
115.83358511116991, 97.96794829731881
167.52087884609205, 132.59570172757665
132.24122771584393, 54.596227646283445
145.97405857013672, 30.774000182349326
114.26598224515051, 140.75838429495371
110.28632035689289, 170.3387626602441
107.41526082032972, 36.812726887065004
129.78866648128167, 83.39317530403517
161.14396850840927, 91.54153900088444
125.3070427560968, 91.22028462914838
103.08591709744887, 81.14813533830436
185.87142139345906, 93.13724988340566
114.88134642096864, 73.83556040093218
164.37537753149576, 75.98088913231842
132.32404500558482, 93.51373465083041
100.70678707181762, 69.45892479612586
127.30808593795803, 178.03681714032513
136.2745988830058, 50.2984017101284
102.3315155752548, 77.72240767237044
174.36706290638637, 85.0492807042575
163.8437578119761, 90.7645974928555
173.2298602401931, 120.67784629535691
172.54092487267184, 86.5277660213797
