160
68.34237366750975, 9.468501786506298
69.38114652121841, 102.85871739616853
86.33245759228978, 45.37588502812556
28.737337702885256, 176.82739018049259
50.745090086531256, 183.24955890722495
5.900460171214284, 87.5681283514801
75.90977916130078, 114.63244848507514
69.5492647212319, 197.76192038669325
20.779578987407405, 129.65268785586167
27.63867542900894, 62.533844689357494
77.21501962599531, 187.62020670930565
86.6141562904974, 148.83013266551464
38.741670677521554, 61.40348056120605
34.82621734823315, 118.61161999249279
63.7029031601663, 176.51384469812547
9.857357635939046, 172.73098589268335
98.00425383051488, 76.80930729409626
67.42205860009831, 58.32746930693352
33.94535529758325, 73.09540841514125
31.958874006332984, 56.890284870797146
42.74649963036745, 56.55856413314581
91.32043532292602, 123.54904703897918
22.791031596005254, 22.048350034541443
25.577546253126926, 77.9514039377985
92.85060460751912, 43.15823484351462
66.8079696297061, 161.33471428721907
19.77690586301252, 136.9088516838168
27.594507444089544, 117.1282017643768
86.26560393566629, 135.7146117842881
87.5116244116414, 145.89058174111253
60.15068840096124, 50.34336284781439
52.28300100939052, 21.371469682648126
74.32909556112872, 176.3127892039979
74.97027962494883, 78.15629530396126
62.137455610129805, 47.29557516040891
20.711585401874373, 152.7237052073599
66.70758685337152, 15.33707438180064
73.16001734188606, 68.0470259687394
23.55704602896192, 99.95727526084715
60.104803998417715, 114.21596841752917
2.6477674921336636, 60.862851085154475
96.78091964865219, 152.6352351054746
20.330008256046057, 79.22428414357671
55.871960421334734, 63.41266419287586
43.80965599171158, 117.09009424911129
78.64943393112425, 176.52758274778353
61.92949279958828, 141.8911692019991
25.561810405501667, 197.9345704650979
35.52393371585194, 51.713105897132884
90.63567716116768, 106.55544058469614
23.31486005875027, 168.85952239759226
80.02533747966328, 136.33405147546443
3.0406012571665464, 19.819440981732598
72.9267295700287, 55.63759126782182
41.69313282829814, 136.89019438922588
3.436292302251161, 103.90096471473896
95.28425016155154, 80.90001164537759
48.200268823020664, 86.02529927188836
35.91376732010967, 171.09455257605939
77.12416707618254, 56.54530716576839
74.16031305732207, 105.62477227068946
87.54725665902306, 12.48416086881032
7.49968022311927, 78.21503653433749
78.45732736128845, 163.57765180100336
34.335905087597084, 136.44322407124454
15.275670183166525, 18.900366673464106
88.14967859729909, 156.15097882951443
18.217525310289602, 59.26020822409944
24.067592260368297, 130.34897732135494
40.55625742411557, 36.17885589198397
26.56735608574366, 103.35621532687713
49.84502252038641, 148.2116013290862
43.91045348897283, 171.51432449976934
86.34086351331672, 125.5121167176918
32.67747619690134, 60.982694600070715
84.76130040402464, 105.01894889110052
66.29459256212088, 74.8071179242084
57.384570285004266, 52.837253761450725
22.482809773538563, 94.3749637080493
9.984567745683819, 166.92579975534787
104.47536798656022, 18.930780687263326
146.65545383653125, 128.5549672866322
167.10811993627155, 87.88275105366145
121.70242731240006, 122.43811630628247
138.40125377098164, 107.94178214076902
166.68217282314257, 148.78662527292533
130.36466948092624, 175.3783774189891
148.29993645312928, 183.8489277229747
130.8317815626517, 142.60366386753475
134.75298932860207, 7.849248098693007
105.50559486200054, 152.86051634619758
124.683640893886, 99.02571400897475
127.69293036902934, 126.37048949987025
117.2009050337212, 179.64577873408072
121.22223899278868, 124.68793443792829
162.4580270240038, 158.03370092954248
123.2259226834154, 143.6863740591744
120.07875589862147, 55.47364820752878
179.66662655708657, 83.89057031031291
165.329406193341, 46.790212855948155
184.84216617839985, 59.015388624707214
151.97272893932657, 77.03861460248504
106.16564629123117, 65.60876262239461
103.80496306132603, 138.32955113109895
161.11470827812553, 82.69447733919996
172.87054697219023, 84.07609277492712
171.26866343588105, 78.11343418685055
125.48902196438375, 193.03456564635962
100.41337534333785, 167.16243270961277
101.72647768316065, 168.50118212013294
166.75923413301516, 26.480293040580193
148.05255296918256, 85.50824312661615
157.146885919529, 129.69540063921121
138.01484639734568, 16.73700803496525
190.6958342434878, 74.6617892587572
134.0455504471662, 183.59988420795347
115.4166438033965, 55.2467825890437
125.18902492763841, 72.67832659949445
149.79895857810516, 161.616289671822
143.4805128600095, 134.54555786094403
186.98496028836888, 125.67589880768386
104.58916766911959, 89.42987796221206
120.61158009494494, 74.72722023964067
113.30355969032834, 14.31523106648509
191.24831535968627, 81.01235323386445
122.68661979689809, 139.00425037690744
121.53521443463745, 180.84347200465558
136.65117949823622, 161.65341852222733
107.98340692665543, 36.01121978221722
181.33772511542765, 121.47974166131247
173.73329819222823, 138.0377291951258
164.31026652307227, 159.9400436937505
180.49069187666544, 57.29050211229429
145.99831067175893, 107.2245105276455
113.71714750525031, 112.08926846547516
125.73598165400765, 60.97420947647871
179.91973365641806, 104.72056248486264
188.80761186403709, 94.3772405046792
106.87806966685176, 192.16317500890943
102.56703251115758, 54.23019078507092
162.52885285856095, 172.8252086402334
103.33878084773596, 34.87626433091584
124.84349364849955, 141.39255906765152
186.75860385299455, 94.09050040493969
175.37412164384176, 64.0958461597634
119.65345649546602, 91.96127264728253
125.95628524221924, 144.52418111696554
114.10811427419704, 128.89539277331826
170.5075330281311, 50.94483584760248
134.3682822989684, 16.865446958572218
138.68141855755482, 117.50738597238278
196.40085153522077, 89.37787139123856
103.9559700551122, 172.68255975235255
159.43365506461302, 176.0326584561274
137.70967641665027, 77.91185742503063
104.38096247377854, 102.57790918979568
163.07127181599697, 134.46468569640356
161.50881885003903, 108.47974797727524
157.9890817355144, 96.95210821489594
138.44443892206272, 154.61150876641034
