144
77.1635765478053, 117.41312521233769
47.21428487432657, 102.6259455690836
36.39050193244918, 124.90356633986173
16.364977543074488, 67.15359403783651
20.789752889229675, 83.96980783022269
38.366714180027415, 55.854224604527715
64.89333900000291, 151.86133913812503
51.0288885008891, 69.99596559058796
29.691431484664356, 82.54594472343516
84.44821973728568, 44.09059719992467
58.382896566799026, 153.76792636675276
94.43661026879433, 33.68426068905954
0.935165629951884, 99.41274584931008
25.44802838288066, 120.69671466666489
87.9754333745134, 55.586652219701804
27.932492181771885, 102.15813989373241
93.28273848100753, 79.87932839864091
84.47627127056792, 65.32944927099673
67.35247596884577, 78.35979751455898
33.53341356977957, 142.5982667826422
37.27635348942938, 45.11052817775738
69.59196885301155, 127.15152573197248
41.61506851721784, 48.181108189643496
39.45367305366452, 134.58079422197704
75.75798076649045, 54.16310686904444
49.59724507121458, 133.87651012091538
71.97177080866093, 46.32957525727686
7.294315367641879, 101.01547268632464
1.0703601464494228, 97.57019015000672
80.5377799851691, 145.68948770348834
26.13294830404943, 148.44672688684508
82.37158383282802, 9.774772724263215
93.96258929217943, 68.31823700144749
0.5089854130318594, 106.41809060660144
99.67409689205789, 135.66639369730981
75.45414476455899, 117.53637201673703
95.17138521258897, 134.58990448500782
89.19997374083451, 85.15865661312012
77.80474118971587, 88.24628210701933
51.42237562296168, 182.26821965730923
53.70492990855173, 139.95619486890934
96.91157309188037, 136.06811461452725
95.9075612575356, 73.71618477250877
87.7000108153799, 70.87368509389975
54.70563224897723, 132.33249802251171
43.369633866101886, 162.86562376307901
55.0525330452192, 162.91876747879502
53.94663620186583, 84.98499218819859
52.479868091684224, 142.95061889686548
72.6392380593843, 159.72953375679947
50.361340209076765, 140.39350333160277
59.79948440965502, 86.3929324215543
68.08952692361323, 50.01404619152172
98.3980692061774, 90.8370842946836
70.32375838217034, 26.140547324024823
29.97719242390543, 98.57689684320874
23.280736661968692, 77.81593586137967
52.48218685120533, 21.94041858428788
80.25962822658096, 18.276312151858633
88.36907766303881, 179.12814953098325
35.28043798631039, 59.68169524259057
98.00571630179188, 179.0393224453926
24.211409141026717, 148.6509403792306
13.535671493869705, 96.06405543738875
122.8364234521947, 117.41312521233769
152.78571512567342, 102.6259455690836
163.60949806755082, 124.90356633986173
183.63502245692553, 67.15359403783651
179.21024711077033, 83.96980783022269
165.25351974000992, 81.52609230174473
161.63328581997257, 55.854224604527715
121.9887786424822, 111.79707176733056
135.10666099999708, 151.86133913812503
148.9711114991109, 69.99596559058796
170.30856851533565, 82.54594472343516
115.55178026271432, 44.09059719992467
141.61710343320098, 153.76792636675276
105.56338973120567, 33.68426068905954
199.06483437004812, 99.41274584931008
109.01491674266522, 163.6243412152371
138.58635942618602, 67.97066927535154
174.55197161711934, 120.69671466666489
112.0245666254866, 55.586652219701804
172.0675078182281, 102.15813989373241
106.71726151899247, 79.87932839864091
115.52372872943208, 65.32944927099673
132.64752403115423, 78.35979751455898
166.46658643022045, 142.5982667826422
162.72364651057063, 45.11052817775738
130.40803114698844, 127.15152573197248
158.38493148278215, 48.181108189643496
160.54632694633548, 134.58079422197704
153.16204919619986, 36.702103629511896
124.24201923350955, 54.16310686904444
150.4027549287854, 133.87651012091538
128.02822919133905, 46.32957525727686
192.70568463235813, 101.01547268632464
120.68056568264646, 99.21781805963954
198.92963985355058, 97.57019015000672
119.4622200148309, 145.68948770348834
173.86705169595058, 148.44672688684508
117.62841616717198, 9.774772724263215
106.03741070782057, 68.31823700144749
199.49101458696813, 106.41809060660144
139.82297678169252, 153.5704285663332
100.32590310794211, 135.66639369730981
124.54585523544101, 117.53637201673703
104.82861478741103, 134.58990448500782
110.80002625916549, 85.15865661312012
101.93598417264712, 142.94921539183832
122.19525881028413, 88.24628210701933
148.57762437703832, 182.26821965730923
191.31556865564207, 114.08477641176187
146.29507009144828, 139.95619486890934
103.08842690811963, 136.06811461452725
104.0924387424644, 73.71618477250877
112.2999891846201, 70.87368509389975
145.29436775102278, 132.33249802251171
156.63036613389812, 162.86562376307901
154.48770190674855, 87.39787344933904
197.6152020993501, 87.20711391691964
144.9474669547808, 162.91876747879502
146.05336379813417, 84.98499218819859
113.65109978976554, 127.67220490415114
121.1013929044199, 27.100501578396717
147.52013190831576, 142.95061889686548
127.3607619406157, 159.72953375679947
149.63865979092324, 140.39350333160277
140.200515590345, 86.3929324215543
101.87743816963238, 79.10739815150103
131.91047307638678, 50.01404619152172
101.6019307938226, 90.8370842946836
129.67624161782965, 26.140547324024823
170.02280757609458, 98.57689684320874
176.7192633380313, 77.81593586137967
147.5178131487947, 21.94041858428788
119.74037177341904, 18.276312151858633
146.31854459171592, 59.93740325346333
111.63092233696119, 179.12814953098325
164.7195620136896, 59.68169524259057
143.33604181397402, 170.2448680106495
101.99428369820812, 179.0393224453926
175.7885908589733, 148.6509403792306
186.4643285061303, 96.06405543738875
