128
69.93078629437137, 78.39171798108578
32.31892820298583, 125.24313065397708
34.32976325116842, 92.96736346409922
43.41578612675635, 48.023873097764856
43.18629346669734, 39.07951003204182
79.43957310182161, 93.91555217104279
65.73479497656018, 101.8699536681001
56.06104007923327, 137.83330349182808
98.52800149685025, 154.81403118866373
44.77809928830935, 45.771401814762356
66.8259879313492, 116.54548653964608
93.42766191803254, 159.9506587261519
9.644436997050477, 80.03939945142271
55.04817364256, 53.66538403461787
22.359317160981938, 70.33058419494384
34.59738326194455, 98.50051158126428
14.845507965351977, 97.40633994724419
13.412571980976828, 52.61699768825254
91.86971304115484, 0.9276538373236498
97.0011225853428, 191.05249102817535
42.09779424027212, 84.40680164739425
59.46877121072872, 83.81707371010079
99.60622129810795, 9.694534888991813
72.926264978302, 89.46959311939997
75.05337855369444, 135.14131721369625
55.42271182260164, 83.24100578024269
26.104574987707107, 99.50925362935314
98.95687297577538, 146.6946813835365
72.00141538492247, 84.40288150386175
61.36888495339321, 16.459320157716206
37.12011728641116, 152.44765837497195
2.58968204426403, 79.34753473597588
27.000703454569972, 74.18706553933842
39.724668272643136, 48.521007165427
77.69346620944418, 4.863920200491378
45.969622884252004, 86.54140190447973
85.7509342109873, 22.624898612116763
67.91643735014155, 27.494006390923033
57.159941708708104, 90.48503806089143
94.204180127958, 172.96825857215063
19.71713510726323, 117.19870147309325
8.921657346458067, 69.58605334906862
78.34412808538954, 123.57297222730523
69.29902208917336, 190.83904857137995
89.62143527737885, 5.986037852185966
83.53578902567688, 1.5328194089469616
84.2414290319788, 175.60951417779566
38.70688251290297, 122.18444908658515
107.10596737184039, 110.87041530114334
130.0692137056286, 78.39171798108578
167.68107179701417, 125.24313065397708
165.67023674883157, 92.96736346409922
122.08951156238189, 183.57055851089385
156.58421387324364, 48.023873097764856
142.78353563023506, 85.39902068135916
156.81370653330265, 39.07951003204182
120.56042689817839, 93.91555217104279
134.26520502343982, 101.8699536681001
143.93895992076673, 137.83330349182808
101.47199850314975, 154.81403118866373
158.54618779590191, 108.67993416651215
155.22190071169064, 45.771401814762356
133.1740120686508, 116.54548653964608
106.57233808196746, 159.9506587261519
135.76060905250887, 53.211671708253824
190.3555630029495, 80.03939945142271
144.95182635743998, 53.66538403461787
177.64068283901807, 70.33058419494384
165.40261673805546, 98.50051158126428
110.94074535968306, 35.62988297912626
185.15449203464803, 97.40633994724419
102.45294965490068, 44.926418247991265
186.58742801902318, 52.61699768825254
108.13028695884516, 0.9276538373236498
149.199784571532, 149.75123561794354
102.9988774146572, 191.05249102817535
157.90220575972788, 84.40680164739425
135.39454717115024, 161.4593401966218
149.32583637231187, 23.100767131981325
140.53122878927127, 83.81707371010079
100.39377870189205, 9.694534888991813
178.5555958057383, 119.08286174523799
169.05095957760327, 154.77569545838335
139.91591432719645, 32.578768998396555
127.073735021698, 89.46959311939997
122.64430713772583, 179.82435580045296
136.52592984616408, 29.298164777792167
176.2821008772451, 125.21066392952113
130.9540263761554, 24.773910617655904
124.94662144630556, 135.14131721369625
144.57728817739837, 83.24100578024269
163.83981040783658, 49.924389341124595
173.8954250122929, 99.50925362935314
101.04312702422462, 146.6946813835365
197.55558825510747, 115.34220051063319
127.99858461507753, 84.40288150386175
138.6311150466068, 16.459320157716206
162.87988271358884, 152.44765837497195
154.7069286634201, 120.76112395002063
197.41031795573596, 79.34753473597588
172.99929654543, 74.18706553933842
160.27533172735687, 48.521007165427
122.30653379055582, 4.863920200491378
154.030377115748, 86.54140190447973
114.2490657890127, 22.624898612116763
134.273056037655, 192.5477699569028
153.87124638706678, 28.598627976199896
128.365439403444, 53.89448042505018
156.54105800309114, 51.67044565311416
132.08356264985844, 27.494006390923033
142.84005829129188, 90.48503806089143
128.24516334879448, 79.76536151045279
105.795819872042, 172.96825857215063
181.1611821492002, 105.71100193279234
180.28286489273677, 117.19870147309325
191.07834265354194, 69.58605334906862
106.13517012790996, 89.36268933612597
121.65587191461046, 123.57297222730523
124.33514861395813, 194.0916095338303
130.70097791082662, 190.83904857137995
110.37856472262115, 5.986037852185966
157.24464542051595, 122.17558343527763
103.69407939798403, 139.4357358759742
116.46421097432312, 1.5328194089469616
141.90960483010264, 70.51733161671218
115.7585709680212, 175.60951417779566
161.29311748709702, 122.18444908658515
189.56152483271376, 133.22490998086823
