160
85.07491597062324, 42.13278577574733
92.82160661211064, 81.0029348254543
75.22788135497547, 35.587886572680304
77.07343589533735, 48.55343980614741
67.21094321041113, 196.6273761479546
84.47563354091481, 158.45278821285865
89.67799320255959, 103.33781640860154
25.907099333095456, 174.2774160089495
77.12182231863679, 54.30400685528098
43.82973866355668, 27.920830048608234
57.725150586855385, 17.201070012326284
59.819218002110055, 138.0607976620033
38.504732533285704, 123.42492375905611
66.67021672455262, 128.88731260683835
73.37014832393977, 178.6755901182596
90.92973371064825, 128.54527055630115
86.01939935348238, 152.29661881413625
8.856657454884967, 68.95770342908662
1.6368706118509238, 122.40340138283071
14.774587320249156, 53.86898065646852
55.91027817020578, 196.52031699666972
86.99004284313372, 9.737264643760412
73.68451258634357, 31.427361031801194
50.00888093805123, 184.57163382396334
69.3902550296819, 148.52174173625968
56.32464204201572, 19.547320187533735
70.08758351235386, 53.892536356617214
81.32488599552221, 104.1660665004937
48.50311528680133, 122.46673597331564
66.65420710435855, 97.1276775259025
71.84756380212966, 62.41788405415821
90.92070068835693, 156.34454975830087
87.82791560450084, 152.47364238471258
37.00658667858345, 24.861320976918442
44.58148609151202, 11.84005784972296
94.05482456146257, 55.628806743368344
71.59739027425528, 138.9415734871887
50.58649458790177, 30.309681093845665
26.735390663130033, 124.04020454496803
49.069224031033265, 173.22370913918877
87.03050215880414, 11.842243269925156
77.2962912759334, 6.731801580861796
66.14984586906817, 81.25815065812803
89.0651903095576, 182.26515645814675
33.11092762941147, 37.69793837027391
1.371647352960732, 98.94099352923949
88.37927216668746, 78.2711206907255
57.42948205416544, 173.23321138038273
34.81243870079286, 72.863595717782
65.6173735617575, 30.231176388784142
71.15299165107552, 125.38337150684917
32.05965782671555, 64.81390955856764
32.34165097951388, 167.0919811971999
34.00139722068927, 174.68857399983077
89.14610295025602, 73.39969560602388
99.7196102765366, 47.079446028907256
35.09294959628063, 181.5479994832641
68.52936261790585, 182.99857689529168
4.244721754034032, 69.2961047794452
72.71463557793146, 6.779006201397998
37.16451939544984, 26.65765533002944
1.3856435763757489, 136.73368761191927
56.088527369946796, 81.50614419179774
65.50658569845517, 196.56327363012903
80.41056231387029, 108.50083551790031
66.84428735573937, 159.58051036549804
82.09177476280927, 37.433726404836996
93.62320491958712, 97.22091529955046
29.881215060666435, 44.323662966587605
11.892512072685392, 167.340619887436
37.03572794696534, 135.0489843528105
30.946524391366644, 83.88868790019545
14.132550081923956, 103.79671718808545
97.2972705329989, 4.365215285160762
70.82568654955918, 91.22069268568748
69.98057910244762, 112.77771047646222
19.31775549261292, 103.37094808505454
74.2991714788707, 20.020144637315052
60.61368432405505, 9.596746585750324
16.319045664392775, 99.12859047863012
114.92508402937676, 42.13278577574733
117.20638734343382, 120.04429900813143
124.77211864502453, 35.587886572680304
149.5540523638267, 55.70484238331572
105.26038412676866, 126.22833732752335
115.52436645908519, 158.45278821285865
110.32200679744041, 103.33781640860154
176.21877893596817, 102.59314050587874
122.87817768136321, 54.30400685528098
108.95941724669444, 24.626734155440143
166.08780890332085, 95.7523497506534
140.18078199788994, 138.0607976620033
161.4952674667143, 123.42492375905611
133.32978327544737, 128.88731260683835
113.8783068820951, 187.58119338460367
109.07026628935175, 128.54527055630115
113.98060064651762, 152.29661881413625
113.85938961128382, 27.770105788747102
142.75757788500414, 151.45650414116082
185.22541267975083, 53.86898065646852
169.09955110532582, 169.8849552435597
113.00995715686628, 9.737264643760412
126.31548741365643, 31.427361031801194
149.99111906194878, 184.57163382396334
176.9589916069453, 159.39268637129976
143.6753579579843, 19.547320187533735
129.91241648764614, 53.892536356617214
146.39724656777196, 114.3190987716961
151.49688471319865, 122.46673597331564
133.34579289564147, 97.1276775259025
146.74288669757274, 77.2411606211534
109.07929931164307, 156.34454975830087
112.17208439549916, 152.47364238471258
194.97637291664094, 71.18225129830546
162.5593491038486, 36.9505184175466
105.94517543853743, 55.628806743368344
164.7025708157782, 132.2819189839967
149.41350541209823, 30.309681093845665
145.54740565140014, 72.51981527844613
150.93077596896674, 173.22370913918877
112.96949784119586, 11.842243269925156
122.7037087240666, 6.731801580861796
133.85015413093183, 81.25815065812803
110.9348096904424, 182.26515645814675
166.88907237058854, 37.69793837027391
171.30193975009408, 142.2545369544987
154.2723725136234, 42.51431449541605
142.57051794583455, 173.23321138038273
177.98373641392416, 38.91274636870554
134.38262643824248, 30.231176388784142
128.84700834892448, 125.38337150684917
151.50412617639364, 59.29175998578036
167.65834902048613, 167.0919811971999
165.99860277931072, 174.68857399983077
110.85389704974398, 73.39969560602388
100.2803897234634, 47.079446028907256
134.4901632084185, 112.93366554077657
131.47063738209414, 182.99857689529168
147.58222448201116, 112.54398796340644
157.72171968262353, 51.80681019813462
162.83548060455016, 26.65765533002944
140.33219864957994, 101.9799178390729
179.1589263947013, 116.6390813775302
158.61726416982236, 140.7127053426628
119.58943768612971, 108.50083551790031
133.15571264426063, 159.58051036549804
117.90822523719073, 37.433726404836996
106.37679508041288, 97.22091529955046
170.11878493933358, 44.323662966587605
152.47101328863891, 108.78947974041917
123.89000999346891, 191.0092620111249
161.80174668093665, 131.53942722628162
185.86744991807603, 103.79671718808545
102.7027294670011, 4.365215285160762
129.17431345044082, 91.22069268568748
130.01942089755238, 112.77771047646222
180.68224450738708, 103.37094808505454
104.76509614906465, 10.219624411777328
181.6235628597761, 86.38222022075557
183.68095433560723, 99.12859047863012
