176
95.83019120493199, 63.70782344148584
66.48895763050876, 187.10435145517948
79.42744229540509, 92.92830799401395
30.495423641605935, 51.871294197131654
97.13322889430664, 102.58158432425708
83.58354603246318, 192.37549042393624
83.84626240128932, 139.54117492534866
1.3284088951915862, 193.11241387850393
70.44043649092508, 117.98255151872723
77.5877093650391, 146.30368921417906
81.64549105480418, 169.69669132597434
17.953811530410945, 85.85832569799716
98.85108428237773, 119.2776802064399
46.555368524283146, 77.29655564359105
73.65889875282619, 100.74425708739834
79.74635230773718, 188.50153891533284
8.428446112641918, 96.14769342153944
56.44319442077613, 50.02570765268439
94.4868339663358, 145.70006096396952
35.72791538023724, 60.437946185497026
71.47916402779062, 55.63211554296626
8.164409912176584, 115.29130299691094
23.765699194316902, 36.699406061461204
92.73915394792304, 123.56777905447997
63.731997727274226, 154.564778623387
44.784650379975986, 156.3251692125462
64.79579889941265, 17.963363536129933
39.12962032226912, 75.25537719029722
60.85784983339847, 153.5963814064706
43.128548481335216, 117.72909832786651
22.070983229590503, 86.9517174414076
59.617745452980145, 13.1312480605966
73.20700426963165, 67.59004259062596
99.36524839040231, 54.00670465815865
33.934017435408634, 86.434569384869
94.33612169393638, 67.62682043341736
71.83821772990055, 186.01503685074857
92.4438848995384, 129.5591710712247
24.313567452121454, 102.32434490333166
86.9974094149315, 143.05303694524426
27.46092291749641, 108.0667067492104
38.328167021220814, 163.94845535420896
23.075616688841137, 117.00629843804435
21.56084681319429, 149.28038822758023
11.39476972618283, 142.6852759984414
19.836429415730418, 145.8368922992331
12.240944453771242, 117.30330877532825
98.68200697447999, 34.382688583987296
63.24027768717129, 46.387855901947084
61.71573627083998, 160.65795185936759
46.76871455494448, 149.42716064218254
19.278317682098866, 27.86941177216746
76.63940894208189, 102.21257306619742
42.76569987454073, 153.76027752400273
43.57573823296153, 140.67359552927238
5.4392666168851065, 39.74876368138258
30.84110908816956, 133.77548355763224
91.08981903432516, 8.542686781870756
33.308830123968214, 46.885370394435746
83.70755293239989, 158.43229508536064
70.4886406148565, 38.11271243544261
81.87702593879507, 31.641274622111926
57.32947977554483, 93.68342081655577
81.5906582845997, 140.87673452329852
88.915049760994, 29.430901622546468
71.26931384578093, 143.4316733830769
50.049050503218396, 135.9844870784354
90.54177787438506, 88.49673612375774
43.14836985646434, 96.04053786822071
3.8029627463005644, 111.84688482693244
41.160595342732684, 60.825167423501526
32.820564094178366, 36.205848207694565
71.1335902602409, 7.833881801116549
27.069444340895664, 79.43590148608959
26.87805589758555, 158.78838934188283
81.74276598200218, 122.085187496405
68.3214702659841, 158.16799883101177
50.545430494237706, 114.50616616926033
90.36618576753858, 100.72726143049783
22.738978382902364, 141.62501478389768
75.19283983837313, 184.212144379021
65.01793048232864, 123.1320889219969
74.56745108907346, 71.03966601719497
69.84337632692966, 46.646067752740315
26.485501385616306, 150.41987778282672
32.433529229849654, 130.8536538587703
7.697949699190909, 18.87877416331809
23.012224399051018, 132.1769680562208
77.34237014653826, 37.0246034749635
44.61255777502592, 150.8787738940286
20.86566525794162, 30.41576256459464
24.67038592842953, 91.92733679758784
45.29400763909822, 182.8551684078132
50.77679248864146, 145.00101733332988
21.79428544255908, 105.18314525291927
92.43202123161372, 103.71088458092184
104.16980879506801, 63.70782344148584
111.65114970406817, 118.23188954781041
120.57255770459491, 92.92830799401395
169.50457635839408, 51.871294197131654
102.86677110569336, 102.58158432425708
116.41645396753682, 192.37549042393624
116.15373759871068, 139.54117492534866
165.89326758992155, 163.96369395878457
129.5595635090749, 117.98255151872723
122.4122906349609, 146.30368921417906
118.35450894519582, 169.69669132597434
182.04618846958905, 85.85832569799716
101.14891571762227, 119.2776802064399
145.3821816162073, 49.2454472387936
126.34110124717381, 100.74425708739834
120.25364769226282, 188.50153891533284
191.57155388735808, 96.14769342153944
143.55680557922386, 50.02570765268439
105.5131660336642, 145.70006096396952
164.27208461976275, 60.437946185497026
173.87287279289032, 125.72420250680436
191.83559008782342, 115.29130299691094
176.2343008056831, 36.699406061461204
107.26084605207696, 123.56777905447997
136.26800227272577, 154.564778623387
155.21534962002403, 156.3251692125462
115.90618999744568, 75.97892282174732
160.87037967773088, 75.25537719029722
139.14215016660154, 153.5963814064706
156.8714515186648, 117.72909832786651
177.9290167704095, 86.9517174414076
140.38225454701984, 13.1312480605966
126.79299573036835, 67.59004259062596
100.63475160959769, 54.00670465815865
166.06598256459137, 86.434569384869
105.66387830606362, 67.62682043341736
128.16178227009945, 186.01503685074857
107.5561151004616, 129.5591710712247
175.68643254787855, 102.32434490333166
113.0025905850685, 143.05303694524426
172.53907708250358, 108.0667067492104
161.67183297877918, 163.94845535420896
176.92438331115886, 117.00629843804435
178.4391531868057, 149.28038822758023
183.53562298880814, 68.37686623086319
180.1635705842696, 145.8368922992331
187.75905554622875, 117.30330877532825
101.31799302552001, 34.382688583987296
157.7251576144675, 28.55528099097797
138.28426372916002, 160.65795185936759
153.2312854450555, 149.42716064218254
163.12734805484592, 34.07733062189664
123.36059105791811, 102.21257306619742
110.11712490946024, 185.07529646905815
156.42426176703847, 140.67359552927238
124.55689010396105, 36.92142769204383
165.68063398394202, 129.75891614828728
108.91018096567484, 8.542686781870756
166.69116987603178, 46.885370394435746
141.93093504699223, 108.65800031432227
129.51135938514352, 38.11271243544261
118.12297406120493, 31.641274622111926
142.67052022445517, 93.68342081655577
100.8780347379649, 163.01741304876538
111.084950239006, 29.430901622546468
128.7306861542191, 143.4316733830769
149.95094949678162, 135.9844870784354
109.45822212561494, 88.49673612375774
108.98210110441462, 141.68180492674182
196.19703725369945, 111.84688482693244
158.83940465726732, 60.825167423501526
152.21791597064748, 80.11169818175803
128.8664097397591, 7.833881801116549
172.93055565910433, 79.43590148608959
173.12194410241446, 158.78838934188283
118.25723401799782, 122.085187496405
131.6785297340159, 158.16799883101177
149.4545695057623, 114.50616616926033
112.59501852967821, 113.58021603820394
177.26102161709764, 141.62501478389768
