176
99.92256824705969, 10.614402324728921
8.550820756984423, 61.27356383954863
23.21538145226437, 142.8383513836618
56.110585813241656, 164.35130302977535
29.928621022984203, 83.81319701319418
5.626309212938729, 99.32521774334344
37.35164050472469, 155.66103402359715
97.83349526033824, 28.320035247270646
99.40577427127663, 19.065094667153293
85.47451028731352, 188.03868346156008
81.23267261968662, 63.17223012100654
46.429055454067736, 82.91844105363013
62.0037857614379, 163.76185931822548
78.24113188813747, 137.804587755497
67.22663718146202, 73.5577687291276
53.787527845323226, 30.14793150203843
50.5209702768764, 85.17500918642884
45.6196992452266, 156.242703274765
34.83221737469788, 75.9296122926274
9.47065425508493, 93.53565601876907
71.40804013904508, 107.85624855762663
60.02621769491204, 127.01129438825012
37.235017706370265, 144.47375272392716
81.4676019066598, 61.13833499227748
79.54630139146417, 154.5598807985827
84.23719595844177, 25.335335980308173
68.33719022977485, 150.70056971864813
54.926033466364856, 159.39213903430542
90.31321924717821, 107.21707719298566
50.962687573625686, 76.65405558088435
4.15528320661992, 83.38115806144795
22.277610584126904, 74.05992882860527
58.049659534985054, 77.40253284142669
98.56575048556158, 65.90341062054385
13.095432587064138, 84.41936230001772
61.31474801024207, 156.53199386115793
73.77309448617643, 61.086569234289655
49.161501139090106, 27.755456642223606
99.71851869717233, 113.9922847827845
41.55673207856175, 97.41645000010435
84.94133850679772, 94.21830463234365
83.95329876258303, 30.776620566890678
34.22358483792735, 125.8383240537771
88.69380565471351, 86.93917632534524
70.88372534562771, 191.06632716313734
99.16218697718368, 192.10530039590225
32.04393597052299, 104.65472822160142
29.38235150636086, 131.0630967548024
62.713104639173245, 135.2447597141513
22.644693169021735, 153.35421499464843
97.10190845423023, 75.51564617511488
86.58072616560742, 70.99879472547485
16.847212727836936, 133.24411864789894
33.177116794198625, 115.9413659102501
45.234519603579116, 94.05423808669873
17.549867050349278, 96.92044305055624
6.368573998357229, 84.98327687997826
24.421321629190153, 111.53087354297703
8.497165953188112, 132.42881532989514
87.41244093183808, 49.726435929894855
18.647478627065162, 42.42507807481819
46.85293199667343, 179.85416212026354
63.4676502920394, 85.5568103694809
89.50005589824467, 184.80590655809613
43.828775747780135, 128.6190763770511
70.265529798381, 148.4883455384895
88.5865380985148, 130.18863424707675
17.227096216054328, 94.27541775828452
75.93763502285785, 142.31873064984265
59.83184486826475, 96.1584673111787
99.81109247766545, 127.99265415963377
56.342301064816155, 115.85796529079933
72.59072970422615, 106.75857144966025
52.22237676338823, 74.02320876978675
1.0293138890930087, 96.94727272556688
35.39129093537806, 153.06676896933655
54.63018045816628, 141.81054119760185
23.756284217948497, 45.03648927620472
28.22270797776393, 129.89792085491436
88.75626676309724, 166.25186164019078
1.4325654981082736, 33.332815877125824
62.531794202800064, 44.2054231213765
97.11837783124128, 162.63760948242268
52.60494373487785, 93.25543506732372
47.92823912095457, 35.36727035210656
70.52320405537706, 64.34654850484624
37.85480214685701, 165.99236673720827
41.382522686800826, 102.22607818264873
68.58567538752527, 130.51404091487828
61.114418335826024, 85.12589443508499
24.65392005008049, 143.62229978705312
34.52944814852077, 198.8782903622522
46.38267970258737, 47.20445634170427
10.210548660127728, 199.1006949581959
72.56232157816257, 76.06044872465883
22.35654283587085, 21.64791642633257
100.07743175294031, 10.614402324728921
191.44917924301558, 61.27356383954863
176.78461854773562, 142.8383513836618
143.88941418675836, 164.35130302977535
170.0713789770158, 83.81319701319418
194.37369078706126, 99.32521774334344
162.64835949527532, 155.66103402359715
102.16650473966176, 28.320035247270646
100.59422572872337, 19.065094667153293
114.52548971268648, 188.03868346156008
118.76732738031338, 63.17223012100654
153.57094454593226, 82.91844105363013
137.9962142385621, 163.76185931822548
121.75886811186253, 137.804587755497
132.77336281853798, 73.5577687291276
146.2124721546768, 30.14793150203843
149.4790297231236, 85.17500918642884
154.3803007547734, 156.242703274765
165.16778262530212, 75.9296122926274
190.52934574491508, 93.53565601876907
128.59195986095492, 107.85624855762663
139.97378230508795, 127.01129438825012
162.76498229362974, 144.47375272392716
118.5323980933402, 61.13833499227748
120.45369860853583, 154.5598807985827
115.76280404155823, 25.335335980308173
131.66280977022515, 150.70056971864813
145.07396653363514, 159.39213903430542
109.68678075282179, 107.21707719298566
149.0373124263743, 76.65405558088435
195.8447167933801, 83.38115806144795
177.7223894158731, 74.05992882860527
141.95034046501496, 77.40253284142669
101.43424951443842, 65.90341062054385
186.90456741293588, 84.41936230001772
138.68525198975794, 156.53199386115793
126.22690551382357, 61.086569234289655
150.8384988609099, 27.755456642223606
100.28148130282767, 113.9922847827845
158.44326792143823, 97.41645000010435
115.05866149320228, 94.21830463234365
116.04670123741697, 30.776620566890678
165.77641516207265, 125.8383240537771
111.30619434528649, 86.93917632534524
129.1162746543723, 191.06632716313734
100.83781302281632, 192.10530039590225
167.956064029477, 104.65472822160142
170.61764849363914, 131.0630967548024
137.28689536082675, 135.2447597141513
177.35530683097826, 153.35421499464843
102.89809154576977, 75.51564617511488
113.41927383439258, 70.99879472547485
183.15278727216307, 133.24411864789894
166.82288320580136, 115.9413659102501
154.76548039642088, 94.05423808669873
182.4501329496507, 96.92044305055624
193.63142600164278, 84.98327687997826
175.57867837080985, 111.53087354297703
191.5028340468119, 132.42881532989514
112.58755906816192, 49.726435929894855
181.35252137293483, 42.42507807481819
153.14706800332658, 179.85416212026354
136.5323497079606, 85.5568103694809
110.49994410175533, 184.80590655809613
156.17122425221987, 128.6190763770511
129.734470201619, 148.4883455384895
111.4134619014852, 130.18863424707675
182.77290378394568, 94.27541775828452
124.06236497714215, 142.31873064984265
140.16815513173526, 96.1584673111787
100.18890752233455, 127.99265415963377
143.65769893518384, 115.85796529079933
127.40927029577385, 106.75857144966025
147.77762323661176, 74.02320876978675
198.970686110907, 96.94727272556688
164.60870906462193, 153.06676896933655
145.36981954183372, 141.81054119760185
176.2437157820515, 45.03648927620472
171.77729202223608, 129.89792085491436
111.24373323690276, 166.25186164019078
