176
60.58675524568096, 62.40687368122525
95.01699261401043, 189.36008361750737
32.747579465535004, 103.08874558140467
7.605914688160043, 99.47637923309887
74.02588190266076, 74.86300682879083
47.762940629971496, 41.75112531450023
45.39841296767211, 149.03401715476951
89.38325555840791, 141.69126577790496
28.25750323027628, 122.01073044746329
50.981430883709734, 167.37733232903426
29.147781414728946, 144.93598501171232
29.31120195541611, 39.35739923504584
83.94284489157666, 124.01555140163047
86.40575570343604, 152.1931773656599
99.22391909486996, 147.66898115331853
75.66818008055758, 173.53246056647674
63.3094799838863, 73.46876308721522
71.02620763648045, 193.40073156478425
53.34995701009247, 58.08018849762837
42.05339328761934, 180.16406090421867
77.21483560781394, 145.00969530625093
33.04910800831456, 144.26422424139457
14.320108693119437, 106.12941037991406
54.75024706378848, 114.23716158725658
63.132419739068354, 68.9696022624894
87.32662324105107, 164.44145192324658
27.098296647223663, 86.65340400031471
69.50104726776391, 71.15657301690332
65.76418017277221, 12.252608749376881
85.26598483529715, 94.11429508201753
55.35843013961534, 52.34509899991864
56.38798357912671, 149.2043545774267
58.29159614618627, 58.314944232297194
45.69504366939674, 71.61720674807135
73.06168319158837, 134.38330926536926
64.69775770221108, 59.73589332095321
77.64783426387893, 150.8763638834819
84.81139746028646, 42.633338687337165
67.30960878448808, 69.36214798634424
76.3111237446992, 78.84264381698227
93.84350213613432, 127.26946927234408
72.93438035223261, 90.13323525010428
15.638063764122446, 64.57725488313008
97.35836815484585, 123.40857643179139
50.74801960919194, 113.77932536293736
71.84356694703355, 187.62279486039796
59.24624590527608, 105.33526667968576
58.65005905692847, 11.86885597420746
71.52102869096836, 102.31487346237435
33.194581409692894, 172.33443483670015
52.7233544281033, 15.315314776877443
40.89686163798293, 38.66470300871803
74.7820395969752, 139.34141939914636
83.61382217285998, 173.43717552275746
23.24442233525083, 83.67549634274883
18.34884995535574, 95.16467520321261
60.22718026513253, 182.4887452627166
92.54518968351285, 37.97143157773406
80.31033895142943, 6.248970810037213
33.20052919483048, 64.33476712542682
53.3771864886286, 128.57288708269525
90.93924549354398, 93.46279779173507
13.49660326217965, 140.33606630020654
52.97745299821306, 174.4564298536138
79.74138549870618, 159.471015569664
93.31949074383763, 105.3384723260663
58.46352528536548, 166.42266246116557
55.964804455426105, 77.2077791929303
92.84416964494241, 134.96172053199916
15.300158658839269, 110.74915381622156
37.84353049775389, 168.2500832446569
77.10375000345131, 67.56544425797664
78.85884259586044, 68.32982932291873
23.407031146059776, 74.45040234242457
1.62206385182958, 118.66101616674644
17.232398560585494, 158.46355899215192
76.84437648748124, 9.55026797436076
80.1227109639795, 78.36210656385971
48.96797720140809, 115.38460640672481
76.83917444851106, 184.03364035197126
16.123252001940514, 48.47469185742555
7.087252727450033, 92.51324734666674
59.73290395677334, 103.46253184462213
65.9663805654692, 1.7873973123431197
34.82083731163955, 121.22368680511688
27.795678392745703, 72.90784977915033
78.75681650228977, 139.78561079266225
26.209668771024564, 9.47308335169723
90.21772141683438, 63.29640943490151
44.12323255250702, 25.648193930166798
65.05586131731532, 193.6256087043561
73.13988121113272, 125.77062269371899
79.66494380535573, 98.83797718408007
94.50718589227321, 42.09693220116291
76.6661576506249, 2.944079050637294
9.986593395580634, 172.54272285834145
180.34860535595567, 135.10600625564157
104.98300738598957, 189.36008361750737
167.252420534465, 103.08874558140467
192.39408531183994, 99.47637923309887
125.97411809733924, 74.86300682879083
152.2370593700285, 41.75112531450023
165.46602620429186, 134.32791797521978
110.61674444159209, 141.69126577790496
171.74249676972372, 122.01073044746329
149.01856911629028, 167.37733232903426
170.85221858527106, 144.93598501171232
170.6887980445839, 39.35739923504584
116.05715510842334, 124.01555140163047
113.59424429656396, 152.1931773656599
100.77608090513004, 147.66898115331853
124.33181991944242, 173.53246056647674
136.6905200161137, 73.46876308721522
128.97379236351955, 193.40073156478425
154.4970209294055, 108.13651483713377
157.94660671238066, 180.16406090421867
122.78516439218606, 145.00969530625093
166.95089199168544, 144.26422424139457
185.67989130688056, 106.12941037991406
145.2497529362115, 114.23716158725658
136.86758026093165, 68.9696022624894
112.67337675894893, 164.44145192324658
172.90170335277634, 86.65340400031471
130.4989527322361, 71.15657301690332
134.23581982722777, 12.252608749376881
133.4929955136629, 156.71830360318003
144.64156986038466, 52.34509899991864
143.6120164208733, 149.2043545774267
141.70840385381373, 58.314944232297194
154.30495633060326, 71.61720674807135
126.93831680841163, 134.38330926536926
139.62954155490422, 108.44911155866438
122.35216573612107, 150.8763638834819
115.18860253971354, 42.633338687337165
132.6903912155119, 69.36214798634424
123.6888762553008, 78.84264381698227
148.91189310243158, 67.40463449725095
127.06561964776739, 90.13323525010428
184.36193623587755, 64.57725488313008
102.64163184515415, 123.40857643179139
149.25198039080806, 113.77932536293736
128.15643305296646, 187.62279486039796
151.3804095794732, 165.91790174381768
141.34994094307154, 11.86885597420746
128.47897130903164, 102.31487346237435
166.8054185903071, 172.33443483670015
147.2766455718967, 15.315314776877443
159.10313836201706, 38.66470300871803
109.52096310435859, 69.19655497947628
157.72979393491875, 160.4506313783581
109.20237464850912, 35.84363673275717
181.65115004464425, 95.16467520321261
139.77281973486748, 182.4887452627166
107.45481031648715, 37.97143157773406
119.68966104857057, 6.248970810037213
114.90296216345013, 3.039158889020488
146.6228135113714, 128.57288708269525
109.06075450645602, 93.46279779173507
186.50339673782034, 140.33606630020654
147.02254700178693, 174.4564298536138
146.85764993730243, 130.7885116366157
106.68050925616237, 105.3384723260663
141.53647471463452, 166.42266246116557
117.88688058185728, 92.28737651783936
107.15583035505759, 134.96172053199916
184.69984134116072, 110.74915381622156
162.15646950224613, 168.2500832446569
122.89624999654869, 67.56544425797664
121.14115740413956, 68.32982932291873
176.59296885394022, 74.45040234242457
167.8051300886795, 168.07946580236228
151.9598617728045, 139.54309614244676
123.15562351251876, 9.55026797436076
179.07810664621834, 96.081400605506
151.03202279859192, 115.38460640672481
123.16082555148894, 184.03364035197126
