112
23.5838780292549, 48.70986187333961
26.711535233041715, 41.92928784697174
87.90050425044487, 99.27031596891666
77.48431289056266, 118.04964435813237
13.969656373375972, 96.72163463132728
47.261359628006325, 176.85126166309377
34.35271600741192, 53.632592659239606
77.94734977616025, 19.403409385271388
42.606507414196294, 171.34617145151552
89.62716690629847, 15.934416854529744
11.042467164731706, 120.89252117434808
56.14931918741696, 134.235646365415
55.83009508058292, 84.23781489328546
37.42131135658544, 131.4793145533745
40.00723665161485, 90.38370075992303
42.93298380452375, 180.51684216127794
69.16159145256708, 66.2706412132685
35.368463689164145, 119.70847941684728
82.33274940150929, 162.5605154830469
6.561864447019294, 121.44338445476517
15.807159527606562, 130.5143235353182
78.63282343087006, 177.86873191464332
32.92674885218481, 109.90516149391208
74.57797998493511, 196.14530395267056
94.49133361677117, 10.665227907092433
98.97362612441435, 0.6332044564030026
76.62761570981645, 183.52798445603824
27.248507055879955, 71.86813117310042
7.933159124321165, 111.39941437912076
39.69387396077657, 99.34952759357805
34.45694561358368, 149.5261690403715
89.53736985949054, 12.709542937410422
128.34719915724034, 40.80803562996833
176.4161219707451, 48.70986187333961
157.8984733573144, 47.56636845066491
191.301749230159, 59.530349968788144
173.28846476695827, 41.92928784697174
118.7488622913943, 167.24116951053688
144.6029574883056, 75.62744717882933
112.09949574955513, 99.27031596891666
102.47945160367571, 124.09107946619955
152.80058371802673, 84.29551885637198
122.51568710943734, 118.04964435813237
105.45039177035375, 21.17609381488701
125.75739963667287, 174.15322367187034
178.70386773087193, 81.45718744483845
186.03034362662402, 96.72163463132728
174.80633223738113, 63.106974804417426
193.1104391606021, 74.91976850510417
115.59678297071578, 158.34563602667063
139.46588984028048, 65.58427380937066
152.73864037199368, 176.85126166309377
165.6472839925881, 53.632592659239606
116.71723133004981, 151.38077802496522
120.47725897229817, 34.63879063791837
122.05265022383975, 19.403409385271388
112.70415569418066, 153.8068487392527
157.3934925858037, 171.34617145151552
110.37283309370153, 15.934416854529744
188.9575328352683, 120.89252117434808
172.3958794406478, 68.55500494939663
143.85068081258305, 134.235646365415
115.28698178550215, 111.46043582531433
144.1699049194171, 84.23781489328546
112.86262473474399, 195.04375556088632
148.0761721143702, 173.39313071713457
162.57868864341455, 131.4793145533745
159.99276334838515, 90.38370075992303
141.0114582271321, 53.485546464594776
157.06701619547624, 180.51684216127794
131.48244489950156, 141.0454868512709
130.83840854743292, 66.2706412132685
130.93367189050116, 134.63756067057707
100.40609842997557, 96.17007882847916
164.63153631083586, 119.70847941684728
108.19508394235895, 195.47145795250307
124.76184437331266, 43.030991411497574
143.3057033348138, 30.02192705921649
100.55015436271086, 139.6700860941773
100.02094413477145, 42.00907735324711
117.66725059849071, 162.5605154830469
125.6652681407533, 98.0530292541804
193.4381355529807, 121.44338445476517
184.19284047239344, 130.5143235353182
149.3717764886, 166.21912173335602
188.41008941782098, 110.35978403500926
181.03418727667716, 140.44683670718825
137.00766074465642, 99.40561507283702
177.0045777207414, 94.89914635932494
137.51823254366673, 125.37219066907828
120.99599104502313, 52.57364324756417
121.36717656912994, 177.86873191464332
167.0732511478152, 109.90516149391208
125.31893776201419, 39.29819401152399
125.85336370056149, 188.08263069581758
125.42202001506489, 196.14530395267056
105.50866638322883, 10.665227907092433
115.06822033230323, 143.7880990909694
101.02637387558565, 0.6332044564030026
125.27944520543072, 192.20617191406467
112.60035032140654, 161.42197003102157
197.56319509295867, 85.38727510468578
123.37238429018355, 183.52798445603824
172.75149294412006, 71.86813117310042
192.06684087567885, 111.39941437912076
160.30612603922344, 99.34952759357805
102.20652765240294, 194.63894605198394
165.54305438641632, 149.5261690403715
125.77848388557385, 92.48335301161185
110.46263014050946, 12.709542937410422
128.67236763283938, 105.30085386146123
106.53083091893039, 161.1146406093771
