176
47.817718438429836, 167.31170859833162
95.90435252411748, 92.79096412362217
71.5302837305064, 90.2999796554277
74.54592778302147, 24.386995114972464
78.94758651786319, 117.32630314505312
55.592305111605825, 18.580531718763815
60.42889933869657, 158.47538421829756
21.01027180258037, 114.67967738203018
22.940248606560388, 97.26693136003506
71.74043344953422, 167.70592072219134
93.57744789325085, 172.67010244264458
94.20612633226662, 176.32367102515462
3.766009151192462, 121.09952925987389
65.57479345502618, 188.5306350604938
27.29525740690858, 107.02905103588793
39.35769519227881, 142.20340484652053
52.60001361436826, 157.0772898458728
59.589162354973226, 151.63341635539078
60.00204915799726, 120.85716482679385
44.22543145068717, 182.027711604949
27.893112930106135, 135.1257658190135
29.8258023301195, 123.6030040555408
77.45765324554462, 106.05842645421677
47.25691821760917, 62.31612052385649
66.62604321313901, 69.677848536595
52.735783249175725, 110.30806218400213
10.345947768583219, 60.15519868112902
68.31081191661916, 160.87460106765604
90.0895821977425, 158.78199046807643
10.450131125390968, 153.77071987157515
21.138328234501678, 59.231623213541006
46.433083537550615, 168.44777746363818
53.429961650277164, 112.4781058256659
82.06981358216329, 141.576702742362
79.92382887741871, 115.43802400776659
29.705709794359223, 109.54325678767775
32.02617707104618, 116.13586436243226
75.40905473825158, 190.20775690393617
78.27857807921662, 189.39550817454557
67.4166713906344, 186.16740481626033
87.96776655760871, 39.82207016163741
5.686351970873471, 101.36699262784444
62.27732600602036, 32.77027152227354
75.79354037555473, 84.67028276566602
24.5566475019529, 129.80577912737897
81.13440978735996, 5.396460693111416
92.37341130349125, 123.84292163874005
36.46437166128319, 85.06979979680776
40.966115882995766, 149.27220172064722
94.26568722501463, 194.69646741677224
61.021610354999225, 163.6904844283213
61.4893837836511, 40.9504124909583
81.88734533254512, 99.61719138201238
86.24263642243501, 81.23872997994756
46.161297483645, 77.19670793557123
91.92510467291804, 73.66307362557562
37.73736834594607, 144.6891559890497
33.927602798476016, 84.38140162025694
46.13067553819549, 50.08684999469
71.53902914376594, 9.150805648315607
88.24481470867522, 144.09312304700433
68.36839941167273, 68.8907861735832
87.83085135638831, 106.92644636233504
58.83774208488488, 108.61270454681642
86.50707502445181, 87.05674097186531
32.6719680168315, 149.67737617913005
7.154100969630477, 141.36452280549457
76.59150241453969, 108.86879542694537
10.680967942889197, 196.40090339830695
25.97149559866272, 162.01114144355233
93.30601743668487, 118.14244587051593
95.58977797400536, 105.56180155569221
43.37290701298635, 116.15808378146764
58.43472077662311, 45.909729480977866
60.006119644376724, 133.42312481880424
30.077642564063424, 167.42439233579373
57.028333774203254, 132.34155197185473
39.54317429090847, 93.90229467498263
24.50802322720158, 163.20014094921854
62.20808841519188, 174.9132543868343
3.7981805646587263, 154.7682117006994
23.98430769135529, 176.80650765743627
16.225902847345886, 81.34224987015364
13.272332526628484, 131.91053540705633
71.80629325725496, 190.84909489726368
19.70388143594166, 166.44480721333096
4.263838920982954, 112.46734274179957
57.33148825190386, 147.45197464795453
77.42633089848222, 173.0835939042185
51.25526538677707, 146.96728387684013
57.1406067330914, 154.87137365015099
60.59593811829064, 3.5994040712663544
5.896578146746412, 123.96496970917701
17.464857901960894, 143.05343896185886
62.95706186573199, 16.361136831697532
30.25719561549466, 134.02123491123498
152.18228156157016, 167.31170859833162
104.09564747588252, 92.79096412362217
128.4697162694936, 90.2999796554277
125.45407221697853, 24.386995114972464
121.05241348213681, 117.32630314505312
144.4076948883942, 18.580531718763815
115.39517759880142, 162.70285566102604
178.98972819741962, 114.67967738203018
177.05975139343963, 97.26693136003506
128.25956655046576, 167.70592072219134
106.42255210674915, 172.67010244264458
105.79387366773338, 176.32367102515462
196.23399084880754, 121.09952925987389
134.42520654497383, 188.5306350604938
172.70474259309142, 107.02905103588793
160.6423048077212, 142.20340484652053
147.39998638563173, 157.0772898458728
131.7494290244469, 179.38090186105097
139.99795084200275, 120.85716482679385
155.77456854931285, 182.027711604949
172.10688706989387, 135.1257658190135
170.1741976698805, 123.6030040555408
122.54234675445538, 106.05842645421677
152.74308178239085, 62.31612052385649
133.373956786861, 69.677848536595
147.2642167508243, 110.30806218400213
189.65405223141678, 60.15519868112902
131.68918808338083, 160.87460106765604
109.9104178022575, 158.78199046807643
116.56253596074971, 131.95906039508506
178.86167176549833, 59.231623213541006
153.5669164624494, 168.44777746363818
193.2368006758214, 88.71036531374014
117.93018641783671, 141.576702742362
120.07617112258129, 115.43802400776659
104.5289781881296, 89.76463158927889
190.08171263728553, 112.42214690521719
124.59094526174842, 190.20775690393617
121.72142192078338, 189.39550817454557
132.5833286093656, 186.16740481626033
112.03223344239129, 39.82207016163741
194.31364802912654, 101.36699262784444
167.6185952042261, 59.981679134813916
124.20645962444527, 84.67028276566602
168.6658159000683, 65.14770710244005
118.86559021264004, 5.396460693111416
107.62658869650875, 123.84292163874005
163.5356283387168, 85.06979979680776
117.0790985631253, 120.19551494073998
105.73431277498537, 194.69646741677224
138.9783896450008, 163.6904844283213
138.5106162163489, 40.9504124909583
127.835775605688, 151.85650040868612
113.75736357756499, 81.23872997994756
153.838702516355, 77.19670793557123
108.07489532708196, 73.66307362557562
130.07234235383692, 126.91763407196413
166.07239720152398, 84.38140162025694
153.86932446180452, 50.08684999469
128.46097085623404, 9.150805648315607
114.36688616399161, 157.49770824956502
131.63160058832727, 68.8907861735832
112.16914864361169, 106.92644636233504
141.1622579151151, 108.61270454681642
113.49292497554819, 87.05674097186531
167.3280319831685, 149.67737617913005
136.18005500966638, 150.37844940574817
100.42085669505074, 148.1025705513629
111.00185401386676, 129.69541273432955
174.02850440133727, 162.01114144355233
106.69398256331513, 118.14244587051593
104.41022202599464, 105.56180155569221
156.62709298701364, 116.15808378146764
141.56527922337688, 45.909729480977866
139.99388035562328, 133.42312481880424
169.9223574359366, 167.42439233579373
142.97166622579675, 132.34155197185473
160.45682570909153, 93.90229467498263
175.4919767727984, 163.20014094921854
122.13111984024668, 187.82154211527754
