160
73.4505593545204, 100.88100112168922
82.26843643897159, 59.81236456474684
31.266275847584378, 96.2851523915211
94.52493798619322, 138.7763674466411
15.825450926719675, 143.38062441457927
85.15931614105274, 174.00004265038146
36.15037928468766, 42.405960877102736
47.70743022307883, 158.11016458097805
81.22336674513973, 145.17336823411458
30.40974284121375, 63.87351849507424
79.98465041332898, 179.43711370069988
56.591175563954636, 83.37269667362665
83.26306504610302, 151.46732220791154
48.59515513675882, 150.5302892745912
65.23765908068464, 114.0388755592739
37.393909382929515, 147.0577795803066
15.157703164825985, 147.4152171335206
52.91729393952603, 63.989931290284254
77.2222726735826, 113.64014876062389
42.813421340288315, 99.6189985072582
20.0919114861973, 77.69811492141112
23.338297851797684, 136.20194086641112
73.99509959347492, 68.84815566945586
54.537075635691664, 17.32055507060093
97.14769896566008, 88.43549923130547
28.50716226353649, 121.63864690096125
92.12591086760935, 38.328435287187254
54.98867405549892, 121.9183607195719
39.84783893330346, 41.89297245611287
48.30532544448197, 18.392514568578644
36.19983178683049, 144.25213315219847
65.93833124154696, 17.97532630991794
92.42134207986041, 61.38902863116471
84.87428422962901, 42.36581723651716
99.77866364039913, 23.438039173567216
24.16259096886907, 123.23754230981692
25.628179290178686, 115.88128292478301
84.9706465338595, 169.87165006309277
13.137353444326006, 121.45747698058867
82.45370020024002, 108.04132859902498
33.3417521032891, 41.68532867234702
28.40228112274562, 162.66909693660725
15.264048420513031, 91.01403846104297
59.5699058177548, 143.30567680341503
17.284955673420598, 70.11192013434486
59.6056354432764, 26.28886123301648
5.673535898437921, 111.49781941348493
91.36637292440098, 23.986715288592308
12.252493092402982, 96.59552977417884
8.315374499896077, 66.78479373996574
84.14730196975808, 158.71912720073442
65.10569900513966, 33.78790849300293
71.71042249153975, 120.81880848103152
68.43449794516638, 168.58564801143595
18.044229114950163, 62.40445199197677
67.7911862585423, 82.96531735019444
48.62156015825694, 113.2853435764928
12.98550033616268, 65.12314528323057
70.33758430181261, 105.01887300118456
60.218280771018065, 57.06329625651985
12.922499669072574, 114.58423873952508
87.57061002049103, 48.8123064898188
61.33116666424954, 29.993967120720132
45.183113113563834, 136.84106732766406
58.59596194727431, 19.69752182840616
47.01544093591913, 179.77636242767278
75.29485314327624, 129.33501421748576
84.76547111398698, 85.99484057946366
90.34362208607654, 114.49234630804173
18.108419961641296, 116.87849949990895
40.09399148935192, 108.96299477981586
63.17567135533868, 112.65565037588603
15.339420019244121, 64.40357006575385
65.50999158475244, 140.03475459478318
44.154502211917645, 124.48481871289462
70.0112828264141, 120.06442961479831
5.941473083797099, 68.57917374333391
46.1961800043278, 141.89937226259568
65.57674220948968, 93.22769410467231
76.02224372983194, 105.17557543872871
126.5494406454796, 100.88100112168922
117.73156356102841, 59.81236456474684
168.73372415241562, 96.2851523915211
105.47506201380678, 138.7763674466411
184.17454907328033, 143.38062441457927
114.84068385894726, 174.00004265038146
163.84962071531234, 42.405960877102736
152.29256977692117, 158.11016458097805
118.77663325486027, 145.17336823411458
169.59025715878624, 63.87351849507424
120.01534958667102, 179.43711370069988
143.40882443604536, 83.37269667362665
116.73693495389698, 151.46732220791154
151.40484486324118, 150.5302892745912
134.76234091931536, 114.0388755592739
162.6060906170705, 147.0577795803066
184.842296835174, 147.4152171335206
147.08270606047398, 63.989931290284254
122.7777273264174, 113.64014876062389
157.1865786597117, 99.6189985072582
179.9080885138027, 77.69811492141112
176.66170214820232, 136.20194086641112
126.00490040652508, 68.84815566945586
145.46292436430832, 17.32055507060093
102.85230103433992, 88.43549923130547
171.4928377364635, 121.63864690096125
107.87408913239065, 38.328435287187254
145.0113259445011, 121.9183607195719
160.15216106669655, 41.89297245611287
151.69467455551802, 18.392514568578644
163.8001682131695, 144.25213315219847
134.06166875845304, 17.97532630991794
107.57865792013959, 61.38902863116471
115.12571577037099, 42.36581723651716
100.22133635960087, 23.438039173567216
175.83740903113093, 123.23754230981692
174.37182070982132, 115.88128292478301
115.0293534661405, 169.87165006309277
186.862646555674, 121.45747698058867
117.54629979975998, 108.04132859902498
166.6582478967109, 41.68532867234702
171.59771887725438, 162.66909693660725
184.73595157948697, 91.01403846104297
140.4300941822452, 143.30567680341503
182.7150443265794, 70.11192013434486
140.3943645567236, 26.28886123301648
194.32646410156207, 111.49781941348493
108.63362707559902, 23.986715288592308
187.74750690759703, 96.59552977417884
191.68462550010392, 66.78479373996574
115.85269803024192, 158.71912720073442
134.89430099486034, 33.78790849300293
128.28957750846024, 120.81880848103152
131.56550205483362, 168.58564801143595
181.95577088504984, 62.40445199197677
132.2088137414577, 82.96531735019444
151.37843984174305, 113.2853435764928
187.0144996638373, 65.12314528323057
129.66241569818737, 105.01887300118456
139.78171922898193, 57.06329625651985
187.07750033092742, 114.58423873952508
112.42938997950897, 48.8123064898188
138.66883333575046, 29.993967120720132
154.81688688643618, 136.84106732766406
141.4040380527257, 19.69752182840616
152.98455906408088, 179.77636242767278
124.70514685672376, 129.33501421748576
115.23452888601302, 85.99484057946366
109.65637791392346, 114.49234630804173
181.8915800383587, 116.87849949990895
159.90600851064806, 108.96299477981586
136.8243286446613, 112.65565037588603
184.66057998075587, 64.40357006575385
134.49000841524756, 140.03475459478318
155.84549778808235, 124.48481871289462
129.98871717358588, 120.06442961479831
194.0585269162029, 68.57917374333391
153.8038199956722, 141.89937226259568
134.42325779051032, 93.22769410467231
123.97775627016806, 105.17557543872871
