128
18.909496604045685, 81.91474214511263
29.419038211787864, 125.53478942393093
43.18691315418162, 106.6577840437675
60.588758833803894, 85.5276384021948
92.60613292864946, 57.21572511393123
45.582300548055166, 137.88665811032885
83.78217055039676, 19.941495513582396
51.669453233715046, 38.98584968644931
89.32092449182744, 86.52560908781348
56.401910322422886, 72.27499251859895
85.23854766671339, 84.11073588495984
28.674599186768248, 122.53423486863386
28.385438927310634, 59.51595528897258
69.38475083513804, 38.202317683401965
49.43611762091875, 76.99509200174899
52.8346039905696, 40.23933399098058
25.167279142323405, 145.7120955918262
48.342291885834086, 105.85465668796562
9.551680937864992, 116.41279424792282
6.568381586657579, 92.86638066816681
64.69182402269993, 123.39566099847077
95.61317973480439, 156.00308614669822
50.939305425311055, 59.41244124634335
17.35542613325427, 94.54816183475717
49.42768655676765, 78.69069092565135
31.000643995167888, 115.70852133847869
0.7672947811280029, 101.73706630239288
3.650562742429675, 103.04233024214608
56.64912564550369, 129.76400838116703
31.455844096115136, 169.0519847105739
37.85213927441043, 113.86078825095403
74.55987404580672, 4.212058833780508
61.68895234677997, 94.08620065634861
87.59290673671323, 12.323384424998874
83.48126569922296, 90.57116651202186
19.6655463018107, 136.46239514957043
26.42755679586657, 85.9364463328878
26.67326640325053, 144.77905478161733
85.83341780233658, 144.3525228277202
97.61196418835557, 141.20744877705283
68.55835242817405, 171.4696366095293
63.04046635951095, 97.14035523928122
93.29137028335916, 25.489754084544636
98.13236858497073, 10.179663965163389
80.4021402349431, 65.68902469037599
40.873117059143304, 56.299631106436635
44.428156073700364, 175.22447786209062
58.24278621770349, 52.17747055632314
120.95991727319547, 25.97179693555376
113.09572035845943, 83.66094289499767
169.04717360133318, 81.10667645855536
181.09050339595433, 81.91474214511263
108.16509000218339, 65.81724616354833
101.68121915594128, 160.19279853306597
199.11108440165646, 89.0503466084152
170.58096178821214, 125.53478942393093
156.8130868458184, 106.6577840437675
139.4112411661961, 85.5276384021948
107.39386707135054, 57.21572511393123
150.8691140403599, 67.09576891071465
106.9764659120772, 31.334638774028157
154.41769945194483, 137.88665811032885
116.21782944960324, 19.941495513582396
148.33054676628495, 38.98584968644931
158.3495684861369, 160.36661273453626
110.67907550817256, 86.52560908781348
143.59808967757712, 72.27499251859895
114.76145233328661, 84.11073588495984
171.32540081323174, 122.53423486863386
148.7688474860174, 170.88333619315492
171.61456107268936, 59.51595528897258
130.61524916486195, 38.202317683401965
150.56388237908124, 76.99509200174899
147.1653960094304, 40.23933399098058
174.8327208576766, 145.7120955918262
151.65770811416593, 105.85465668796562
101.61452242824315, 25.020287061062916
127.35576221504289, 82.50933617709481
115.51641114965672, 22.724747381913126
190.448319062135, 116.41279424792282
179.6925111704674, 133.72466096998744
105.83449539554239, 5.976237851399646
193.43161841334242, 92.86638066816681
135.30817597730007, 123.39566099847077
124.26419932236237, 118.96984515858165
104.38682026519561, 156.00308614669822
130.59491075917984, 107.11454324791004
130.59472634974176, 42.92437798620712
144.32559809386, 173.2405073535297
110.15978533966155, 13.600427040086306
149.06069457468894, 59.41244124634335
128.5380881465835, 34.00875280969817
182.64457386674573, 94.54816183475717
150.57231344323236, 78.69069092565135
158.82274912273266, 100.91989334729048
102.76893975042782, 39.92992820639094
168.99935600483212, 115.70852133847869
113.45053872311162, 135.28027725243032
173.22422045272555, 46.311845018963105
199.23270521887198, 101.73706630239288
196.34943725757032, 103.04233024214608
140.33658003119695, 73.06535728014975
143.3508743544963, 129.76400838116703
168.54415590388487, 169.0519847105739
162.14786072558957, 113.86078825095403
125.44012595419328, 4.212058833780508
175.58636381287766, 131.0467686288265
138.31104765322004, 94.08620065634861
112.40709326328677, 12.323384424998874
116.51873430077704, 90.57116651202186
180.3344536981893, 136.46239514957043
173.57244320413344, 85.9364463328878
119.23464412669395, 114.62030817033819
173.32673359674948, 144.77905478161733
114.16658219766342, 144.3525228277202
102.38803581164443, 141.20744877705283
131.44164757182597, 171.4696366095293
136.95953364048904, 97.14035523928122
106.70862971664084, 25.489754084544636
193.22333024231727, 72.11675243465831
117.62511863325078, 114.89297615276963
101.86763141502927, 10.179663965163389
119.5978597650569, 65.68902469037599
115.77130679974366, 42.66389176407592
159.1268829408567, 56.299631106436635
155.57184392629964, 175.22447786209062
141.7572137822965, 52.17747055632314
119.70209269659244, 71.10512923261952
