208
40.37564921435322, 128.59417784933063
52.351658562278345, 143.80443568338634
94.05597066251073, 32.80428131485053
47.45231994840383, 153.838339768518
55.02425237938931, 38.15930477971498
97.63700395546414, 0.8916999015853762
38.52423152160932, 139.84576929190564
59.37036953371756, 44.762203159301315
84.32950345684972, 62.615330161875775
73.9975947622142, 146.72627326378486
61.69317354441567, 124.76631707972714
85.92371766097644, 137.5256324610133
8.32685806651476, 0.10761637766917431
48.26647557206165, 96.66657026059731
63.0142323329324, 92.30719182099308
12.465017594291893, 73.51299355675897
94.07441527767524, 87.73877813046231
46.15663821913094, 26.73372758781458
71.39137756938781, 23.01610858042995
33.934577181382366, 129.64990444498943
61.46251032753543, 42.456288444077
18.751251051104646, 63.391900259725254
45.313555701594886, 175.0573691811282
58.039213481573775, 24.603590732216404
70.50549284735568, 7.021360071645466
48.63269011248683, 78.53235832173442
34.69900537168792, 169.81775537823742
36.026922631911454, 65.10720182470311
35.2626667680129, 96.47148579245959
98.45844487834721, 91.99089287326927
26.076670332540697, 36.80559213473258
9.93835451370667, 102.87970451438576
9.574923143777593, 111.55942611586353
27.428112891728567, 172.79641117109085
29.186781296735987, 41.279609581581454
43.904813503898055, 94.14204298676532
33.55494675257977, 152.2286906178838
33.314898271732474, 2.9638639540298186
86.07078441563036, 36.01224320707688
98.92734816100648, 97.44445440495895
11.418287490968982, 69.34249083509327
98.71658601269614, 107.13656310606642
82.73282174793543, 57.34696074277904
57.04548054590363, 141.14326726981255
78.62005518151236, 105.1665987278962
71.91117738772597, 121.94561537722474
32.8962235902507, 68.03068825905044
57.384824985726404, 34.94323972210791
87.73586074318895, 147.8787444495985
70.51678689079634, 177.85875821997195
87.84907551558867, 120.95109366980223
86.38527834376053, 12.088339294908764
67.26599286151342, 173.7349193565259
66.86307973894966, 88.27841693565098
41.64784415140345, 90.33466578061498
93.9522143726368, 12.364826041917652
70.80918913562999, 165.84051817103727
27.254382701587815, 118.96333652116023
68.02101446202619, 129.80964459391538
62.89383823578764, 44.18284176323783
17.61386946781899, 84.51552495860719
60.867860457584655, 134.5465611980148
8.247438276675695, 165.43619018658995
88.68632942445272, 28.568837961200842
86.47508873458307, 82.30385502506286
84.9016847679505, 194.3454398096606
63.493003934825666, 73.19080286893826
40.591367779098846, 116.07901700543479
68.834398990001, 107.7309296399839
33.19543031482395, 112.52485047819059
80.63791417478038, 91.78684620437771
7.601872255868983, 187.10175372190545
32.73000497444919, 12.12436889727444
57.26465232076098, 49.677081232049794
71.82354526921273, 11.805066513828507
52.097125709909356, 41.34043746382541
42.037315798924986, 3.3388058360509945
70.42376874860534, 34.44728216451257
14.661852853355095, 141.4509929292014
22.415555909309575, 152.95377140604506
82.87342944645654, 190.41817236233877
50.20965597885154, 123.93187344174719
18.727437897121092, 71.54546936930146
21.31335812944194, 176.40845854959514
37.727370483716506, 125.50473739171366
81.88663063297426, 192.38078927155792
4.694156868397648, 177.7760457650209
75.10142831993622, 123.66404222534122
11.230117011978125, 83.515542655489
59.4727298910228, 39.45925279603553
63.789118850591905, 86.76157111258223
52.71592034092439, 25.632978155373042
6.648574425514598, 106.29424706037835
0.6007329361061076, 94.0381513761948
5.8341535575266885, 155.83245505246143
75.98436248864104, 9.173596141074647
71.33366856834796, 40.20756371496101
5.252101996597158, 14.692847049737123
2.300349271076374, 96.44078031593611
85.47758448179454, 21.54772091194954
48.67453590962011, 170.72957094673006
88.01653731805989, 145.27534487996795
3.54348664580183, 148.17647971287835
28.20307132684533, 133.93705110115027
67.32131011177972, 100.43574735718843
62.488417737858406, 117.26056597163922
89.0803255412643, 130.8724946146745
28.302665105628066, 9.717923463041721
1.996532833835718, 115.2650635102263
25.165080412546338, 66.55383324471016
27.566440554607276, 31.934519622455436
6.606387484929654, 85.11299275626621
55.388711464986365, 190.9913582167272
16.135092518606598, 9.599386925253661
42.263275368467745, 127.40199349723467
78.67306405881402, 169.2846704523594
76.62682361267251, 40.83311497306532
13.808087913309974, 192.13355163562414
59.8535614896593, 152.62962677373037
52.00617284881112, 102.3293746895935
34.58132358802213, 177.81331826963822
33.858421177257355, 61.69256754782173
54.36364165922337, 141.94792752526175
21.728938780568306, 110.61373471978885
90.03737157261648, 120.54974278426143
1.4673773148575542, 8.562690086815806
16.74760914194453, 99.84902846724337
12.797606921194415, 104.64576792224595
105.18952740387226, 191.88864062981048
147.64834143772165, 143.80443568338634
141.57773585561375, 12.936890651679134
152.54768005159616, 153.838339768518
113.68608080532834, 16.802657320565693
115.11752103242404, 38.02409409760741
161.47576847839068, 139.84576929190564
156.99892071483686, 100.82483155815474
181.09457803911386, 83.06608052625448
125.22994694310584, 152.9658349709201
138.30682645558431, 124.76631707972714
114.07628233902356, 137.5256324610133
153.02040278060076, 21.478771837215803
151.73352442793833, 96.66657026059731
175.09087090976885, 62.992207643050776
166.38326385519588, 121.75829622326908
105.92558472232476, 87.73877813046231
153.84336178086906, 26.73372758781458
128.60862243061217, 23.01610858042995
132.66581131018057, 132.97776129123088
138.53748967246457, 42.456288444077
181.24874894889535, 63.391900259725254
154.68644429840512, 175.0573691811282
146.0424861985861, 18.27465694893533
129.4945071526443, 7.021360071645466
173.51053903318004, 130.30003083118734
131.7671073419074, 112.7611751831439
163.97307736808855, 65.10720182470311
175.25254869170197, 163.30495401272128
130.5747914589076, 168.2791105573337
173.9233296674593, 36.80559213473258
113.74659837901481, 41.41461040617398
190.4250768562224, 111.55942611586353
162.69986595551856, 159.97905961796815
170.813218703264, 41.279609581581454
156.09518649610195, 94.14204298676532
177.163634978527, 116.34488719163991
129.8137153427553, 64.66102347219062
113.92921558436964, 36.01224320707688
101.07265183899352, 97.44445440495895
188.581712509031, 69.34249083509327
103.5747252178927, 105.08970059275278
114.61032394989623, 77.89397644496547
174.88025146504523, 154.93578566584586
121.37994481848764, 105.1665987278962
160.47363847190462, 50.22443059430175
153.80663674483628, 133.2932340467873
142.6151750142736, 34.94323972210791
112.26413925681105, 147.8787444495985
129.48321310920366, 177.85875821997195
112.15092448441133, 120.95109366980223
134.3016749371518, 90.27787875834099
182.09484175959057, 109.95268317042002
174.56620773507242, 144.9093332950381
169.3478376734104, 137.60546074773964
150.01043709358083, 81.46506702673577
132.63192292268647, 154.3698408243271
128.37247944247474, 194.13027766719014
160.60038166525578, 88.91362496771735
129.8849466385818, 110.37232590906123
186.09409432143096, 109.64697381541629
139.13213954241536, 134.5465611980148
133.99157990524776, 179.66144980171518
167.25167238360666, 108.20053706038178
113.52491126541693, 82.30385502506286
104.05276343719898, 160.87889805544592
101.01087386911001, 50.10452630058866
175.92682479348613, 37.4803251003758
101.48020443721559, 76.82094716431457
166.80456968517603, 112.52485047819059
119.36208582521962, 91.78684620437771
112.6705746644615, 166.54502309847229
143.70204887111555, 20.66763943779677
142.73534767923903, 49.677081232049794
168.277587990682, 78.0371018097533
164.65652998280473, 63.08587004578365
196.24897783186043, 76.1697130089876
102.8583922873662, 68.40982641697227
185.3381471466449, 141.4509929292014
110.37722214516512, 177.5811039119116
