160
81.92438174011593, 32.833663419107125
80.25624007928226, 131.28092601956487
51.39125551485395, 32.73521643956125
76.66696557837938, 164.35305967737298
17.20975099359665, 64.31215530402453
68.69042234151829, 106.71967295382818
2.9469916585783125, 55.89657378142338
10.351343945963315, 160.8819257589834
14.615097598461418, 121.75023202792691
96.15357436489506, 113.26520587078369
55.68854823271139, 76.93367931247465
14.1348453257506, 52.98959284546225
70.11296046465543, 101.62955705108524
51.221819450444805, 157.98871831292874
18.654882664375172, 19.41942743831143
89.96338641862046, 46.584178753529066
33.06434340306149, 11.56056225940317
79.13086115832402, 126.06129455075678
36.99626413311279, 90.77842793396158
57.55486278761801, 97.98382588386696
82.04203661122249, 8.280862791771511
23.062223270348348, 82.22156785764805
81.92506894955949, 30.831517114817558
54.29641724208712, 91.54501299200064
28.465185883432124, 38.71557087364917
96.74365159043042, 60.96549816504178
47.173215746368335, 63.73742234933334
48.633095276076745, 92.68023565588808
67.79669145113301, 112.2275695738305
2.9111539748242308, 19.973129035692004
23.216948545735782, 53.28795095924164
19.3638309994565, 106.53657185215755
50.97057713990538, 69.837508825653
6.588026042327023, 31.373206020606922
74.25264618716236, 186.06833414132046
44.9235831926232, 36.51594662297191
64.76957336670766, 44.74217570269038
43.82968811649619, 122.70734094190351
49.24285145578007, 48.82461490713479
63.07851117302843, 130.91887809299124
61.27559001632552, 104.98076486193065
81.26408511598015, 110.90877115193103
7.053209156666972, 181.92396357919972
22.228525695905752, 126.81245345197173
50.807016939260464, 22.890285083140725
89.54779739786186, 87.70596707075477
2.186749172270005, 38.12127963987322
85.50236446034285, 119.79777125944774
58.06259790283899, 92.1836611639458
86.38265027784365, 152.66219486382627
5.76893102112855, 128.59670454243167
8.720354621854895, 10.771132940986824
59.83733429830682, 137.3183413589374
59.337228454454404, 128.78443261644748
74.52844800961644, 120.62723408934886
31.705099362649477, 173.75405790036916
74.403424443073, 54.472269107641175
49.66034937420696, 137.5201938916973
41.468340176607235, 51.805880789689596
12.336273433421773, 125.19527776236514
60.05659773327273, 61.11627329767821
63.42233559297776, 199.07433569536508
69.25678382414411, 27.118748328242916
79.0221570044994, 112.80933218978288
47.582141599044505, 157.27101651368324
34.65565438310041, 101.22662152702954
12.114502818158513, 98.6848026280529
53.23333810768493, 70.10099247291379
47.06307520908125, 149.88969819104537
22.715615220614758, 13.798337281521025
70.38458740174349, 9.1055748955648
61.100694199823245, 25.834882855858474
99.35889164374312, 74.32720484960248
89.77788228829979, 100.92193324755937
20.620028664633537, 186.87015434394408
86.10171207851315, 57.824510087631545
60.303819483063634, 90.28548985996976
82.07109477412848, 84.44991254803563
91.45945854204979, 27.545917269257245
62.75360656808455, 36.26238620000588
189.73014072189886, 101.01360436813505
119.74375992071774, 131.28092601956487
153.1604569313516, 54.71711759419302
154.9911073786106, 129.5155776284323
142.3086594246506, 51.753090778024145
150.7244387614249, 115.39508373540666
159.65738779018474, 82.2766383749294
147.74080403585333, 168.09882407644295
153.96513796651155, 81.8790644042654
154.50913716753337, 98.22272815199715
144.31145176728862, 76.93367931247465
171.87162480030972, 60.86558983378436
163.84640573646695, 163.31029919727234
148.7781805495552, 157.98871831292874
141.77090909087863, 43.41737584892431
117.39584715671005, 2.314115876140499
138.18851265980157, 34.56682424807289
142.06158013244078, 116.29946536229423
104.09695657636087, 150.26837877510147
142.44513721238198, 97.98382588386696
111.06858089374786, 51.651868685939164
125.31181979374423, 19.218777858475946
127.52030105532978, 82.93810801028039
171.7038782683208, 135.38737952820793
185.79649779338806, 63.62624945553368
103.25634840956958, 60.96549816504178
144.46239450022887, 129.7625035981087
118.23969619799921, 158.93057940858378
173.75895407475645, 45.826229004398165
120.86902724595254, 16.61955596132554
126.63458545655605, 7.3997426260064
180.6361690005435, 106.53657185215755
149.02942286009463, 69.837508825653
156.42481000994965, 32.53681003924165
156.95076594080706, 152.14857367390135
118.2349413053677, 49.84785207422324
145.0873437752675, 80.93336921005006
125.26248231855429, 131.50356405107576
150.75714854421994, 48.82461490713479
170.18103309586667, 89.39354094757431
162.99787926588644, 36.835840588313395
118.73591488401985, 110.90877115193103
190.46924084900766, 103.76108098784455
148.72647006358193, 63.87817989056377
149.19298306073955, 22.890285083140725
161.5522640762331, 26.692320005836635
163.20707541480505, 72.79020503436593
167.64917927462344, 121.898006424605
127.94158880442599, 55.86773639259084
113.61734972215635, 152.66219486382627
191.48694375717946, 62.165847170226264
113.44801719271295, 27.286971376615398
152.74760176770334, 129.46410775786723
109.7167842378492, 163.5700596840587
125.47155199038356, 120.62723408934886
109.00585281476434, 147.35088185403384
161.31928441684988, 24.534914322505806
175.03137647813978, 135.547400480463
158.53165982339277, 51.805880789689596
187.66372656657822, 125.19527776236514
148.75284328744337, 46.230909818511144
135.57694318029968, 134.61739357559796
123.47933099578711, 71.83709229331588
159.81471485060862, 166.0730499608603
152.41785840095548, 157.27101651368324
118.7062715022868, 77.98507568417135
123.47669257022994, 168.7498715966665
114.79027549000823, 143.79697758437217
103.02134500237375, 147.01736048504043
150.57280008471153, 17.169200233151383
142.35987550548668, 74.0650524949048
158.78163081387504, 25.26830195569756
155.4146042988603, 28.091948769377375
148.97353899939978, 177.8098272551824
133.36664188561085, 190.12424718509322
118.80215848499907, 74.07174962079009
139.69618051693635, 90.28548985996976
137.8970108872387, 101.64136948523053
147.1979711694004, 15.617433841279338
120.87668107917243, 30.103930288853075
