128
69.13778108309914, 189.71823750580654
71.41963999966336, 25.166876562187635
64.14525073071361, 9.02895183437058
73.87440237398249, 148.9459656561666
92.83566701463278, 76.14029444943438
17.951378710129283, 142.40084797236852
85.0962788626647, 161.6693331036429
97.21722722348233, 155.95086614901024
90.4263882525735, 156.04572900612118
92.28279393626633, 130.00748358601206
25.930797714504628, 44.89906506269268
92.45528378230625, 15.22824190673202
27.700621306484795, 143.98054896303046
19.873197645018138, 58.174465928689735
70.38337968028084, 41.872351806311656
74.55910691063576, 170.13848884438437
60.16546169790365, 119.01230449683982
15.706147689132187, 122.67419108255137
40.22652220605808, 60.886550015848016
98.13750017175326, 29.825909987294818
89.79342100593652, 55.534784852537115
59.07250660594703, 102.16932952979573
71.59260358657006, 173.51372656542316
81.97048821218709, 144.52502372938358
63.490521008281306, 38.35885586927708
34.38819102973737, 28.121293314563943
36.49142001522635, 154.57366244569266
26.522131541703374, 39.268023398243976
82.8678261286054, 157.04569856115722
16.87641001567297, 55.10425032885185
53.597936048993475, 104.73806515345039
48.45094989380435, 91.79952920827338
94.75322210243998, 21.03152908457009
82.22051001645167, 101.30885502242668
44.08941194256977, 52.8150802990176
72.91195646460352, 91.76066942538145
59.336323732796295, 187.76412648313888
93.68142337857641, 116.76730740071974
14.167402736609036, 73.78727062506871
74.70550595109442, 172.18235935654815
67.56892626521487, 147.28925446725503
74.57112826128797, 195.91163680543667
94.31384887104414, 66.53155760761078
66.76930220154078, 184.06318772905038
57.89479072727922, 126.49351910007458
33.8169426564932, 38.98136150096845
77.07818266632961, 186.29358544076402
25.406870761850755, 159.59869230789735
130.86221891690087, 189.71823750580654
116.9260164058423, 123.91781701867801
128.58036000033664, 25.166876562187635
135.8547492692864, 9.02895183437058
114.10073373738349, 15.96789494516262
143.54124877958105, 64.23255102691363
106.1497995378238, 92.1081179255518
145.39209743520456, 183.6529360712612
149.85489934073172, 183.22852228853986
126.12559762601751, 148.9459656561666
107.16433298536722, 76.14029444943438
182.0486212898707, 142.40084797236852
114.9037211373353, 161.6693331036429
102.78277277651767, 155.95086614901024
109.5736117474265, 156.04572900612118
152.05668929329744, 33.44155649606972
107.71720606373367, 130.00748358601206
135.24751376598292, 172.25940212640415
174.06920228549538, 44.89906506269268
107.54471621769375, 15.22824190673202
138.62163790326423, 174.08799839121144
172.2993786935152, 143.98054896303046
180.12680235498186, 58.174465928689735
170.41902156130365, 29.447761480606218
129.61662031971917, 41.872351806311656
125.44089308936424, 170.13848884438437
159.23165937146308, 164.46105005794186
115.50848439019326, 137.68137771445618
139.83453830209635, 119.01230449683982
105.53957227553026, 168.0418074235372
143.57498640156618, 82.78199610176237
110.87935504975512, 175.5732161041805
184.2938523108678, 122.67419108255137
159.77347779394194, 60.886550015848016
101.86249982824674, 29.825909987294818
128.42323967075376, 188.68906636290822
110.20657899406348, 55.534784852537115
140.927493394053, 102.16932952979573
128.40739641342992, 173.51372656542316
118.02951178781291, 144.52502372938358
189.79937512553735, 70.85555345476331
136.66027288876364, 93.16283489824046
162.03662906354265, 135.7258179849246
136.5094789917187, 38.35885586927708
165.61180897026264, 28.121293314563943
123.12141178466345, 30.024141261972904
163.50857998477363, 154.57366244569266
173.47786845829663, 39.268023398243976
126.95895088113667, 61.67602081523047
181.8013575777897, 132.30474614167738
117.1321738713946, 157.04569856115722
183.12358998432703, 55.10425032885185
189.09820556103227, 63.046039374919815
177.61013422038087, 102.23376623562443
146.40206395100654, 104.73806515345039
151.54905010619564, 91.79952920827338
105.24677789756002, 21.03152908457009
117.77948998354833, 101.30885502242668
155.91058805743023, 52.8150802990176
152.82055548923464, 95.10827450106984
127.08804353539648, 91.76066942538145
140.6636762672037, 187.76412648313888
148.51613365088647, 53.44363606766065
106.31857662142359, 116.76730740071974
185.83259726339097, 73.78727062506871
125.29449404890558, 172.18235935654815
132.43107373478512, 147.28925446725503
125.42887173871203, 195.91163680543667
105.68615112895586, 66.53155760761078
133.23069779845923, 184.06318772905038
125.35478568048876, 185.47340034053485
172.42186410773692, 87.40550925723815
122.9623559897968, 164.71717424508037
142.10520927272077, 126.49351910007458
166.1830573435068, 38.98136150096845
110.84585777161251, 19.23050511509219
130.17648346661656, 192.34518095848463
166.37087009115783, 131.61467314806802
122.92181733367039, 186.29358544076402
174.59312923814923, 159.59869230789735
