176
98.20562335728167, 68.01498035249233
95.63167330801105, 97.54837261880212
79.57584727558347, 141.55310298008152
37.6381328906116, 138.07047980008193
81.1185062092132, 81.7197827764832
34.88918892201388, 145.1190114089613
28.4518211164581, 58.48510191886505
20.395066013535544, 122.31120297513371
85.48632033306495, 136.38702008903778
55.45513102047281, 140.1134938931516
42.864100225163824, 140.6596846803967
93.53056380372486, 194.46772920084675
57.56108881123419, 167.4160792077568
33.10142944817361, 120.98501137388682
69.67906537436423, 49.41574468026027
37.729238801229435, 84.21045243366694
34.57422605367589, 90.59671863640433
49.670321467059225, 84.51049192917631
40.875772454908976, 20.026577782862674
66.43917613979899, 71.23467400914156
85.27982378911798, 68.2849288656199
78.71616046151803, 184.02530859170164
4.536470045778551, 117.11231002012055
68.29073896010644, 153.5249100211204
85.21506203871358, 40.805255179725705
92.15325410981238, 94.61625532459257
36.255543749003756, 4.004553708211606
47.30253971157945, 135.1681563462401
53.32115072716035, 45.47631737466611
72.85948818689172, 137.25393212306824
92.09047671698508, 178.17442000499653
52.523725885299854, 123.62078018343058
16.573116128907706, 146.95628272476395
11.185787115880832, 100.64019178983297
95.67780666649135, 111.10190664620103
66.97408494501398, 178.51910510384766
95.51731454465694, 46.51803218715406
70.81032437341736, 34.61342196042709
41.19410057050605, 109.41977593892685
54.45480604001472, 26.87863387738718
17.98866989288235, 88.22632726211832
34.662310441154595, 108.51702155433209
58.33448089075157, 146.99507380891558
42.821891062846554, 82.494336061784
55.470578795924325, 51.329873859262236
57.851708566464424, 37.976428763309514
62.64604432171599, 61.811653694992465
70.08485171458094, 63.843364770234245
9.370976925729035, 131.87767001135953
92.85362215630877, 128.7389709259516
35.10582788604517, 35.91264260331266
30.51006957441782, 47.02154647819694
88.11287282222766, 144.11848928677503
82.31930286382713, 38.32404933609836
78.4099309924427, 26.853904706476726
62.65767292113337, 91.53910321119112
60.1866064494736, 98.95908481673136
23.853936467914327, 57.13739005787808
54.45453029413548, 124.74651176735046
43.987570512578344, 94.48363554677344
92.36965644027362, 14.145318451100275
50.80344074712012, 186.81801293433656
63.636779901893824, 136.78965839347796
91.72685056720911, 42.58708798172874
49.05182654844443, 31.87227750874857
39.54307317467875, 178.4715334415717
86.8007135287812, 129.47373333100705
68.19189650033162, 90.26693458085795
5.641760429388731, 131.7660914143899
36.19815837419667, 72.72961045841859
82.06887455967728, 29.60765696421013
17.805372656814, 91.0669531589189
70.91715970830889, 139.56651782025932
72.31234199851413, 133.91862919089772
41.878604837299996, 134.7230786263125
23.058022881066886, 46.19259532695021
23.007955436889226, 64.4386300179534
92.42700090389444, 184.85940037630908
50.40282279901963, 136.09264658067534
97.38905636144942, 113.81444121575339
60.280062014953074, 42.968226494600835
22.34774201945795, 183.10896053558363
89.6601609355533, 191.8463594094992
31.053711697618336, 111.32268071089919
89.81834608090273, 150.2039177089311
62.59803387311411, 150.30634815092117
69.19234376291615, 161.6240604891703
69.41317067581122, 132.1695674303014
39.352756788110256, 196.27357521833747
70.0203833582533, 178.50435294596824
55.332115295928986, 103.3166130766297
31.45374592845782, 172.44656477103698
64.62561780255837, 95.24291102735955
42.110196105492506, 94.4811062627269
96.63607749763219, 94.63311706574704
42.821332185173624, 26.583706126149487
150.72751464542588, 110.6774885436237
104.36832669198895, 97.54837261880212
120.42415272441653, 141.55310298008152
162.3618671093884, 138.07047980008193
118.8814937907868, 81.7197827764832
165.1108110779861, 145.1190114089613
171.5481788835419, 58.48510191886505
179.60493398646446, 122.31120297513371
109.86915126225523, 195.34267413849136
144.5448689795272, 140.1134938931516
141.92262744352564, 130.96974327096837
106.46943619627514, 194.46772920084675
142.43891118876581, 167.4160792077568
166.8985705518264, 120.98501137388682
130.32093462563577, 49.41574468026027
162.97352827350431, 144.13111882600103
165.4257739463241, 90.59671863640433
144.83704499256237, 144.0168057820703
159.12422754509103, 20.026577782862674
121.91185155860549, 55.104273317814446
114.72017621088202, 68.2849288656199
121.28383953848197, 184.02530859170164
195.46352995422146, 117.11231002012055
131.70926103989356, 153.5249100211204
114.78493796128642, 40.805255179725705
112.11623986002452, 16.062807609238572
101.93896313024399, 15.473083888523153
152.69746028842056, 135.1681563462401
146.67884927283964, 45.47631737466611
127.14051181310828, 137.25393212306824
139.2688378038422, 158.28615437235783
147.47627411470015, 123.62078018343058
183.4268838710923, 146.95628272476395
172.9925151535815, 100.8867861666928
104.32219333350865, 111.10190664620103
133.025915054986, 178.51910510384766
163.72697795808017, 77.3753849273656
129.18967562658264, 34.61342196042709
118.42747909865184, 71.6876215587192
145.54519395998528, 26.87863387738718
182.01133010711766, 88.22632726211832
165.3376895588454, 108.51702155433209
141.66551910924844, 146.99507380891558
157.17810893715344, 82.494336061784
183.7485901360473, 72.54814162692229
142.14829143353558, 37.976428763309514
137.35395567828402, 61.811653694992465
129.91514828541906, 63.843364770234245
190.62902307427098, 131.87767001135953
107.14637784369123, 128.7389709259516
164.89417211395482, 35.91264260331266
169.48993042558217, 47.02154647819694
111.88712717777234, 144.11848928677503
117.68069713617287, 38.32404933609836
121.5900690075573, 26.853904706476726
137.34232707886662, 91.53910321119112
139.8133935505264, 98.95908481673136
176.14606353208566, 57.13739005787808
145.54546970586452, 124.74651176735046
156.01242948742166, 94.48363554677344
107.63034355972638, 14.145318451100275
149.19655925287987, 186.81801293433656
136.36322009810618, 136.78965839347796
108.27314943279089, 42.58708798172874
150.94817345155556, 31.87227750874857
160.45692682532126, 178.4715334415717
113.1992864712188, 129.47373333100705
131.8081034996684, 90.26693458085795
194.35823957061126, 131.7660914143899
163.80184162580332, 72.72961045841859
146.14000047694913, 59.261034622101995
182.194627343186, 91.0669531589189
132.83847280380635, 86.37361307086589
119.61942645397683, 157.49439175018776
158.1213951627, 134.7230786263125
176.94197711893312, 46.19259532695021
176.99204456311077, 64.4386300179534
107.57299909610556, 184.85940037630908
149.59717720098035, 136.09264658067534
102.61094363855058, 113.81444121575339
