160
98.00818279543566, 178.0184310234961
51.274179708167, 165.4672153710258
58.713154994727915, 128.5388185317559
21.723958901719342, 60.73144238845647
76.81521795585246, 81.08522059633283
41.82316902097008, 23.707291600862447
99.93350336506964, 172.57499070358205
13.201329406862827, 82.29185318685145
96.0866175055381, 123.9698644048732
12.973960458913625, 54.893249996277646
74.35256424839316, 3.582796812886291
27.058877657819647, 43.33790005382938
93.57222735223813, 99.75111264600018
37.47328073411808, 122.757106963854
47.983315826332365, 139.8297708155323
34.62956982319314, 54.79991409229123
20.010878767173235, 87.18918493306936
45.45024983601282, 170.4514854537008
96.41410738259752, 185.25537136827663
63.40228278168458, 152.55942861389678
56.06187360543926, 82.29104215052419
27.14975110245932, 71.65215281056471
77.85832067121692, 32.53405580527495
40.28312732240026, 119.69909215320907
64.5913965389586, 148.6460629207957
60.71778185648675, 100.70289996836554
69.5000871478329, 78.49074447935251
83.40020601188039, 113.17933181528265
93.78359545822478, 193.5664704172434
74.82908012653378, 141.5668756767652
41.484639172926485, 154.47282575312548
57.71221580304875, 180.32182773428076
55.16457019477837, 80.22305261595297
99.65880637874176, 155.79894652104534
76.14597646722994, 15.923185085102997
24.92514482328265, 50.177499597226436
57.657992416921374, 59.85719778955605
97.60045002555357, 66.57842075583378
4.3117751912014946, 115.28184325711575
90.67231656726858, 154.88478425487298
80.34473965496613, 162.54777798475573
84.64579431963021, 10.58962749571959
74.89661285370883, 26.228507690965518
87.31562323276553, 109.40601236205916
41.04745331714007, 151.0243388452064
75.40363492293253, 157.0885542784277
72.65150078839136, 168.14782076124638
98.04113896424896, 46.862893504803125
59.36501468713375, 161.74862510569537
65.12528605102975, 171.5110223091131
63.93704950322577, 122.69103681785774
34.82754036941434, 118.52157627695486
96.4192151434805, 166.9779232013186
23.73404012919722, 99.6480257927251
67.36390052815622, 107.07879505439901
85.18217083926118, 190.62890394749914
63.78958567470308, 22.324204548185023
71.53936685194972, 78.06890769695995
55.18207474889045, 139.07261363663878
37.75560308104742, 68.9699358649142
94.18069183953833, 114.29530531589461
46.39183292575307, 173.88662963706923
76.91145022328566, 55.77388571022226
13.64432492271802, 98.17835322757898
96.0061221003698, 129.6371342222579
24.169441229026823, 122.71118522893197
77.80411928925388, 170.6112857339384
56.719679178257365, 75.978177629198
72.06875911973658, 159.1645051799187
59.52504882113463, 147.586978698273
84.70903034658983, 84.22879754989164
57.894022303716554, 171.2228048534488
58.09699036189853, 143.93760523173273
93.4245312623434, 5.2319182492092775
84.32110324531148, 89.18795222179696
33.730746220390685, 46.632383901159066
25.940688192037122, 62.47571609313982
80.60563548292959, 54.26586152680042
47.46631289057749, 89.33784835644691
74.41848180662832, 94.11201033996808
101.99181720456434, 178.0184310234961
148.725820291833, 165.4672153710258
141.28684500527208, 128.5388185317559
178.27604109828064, 60.73144238845647
123.18478204414754, 81.08522059633283
158.17683097902992, 23.707291600862447
100.06649663493036, 172.57499070358205
186.79867059313716, 82.29185318685145
103.9133824944619, 123.9698644048732
187.02603954108636, 54.893249996277646
125.64743575160684, 3.582796812886291
172.94112234218036, 43.33790005382938
106.42777264776187, 99.75111264600018
162.52671926588192, 122.757106963854
152.01668417366764, 139.8297708155323
165.37043017680685, 54.79991409229123
179.98912123282676, 87.18918493306936
154.54975016398717, 170.4514854537008
103.58589261740248, 185.25537136827663
136.5977172183154, 152.55942861389678
143.93812639456075, 82.29104215052419
172.85024889754067, 71.65215281056471
122.14167932878308, 32.53405580527495
159.71687267759972, 119.69909215320907
135.4086034610414, 148.6460629207957
139.28221814351326, 100.70289996836554
130.49991285216709, 78.49074447935251
116.59979398811961, 113.17933181528265
106.21640454177522, 193.5664704172434
125.17091987346622, 141.5668756767652
158.51536082707352, 154.47282575312548
142.28778419695124, 180.32182773428076
144.83542980522162, 80.22305261595297
100.34119362125824, 155.79894652104534
123.85402353277006, 15.923185085102997
175.07485517671734, 50.177499597226436
142.3420075830786, 59.85719778955605
102.39954997444643, 66.57842075583378
195.6882248087985, 115.28184325711575
109.32768343273142, 154.88478425487298
119.65526034503387, 162.54777798475573
115.35420568036979, 10.58962749571959
125.10338714629117, 26.228507690965518
112.68437676723447, 109.40601236205916
158.95254668285992, 151.0243388452064
124.59636507706747, 157.0885542784277
127.34849921160864, 168.14782076124638
101.95886103575104, 46.862893504803125
140.63498531286626, 161.74862510569537
134.87471394897025, 171.5110223091131
136.06295049677422, 122.69103681785774
165.17245963058565, 118.52157627695486
103.5807848565195, 166.9779232013186
176.2659598708028, 99.6480257927251
132.63609947184378, 107.07879505439901
114.81782916073882, 190.62890394749914
136.2104143252969, 22.324204548185023
128.46063314805028, 78.06890769695995
144.81792525110956, 139.07261363663878
162.2443969189526, 68.9699358649142
105.81930816046167, 114.29530531589461
153.60816707424692, 173.88662963706923
123.08854977671434, 55.77388571022226
186.35567507728197, 98.17835322757898
103.9938778996302, 129.6371342222579
175.83055877097317, 122.71118522893197
122.19588071074612, 170.6112857339384
143.28032082174263, 75.978177629198
127.93124088026342, 159.1645051799187
140.47495117886535, 147.586978698273
115.29096965341017, 84.22879754989164
142.10597769628345, 171.2228048534488
141.90300963810148, 143.93760523173273
106.5754687376566, 5.2319182492092775
115.67889675468852, 89.18795222179696
166.2692537796093, 46.632383901159066
174.05931180796287, 62.47571609313982
119.39436451707041, 54.26586152680042
152.53368710942252, 89.33784835644691
125.58151819337168, 94.11201033996808
