224
34.17523114756603, 154.19461921108197
80.96162663986843, 111.41654161514545
26.01958092973774, 51.86473756587971
58.54005161996605, 103.43772541531465
49.406310766749115, 157.00706586470025
49.19943488285921, 114.32614176636635
62.743184937390325, 188.30100067323252
41.89301776941306, 174.2336316684095
93.20170931681469, 119.98761674586265
40.723064968298516, 140.64510590764044
15.394771992893864, 93.82248152158303
98.48861031884503, 17.597540251142018
12.098466386963647, 82.035045580712
87.5637512217284, 75.08834031040452
49.74066846423775, 86.33440490098963
62.59877988585677, 101.10533099706541
3.639203824647086, 95.59931308044875
3.0283816590554236, 123.64764793764513
67.62834880355858, 52.405401376189744
83.33591344682422, 153.12667844321564
35.65106337647879, 49.128447668288544
71.08638264370317, 53.95365020458074
70.28194220409331, 56.358446075692605
75.063576560794, 111.08219980714922
65.93999605553596, 43.16857578501385
24.270541614904918, 52.56701075696819
60.26434765252044, 40.13730497172401
21.378353834856522, 48.18776092688848
78.68000634891438, 131.00768388338602
42.96994294192802, 116.92800759900803
81.35051360436285, 190.3493364585116
30.562975936843085, 50.07567240861579
22.836795666219377, 107.68615655582224
60.36403487467994, 133.99216782448227
10.309971563246412, 89.01506898325049
11.664297129009837, 92.51069819385238
69.10900789478701, 165.4076096581764
73.73072461151476, 126.85695788952387
61.387052501575646, 52.34618268977434
54.56022095842247, 125.12249743179595
78.87284965457964, 119.58671225345832
38.344771701721136, 68.11589248223167
13.038413671121862, 98.92782731212971
41.70431793135787, 109.42017423695567
70.89169537896508, 6.126830174328557
87.13414471864755, 85.0721156814548
34.358854961881015, 62.775552564128034
43.871587785179166, 47.49043184550623
53.56391930748081, 132.42253393034756
99.09000715643423, 25.31421410971124
99.72581476856939, 180.9653752275038
16.578946605254675, 60.609690321742704
37.9628687967196, 88.74059247734299
71.35806512627944, 76.60361994218088
14.561644262839135, 65.49092174229956
93.11064999771631, 159.6805392437005
85.07172447189092, 191.19148390180376
43.740207337877735, 110.76633280086425
18.160100182495455, 139.69894454711408
95.59765142509225, 59.542050821456804
74.53387825788906, 86.13004193338574
27.872045203960038, 107.2979489520148
39.414485007595935, 144.91761988723707
91.16698426161219, 195.14407551125362
85.02848831859623, 61.84592056583593
26.474488569412248, 110.16892784294295
41.53392829159706, 128.32201785058524
80.94562625926528, 109.0663477923941
28.108396831764516, 162.93390785587758
94.0615163477706, 16.65434620811659
66.16687575171945, 68.15950783618409
89.26853498597956, 59.78840896207465
73.80387311008276, 39.03013039003853
60.10746648516402, 105.57053044796933
42.628085512754325, 53.49433025276711
32.82080544556053, 41.29339490505346
54.11280488773566, 67.01710143924599
78.51164751332887, 188.01381331503592
52.557909567334846, 37.68266752605012
43.67209496837985, 119.05351738829827
59.24463312567018, 177.1210626981162
89.53517453600321, 82.96605412622482
22.251883026532614, 154.731522719573
59.9798647963115, 26.79380091574821
13.878368953783827, 197.47184851575292
52.65803570342848, 98.5531430904326
48.28232132554462, 71.13694995416509
90.96426513984675, 91.33932938637639
74.08260461700858, 52.843742363535085
20.735107209307824, 117.15443883032432
67.70969755215359, 54.885962658855306
65.17573871575331, 122.89998625546123
83.61260909130141, 143.68920958737667
30.356842835735765, 63.05404533820842
14.995637572831743, 69.8432654355567
67.30492191936368, 17.456339576336234
2.8709068417375527, 110.674574624516
27.572215814169475, 160.18810487372875
7.7259153614694265, 88.3570526993938
22.743158538661024, 137.08202677153784
69.37709042353517, 172.62833430733647
42.47932442386537, 141.58421536829508
53.895469640213534, 136.56630977122387
52.223861520931656, 15.16696302250331
90.522511181949, 149.3257049959868
11.257941180049224, 84.06218148364349
20.59051541135447, 46.152425457995314
28.09967391579309, 37.78999169656927
57.05068480908274, 87.45700416630903
2.031319631778017, 179.0202387184135
88.38394913481575, 115.79415588489836
21.031916446793353, 40.42477485996203
48.4351487071743, 138.7284115306898
43.81404234386761, 154.44069308949025
42.30711178976776, 119.97878504942334
59.710082839358, 157.67388756870915
17.096785178421115, 166.66146334665896
73.2964022751396, 43.44564819691739
9.943219035696416, 188.14309868870538
25.419077497038188, 85.9231519481337
59.68209390346002, 186.7491507265643
87.31447583628658, 98.32658362888156
42.03626023473311, 135.79230146954296
34.865937078024736, 9.10021561615264
81.45160807957087, 117.10013692798394
39.39281743559956, 50.92009820531567
44.30790733347708, 64.3517793370309
0.3537386933706532, 136.52640989047313
60.067111790449566, 102.73592979412909
88.32061153682605, 20.437210170037766
61.76717714216395, 18.943225403484874
99.09342464176555, 51.258780946469585
29.13684866610009, 136.03041015119157
93.89448353346059, 123.44410439148186
70.35029184970134, 188.63376987646046
65.27739792844346, 7.096661891871392
16.84270584275773, 38.28470441689866
73.49255433044883, 192.46215768834614
79.7706253157306, 19.45566031595265
36.2913084105126, 107.94009027039912
13.67305497132455, 187.11016306806476
57.33076126572414, 61.117946721981475
25.204131560975963, 49.78763668408639
96.68503501978729, 114.94446254427963
165.82476885243398, 154.19461921108197
119.03837336013157, 111.41654161514545
173.98041907026226, 51.86473756587971
141.45994838003395, 103.43772541531465
150.59368923325087, 157.00706586470025
150.8005651171408, 114.32614176636635
137.2568150626097, 188.30100067323252
158.10698223058694, 174.2336316684095
106.79829068318531, 119.98761674586265
159.2769350317015, 140.64510590764044
184.60522800710615, 93.82248152158303
101.51138968115497, 17.597540251142018
187.90153361303635, 82.035045580712
112.4362487782716, 75.08834031040452
150.25933153576224, 86.33440490098963
137.40122011414323, 101.10533099706541
196.3607961753529, 95.59931308044875
196.9716183409446, 123.64764793764513
132.3716511964414, 52.405401376189744
116.66408655317578, 153.12667844321564
164.3489366235212, 49.128447668288544
128.9136173562968, 53.95365020458074
129.7180577959067, 56.358446075692605
124.936423439206, 111.08219980714922
134.06000394446403, 43.16857578501385
175.72945838509509, 52.56701075696819
139.73565234747957, 40.13730497172401
178.6216461651435, 48.18776092688848
121.31999365108562, 131.00768388338602
157.03005705807198, 116.92800759900803
118.64948639563715, 190.3493364585116
169.4370240631569, 50.07567240861579
177.1632043337806, 107.68615655582224
139.63596512532007, 133.99216782448227
189.69002843675358, 89.01506898325049
188.33570287099016, 92.51069819385238
130.890992105213, 165.4076096581764
126.26927538848524, 126.85695788952387
138.61294749842435, 52.34618268977434
145.43977904157754, 125.12249743179595
121.12715034542036, 119.58671225345832
161.65522829827887, 68.11589248223167
186.96158632887813, 98.92782731212971
158.29568206864212, 109.42017423695567
129.1083046210349, 6.126830174328557
112.86585528135245, 85.0721156814548
165.641145038119, 62.775552564128034
156.12841221482083, 47.49043184550623
146.4360806925192, 132.42253393034756
100.90999284356577, 25.31421410971124
100.27418523143061, 180.9653752275038
183.42105339474531, 60.609690321742704
162.0371312032804, 88.74059247734299
128.64193487372057, 76.60361994218088
185.43835573716086, 65.49092174229956
106.88935000228369, 159.6805392437005
114.92827552810908, 191.19148390180376
156.25979266212227, 110.76633280086425
181.83989981750454, 139.69894454711408
104.40234857490775, 59.542050821456804
125.46612174211094, 86.13004193338574
172.12795479603997, 107.2979489520148
160.58551499240406, 144.91761988723707
108.83301573838781, 195.14407551125362
114.97151168140377, 61.84592056583593
173.52551143058776, 110.16892784294295
158.46607170840295, 128.32201785058524
119.05437374073472, 109.0663477923941
171.8916031682355, 162.93390785587758
105.9384836522294, 16.65434620811659
133.83312424828057, 68.15950783618409
110.73146501402044, 59.78840896207465
126.19612688991724, 39.03013039003853
139.89253351483597, 105.57053044796933
157.37191448724568, 53.49433025276711
167.17919455443948, 41.29339490505346
145.88719511226435, 67.01710143924599
121.48835248667113, 188.01381331503592
147.44209043266517, 37.68266752605012
156.32790503162016, 119.05351738829827
