160
38.57539793229474, 89.44960839535487
48.1095282636548, 102.26830553736912
79.94779120292996, 193.98058784511153
68.75431750196111, 113.02920519705604
17.08206402904534, 26.382974630624496
19.53007826525449, 108.5617083696309
36.97058540028284, 13.603173802147232
28.779323907219567, 103.37712437177113
54.010570183921004, 109.8839060164339
11.833561574738438, 78.29529240938307
25.824848892768316, 141.50801204883157
66.22580710231473, 140.15681658389292
72.16641255600797, 93.20601182527474
19.977446443697776, 157.6591013892687
17.51836778647573, 51.51581634268207
70.94766296986778, 49.24780309831653
48.64312919887978, 27.463696500544856
35.496475711971755, 109.49644777403307
22.799198060974618, 119.33539975186133
77.75165484081474, 81.92726808608228
43.689292680486425, 58.32327845246499
77.90395513676795, 100.7397650557497
72.80811270672683, 49.36549000796442
85.76950235977672, 184.29850329026434
56.42598004353777, 181.53106564883535
49.78748624142454, 89.65234434208121
84.40531936080224, 187.6731421081256
98.63943460049599, 11.541834713721961
58.60495904300612, 198.34733938688188
67.22335517488757, 158.31441684460177
38.48326046551696, 141.29356811863894
45.55067072550355, 118.33873449263763
21.32306190475317, 111.00654662795692
36.93240817090252, 36.51547864828295
18.1541497158194, 95.96818009184705
82.93971327366022, 137.23670161474476
56.94528889888672, 12.409061853864056
67.57436024249567, 107.09420050606687
57.976018219502926, 140.87154833588212
67.40365945926095, 171.56749458121863
26.84384666207169, 48.770399450351285
25.773179051984467, 41.51234669158674
81.43951543693397, 90.89359980180735
52.80471985658518, 23.64051274306014
75.94824870073681, 75.16131208594852
75.62666959639482, 40.651453899750514
87.75924643810943, 121.63430511888116
25.46300558340686, 138.3531949999327
91.23141531131071, 10.768433954192659
66.3470780022485, 72.06639269250186
50.77212689520485, 105.28010858503715
91.03524435467507, 116.10499902821523
68.67110078762832, 161.0151552163642
51.088084067999674, 138.20435731504665
94.54678955866866, 93.05420939258937
58.8700677906578, 187.40465939756783
28.84465958401428, 109.26092915278912
78.41604222799937, 196.50655979634115
19.504834162590466, 54.19402201490635
71.46545090070546, 163.5230927997415
91.12632124823314, 46.89788848229577
90.77652399169908, 166.30954919370674
26.317012758728563, 64.11285084015934
70.2037700350859, 21.513060268288335
91.85509131399385, 108.27018766881118
86.90447344363575, 186.1206104596417
16.361399327738834, 110.40226516714242
7.946733356403399, 180.59265552680594
7.383240626669817, 94.54834940302834
61.870038398072424, 42.998316908030176
13.410958059790548, 9.673930209554506
24.328047699969872, 136.13344178761662
17.508667011528416, 58.03241794120136
66.4189325844275, 108.43353834416898
62.248166506350685, 27.516776929659024
34.360971216589235, 59.11283797440055
87.00914236194964, 16.073449516922153
60.31417657800892, 67.22311691385488
83.42460070625559, 123.52734507197471
67.8972961671582, 153.0676366438354
161.42460206770525, 89.44960839535487
151.8904717363452, 102.26830553736912
120.05220879707004, 193.98058784511153
131.2456824980389, 113.02920519705604
114.46773842785444, 39.635978218215406
180.4699217347455, 108.5617083696309
176.47121042299412, 68.82539569558328
171.22067609278042, 103.37712437177113
185.44713967604983, 53.15078307129231
188.16643842526156, 78.29529240938307
131.17840102301807, 193.08758183916692
125.186673414612, 170.12326580928865
127.83358744399203, 93.20601182527474
180.02255355630223, 157.6591013892687
182.48163221352428, 51.51581634268207
129.0523370301322, 49.24780309831653
151.35687080112024, 27.463696500544856
164.50352428802825, 109.49644777403307
162.84477924930118, 84.84150457795636
122.24834515918526, 81.92726808608228
156.31070731951357, 58.32327845246499
140.63371628361193, 76.45135909198817
127.19188729327317, 49.36549000796442
155.84992935298993, 167.22912464374204
143.57401995646222, 181.53106564883535
150.21251375857545, 89.65234434208121
115.59468063919776, 187.6731421081256
133.07724356834586, 30.0257203757317
103.87385771133837, 194.95775034433385
132.77664482511244, 158.31441684460177
161.51673953448304, 141.29356811863894
154.44932927449645, 118.33873449263763
178.67693809524684, 111.00654662795692
163.06759182909747, 36.51547864828295
181.84585028418059, 95.96818009184705
107.62140568865593, 62.05556512084285
143.05471110111327, 12.409061853864056
107.945353062288, 49.36745016314876
102.49544648274755, 63.17766824261486
132.59634054073905, 171.56749458121863
173.15615333792832, 48.770399450351285
182.69689389285497, 108.93980266365372
118.56048456306603, 90.89359980180735
147.19528014341483, 23.64051274306014
149.76541191293012, 55.1550329409656
124.37333040360518, 40.651453899750514
112.24075356189057, 121.63430511888116
174.53699441659313, 138.3531949999327
153.8277513662288, 83.46227941930657
133.6529219977515, 72.06639269250186
117.66030762902803, 92.26754576009044
108.96475564532493, 116.10499902821523
132.69985250365283, 129.4645464712414
104.57256796975646, 184.9955620810632
105.45321044133134, 93.05420939258937
141.1299322093422, 187.40465939756783
107.73724985514475, 42.17824762702551
121.58395777200063, 196.50655979634115
180.49516583740953, 54.19402201490635
128.53454909929454, 163.5230927997415
108.87367875176686, 46.89788848229577
146.28521137536222, 148.35536429304614
173.68298724127143, 64.11285084015934
103.32490928864931, 8.53262417895808
108.14490868600615, 108.27018766881118
146.94943003764644, 155.62419243481582
180.14269818533828, 121.34367336139962
113.9955288652553, 191.92049194137775
163.43983823136728, 147.95089934919065
138.12996160192756, 42.998316908030176
180.2928998207184, 61.75276872950963
126.68214561440404, 163.25785923841178
153.66800756133216, 127.90663628319786
133.5810674155725, 108.43353834416898
117.38221462840474, 8.634273565519202
165.63902878341077, 59.11283797440055
164.03150467463337, 78.60260433521846
139.68582342199107, 67.22311691385488
129.7629634686968, 80.90488679614405
132.1027038328418, 153.0676366438354
