160
27.397269548221757, 122.32271950402793
18.77244140496228, 82.51015361013599
49.652415698611364, 74.00684353493374
28.340363233041334, 49.096195876246625
55.47424374261728, 137.9365937714748
35.753743100083376, 99.23516701151611
26.753702648731338, 101.2366136073181
54.86803811524656, 78.39063909822916
27.283608590686804, 71.16775638048252
52.10775802457746, 88.25192710566164
75.8357188581656, 54.681547468814884
42.26275283056348, 141.32183323456547
74.56468629079237, 129.7692878488955
13.533810758903641, 75.45511303743531
39.128478378239706, 150.1724328999684
43.383891927018894, 134.3959155127474
68.91786574985746, 56.2327048226348
99.80650919659362, 90.7388218532643
87.66417513305494, 109.01031406412001
61.89496482217404, 103.35028526083447
96.8669200288024, 105.07838769453616
69.13710987460257, 58.278195571769984
60.76851084342998, 26.179239758312733
11.9320119026607, 71.66525036172237
41.434816709618794, 171.4448102552816
48.813898429135364, 170.6828825287417
66.37238038525926, 172.54935396283145
88.24392102444838, 7.593551601163817
54.34931301938535, 98.90551087660273
80.76858365807654, 94.9657885341617
52.84065883185208, 56.41183181764162
66.87027609180157, 70.29374326784108
50.42938530082953, 157.8882951943092
56.39651166930827, 37.467637578495136
50.39136260839848, 139.84295178274547
98.24679880596125, 46.588212464595394
22.322534903434377, 72.07462661030908
51.78236912030212, 81.8140005094621
47.215028803616136, 139.0802946988603
52.03549277760248, 165.5110164940564
42.402240770968824, 127.41218365946733
30.840520882250654, 162.40459600063474
7.700780294015308, 91.51864529138965
88.68668691491753, 189.34712276093896
84.78186977746778, 97.88979418990624
92.70235430190891, 18.394394169168436
80.23611579464703, 57.36487772342311
88.80974100494196, 122.5964463161795
81.95070660868069, 144.55660278693057
47.028530383146276, 166.1093235268243
55.975581482679324, 97.77288543655416
26.047832065552456, 87.29004487666504
76.77414302079548, 67.46275252153286
66.50331089080484, 27.96831395518613
98.79924677433323, 141.5767350203627
91.38678462550205, 122.63348168497386
95.34144583731612, 57.798624964692635
93.84054907879799, 149.26760625851645
75.66857704022314, 91.47892401488332
89.91179602962683, 26.646424325364904
69.59392152675052, 115.14423202282029
69.2447726985001, 185.71668344869389
54.12327234730056, 188.03590515626965
74.79713962702562, 125.37594881112031
99.96532648131637, 56.84422946709458
33.60125221555413, 41.725906649319214
96.55924432042735, 32.82900321978737
79.157562486972, 2.9184698623713867
10.628740929220049, 125.13508960175814
67.25562949909461, 14.519906706961105
43.538488294740574, 99.30558257471229
62.4854285239805, 186.21093916741117
85.71159693343928, 8.856304319064945
97.03496721461129, 65.82284648147827
61.96668774032521, 38.252670646418466
38.96109058158136, 65.78575306369558
88.28386786393403, 47.818127120334466
95.915407129922, 184.81857288996187
64.92558053890697, 10.648470840404723
63.55798902977171, 45.7253254900815
172.60273045177826, 122.32271950402793
181.22755859503772, 82.51015361013599
150.34758430138862, 74.00684353493374
171.65963676695867, 49.096195876246625
144.5257562573827, 137.9365937714748
164.24625689991663, 99.23516701151611
173.24629735126865, 101.2366136073181
145.13196188475342, 78.39063909822916
172.7163914093132, 71.16775638048252
147.89224197542254, 88.25192710566164
124.1642811418344, 54.681547468814884
157.73724716943653, 141.32183323456547
125.43531370920763, 129.7692878488955
186.46618924109634, 75.45511303743531
160.87152162176028, 150.1724328999684
156.6161080729811, 134.3959155127474
131.08213425014253, 56.2327048226348
100.19349080340638, 90.7388218532643
112.33582486694506, 109.01031406412001
138.10503517782595, 103.35028526083447
103.1330799711976, 105.07838769453616
130.86289012539743, 58.278195571769984
139.23148915657003, 26.179239758312733
188.0679880973393, 71.66525036172237
158.5651832903812, 171.4448102552816
151.18610157086465, 170.6828825287417
133.62761961474075, 172.54935396283145
111.75607897555162, 7.593551601163817
145.65068698061464, 98.90551087660273
119.23141634192346, 94.9657885341617
147.15934116814793, 56.41183181764162
133.12972390819843, 70.29374326784108
149.57061469917048, 157.8882951943092
143.60348833069173, 37.467637578495136
149.60863739160152, 139.84295178274547
101.75320119403875, 46.588212464595394
177.6774650965656, 72.07462661030908
148.21763087969788, 81.8140005094621
152.78497119638388, 139.0802946988603
147.96450722239751, 165.5110164940564
157.59775922903117, 127.41218365946733
169.15947911774936, 162.40459600063474
192.29921970598468, 91.51864529138965
111.31331308508247, 189.34712276093896
115.21813022253222, 97.88979418990624
107.29764569809109, 18.394394169168436
119.76388420535297, 57.36487772342311
111.19025899505804, 122.5964463161795
118.04929339131931, 144.55660278693057
152.9714696168537, 166.1093235268243
144.02441851732067, 97.77288543655416
173.95216793444754, 87.29004487666504
123.22585697920452, 67.46275252153286
133.49668910919516, 27.96831395518613
101.20075322566677, 141.5767350203627
108.61321537449795, 122.63348168497386
104.65855416268388, 57.798624964692635
106.15945092120201, 149.26760625851645
124.33142295977686, 91.47892401488332
110.08820397037317, 26.646424325364904
130.40607847324947, 115.14423202282029
130.7552273014999, 185.71668344869389
145.87672765269943, 188.03590515626965
125.20286037297438, 125.37594881112031
100.03467351868363, 56.84422946709458
166.39874778444587, 41.725906649319214
103.44075567957265, 32.82900321978737
120.842437513028, 2.9184698623713867
189.37125907077996, 125.13508960175814
132.7443705009054, 14.519906706961105
156.46151170525943, 99.30558257471229
137.5145714760195, 186.21093916741117
114.28840306656072, 8.856304319064945
102.96503278538871, 65.82284648147827
138.0333122596748, 38.252670646418466
161.03890941841865, 65.78575306369558
111.71613213606597, 47.818127120334466
104.084592870078, 184.81857288996187
135.07441946109304, 10.648470840404723
136.4420109702283, 45.7253254900815
