96
12.983985930749753, 102.10938208854307
33.13350974437864, 69.35548023979436
50.89699324294009, 125.57965770791297
94.99555283778336, 196.92726119393146
54.83126570063816, 71.76122720571334
77.22151654451852, 87.08889646816498
71.409968318839, 159.06465962067463
57.42578907679826, 55.170492655091685
60.798911142747805, 46.602145396308316
43.441071826005796, 90.50267527504545
48.486612541038234, 160.93819553422986
75.4156036595975, 31.03720858522083
48.775541918786814, 155.82003751685494
63.69815407029413, 64.22573163293973
93.52240873368632, 34.34794021184619
21.29732041763709, 91.28855358804515
187.01601406925025, 102.10938208854307
198.3258888269741, 90.38836861722663
166.86649025562136, 69.35548023979436
106.16772947373907, 53.818447901858214
121.92221224221169, 95.89835327467009
149.10300675705992, 125.57965770791297
114.92282223413656, 173.18038509858445
119.95671505188425, 153.79787862000052
103.70287648878255, 180.47806300589411
151.48731192736466, 105.83673062421516
116.48360762280383, 196.34264887716856
188.93820798899011, 138.97234676700245
166.3253717108207, 89.7680339244703
120.71160851032276, 139.63914951338884
174.60319964424346, 146.97524917027567
108.4561082649835, 70.80266935956445
188.03450708566683, 120.64398619148378
150.64788935810768, 30.97920580590243
105.00444716221664, 196.92726119393146
145.16873429936183, 71.76122720571334
122.77848345548148, 87.08889646816498
161.49591554046765, 56.43333329141787
100.2272139646335, 87.68312415676584
146.9958713931151, 129.2622006284189
128.590031681161, 159.06465962067463
109.9413995081027, 110.60539276186441
122.55385011118895, 57.81596108798195
167.6138635477911, 107.1517222766302
134.1717809013703, 37.92656285283189
105.0701150181397, 155.9372900560469
136.06307689105995, 113.95093862081833
137.24930362841218, 50.94023187471639
147.44884604283837, 80.0190736595578
142.57421092320175, 55.170492655091685
133.39700359501518, 152.3757649033345
175.34698841975342, 101.45362560208851
117.39808052213981, 34.00235085378005
159.48521879532387, 60.594469580101574
139.2010888572522, 46.602145396308316
123.08720244398656, 152.7057564741839
123.60065929460524, 45.86262565678525
197.05822967023633, 121.28913284597394
156.55892817399422, 90.50267527504545
173.37903136667097, 103.06762519113586
188.33756358232603, 115.74305746710105
167.9521595291805, 147.33651680095824
151.51338745896177, 160.93819553422986
131.09341884202834, 24.06330075146137
134.42725337640945, 129.34801477448363
166.51392380726668, 39.8108015464782
153.3727343488762, 162.82844240804883
142.7535461536683, 85.95676046606764
124.5843963404025, 31.03720858522083
151.22445808121319, 155.82003751685494
136.30184592970588, 64.22573163293973
121.05765561296687, 109.71937182983503
138.1098426627352, 19.776913699459996
104.43830686838064, 146.5003582741992
101.55531961499923, 161.24851927246735
145.33181991886323, 30.64032619457855
131.42574506570568, 175.13369220413963
161.96256224455786, 135.23215616749738
198.51989622988282, 84.74363310857794
132.7783057522338, 141.5272175568364
170.00663260823953, 67.66803544480508
183.91779305732103, 93.14946733409147
142.57961099087325, 36.85591431709301
153.32773344994038, 181.67469242965763
122.05404223933657, 47.95691467823799
106.73317788393186, 194.02481075347433
126.49244861023638, 140.0754075405523
116.80987829779296, 78.28630845977497
134.90185038927984, 29.62670858669756
106.47759126631368, 34.34794021184619
109.29482972891472, 9.631183018537403
194.04838506619896, 89.79860989239387
142.6342396453291, 107.78298686164062
121.43114006131147, 165.61261858440682
178.70267958236292, 91.28855358804515
104.00452015995715, 22.020465594394878
