176
26.951866475001097, 65.35814037575535
48.02282925940972, 127.09816205119017
22.540900554035513, 84.04693082388918
7.63781559848934, 69.15980655379681
91.70915714792544, 110.97368231044837
92.60118016426713, 85.87879593148502
94.52882295415986, 38.132085381298175
38.59335386217438, 32.565046998079474
82.35207499576515, 1.7261978733715155
53.27680428503903, 156.9057834280363
23.932429828027523, 133.550216102656
65.13091625376009, 189.71576702956418
75.92529095824094, 105.90065477341813
16.8630132878561, 105.73979060922267
41.23245656835817, 65.13891313388307
77.75781848640844, 94.00357674270008
17.316407369147836, 88.21213573089328
88.83605308748393, 113.11907586285773
67.28925304652417, 44.7657924645051
75.30230807817759, 48.3772142408444
90.73612552509044, 16.78976613409613
28.687414420405254, 109.09024363193025
41.22504959120039, 143.76979390386228
30.844734425023145, 83.0326525818873
44.434111045078886, 59.71362277986163
30.70507865533071, 153.00700021830517
35.263748762459926, 26.656959211511968
76.76408226094668, 124.54584916964204
39.07021952375068, 44.73265780224769
54.93980038213409, 103.28850958974782
92.7166319367495, 142.69408487000115
84.08369133090848, 105.24759497238354
73.49134832560468, 42.718843041918156
55.982073702683024, 20.528817813879986
80.27353235674617, 130.42012594769693
28.436484096677873, 78.18467847963481
89.17386192357853, 167.8458728687518
26.77118056343202, 135.79279036537696
95.70224271020686, 135.29769444001795
37.00151351558545, 39.778710725258314
94.81200852724022, 15.311484464032056
89.32971879658564, 187.03186790890365
70.25063338179368, 158.7384868850363
42.159250928444024, 84.94086312716117
91.90089097222283, 109.028882319423
56.04579112514849, 151.43473494636828
91.86224206811643, 40.98992810707431
2.24109471774806, 91.13192886850369
94.47994179391024, 54.84318882746406
18.118214443794713, 101.69774576839312
54.149746078536545, 183.72595468134725
88.2897864278343, 53.127628166123046
39.40794498729765, 81.45009039657573
71.56998446317385, 87.67040335638568
38.412979072659226, 98.71678171722853
78.42103740784317, 106.26997051546061
80.1967988877541, 70.3096978183992
48.83878195668112, 132.74327713174912
61.08838449153403, 109.65374895792723
26.03865761052785, 96.20555448664574
69.73788731462842, 175.68742334001482
98.49421015793939, 116.07923357161536
78.47187533040425, 39.49725842670333
76.5936683232794, 186.79874500855263
99.69921955639259, 161.10576274977524
53.874916407598995, 72.36590284081768
87.49847812403829, 67.91797204335785
23.66813769472167, 67.83216187277452
98.31225532357831, 4.910214058343376
82.755611301382, 34.64357840323515
94.67154172997748, 2.0503637718219947
95.29667497139135, 131.25564049000158
23.915632697820822, 58.99758051854056
28.0442152633253, 102.34740091952187
98.48301294507976, 51.03194389266499
70.39074136536783, 30.586460733981525
29.032992177716476, 52.816422850112744
51.43686602331856, 144.94007345895594
86.10200698631725, 87.83561923599767
75.83392715482175, 9.869673530301327
69.03012738096112, 105.92182609274067
98.14080893718935, 118.79552730913984
4.738681261812938, 168.6495313207417
3.2989047542738903, 139.2385712471714
73.54158909419982, 66.09328590840566
41.308138074594304, 56.015064835056606
3.7062443551960533, 119.81736053859599
32.87206594889251, 125.6107795049402
99.2075873616567, 87.83330064002183
52.78248312766486, 109.7392858293787
87.40098922775323, 190.04433694086532
46.54822686550057, 75.58299703237171
46.883630242192176, 104.60667620606922
7.208225276301928, 61.90110504834496
80.53024670623395, 140.2181296336088
24.519660696409584, 161.48850176625723
173.0481335249989, 65.35814037575535
151.97717074059028, 127.09816205119017
177.45909944596448, 84.04693082388918
192.36218440151066, 69.15980655379681
108.29084285207456, 110.97368231044837
107.39881983573287, 85.87879593148502
105.47117704584014, 38.132085381298175
161.40664613782562, 32.565046998079474
117.64792500423485, 1.7261978733715155
146.72319571496098, 156.9057834280363
176.06757017197248, 133.550216102656
134.8690837462399, 189.71576702956418
124.07470904175906, 105.90065477341813
183.1369867121439, 105.73979060922267
158.76754343164183, 65.13891313388307
122.24218151359156, 94.00357674270008
182.68359263085216, 88.21213573089328
111.16394691251607, 113.11907586285773
132.71074695347585, 44.7657924645051
124.69769192182241, 48.3772142408444
109.26387447490956, 16.78976613409613
171.31258557959475, 109.09024363193025
158.7749504087996, 143.76979390386228
169.15526557497685, 83.0326525818873
155.56588895492112, 59.71362277986163
169.2949213446693, 153.00700021830517
164.73625123754007, 26.656959211511968
123.23591773905332, 124.54584916964204
160.92978047624933, 44.73265780224769
145.06019961786592, 103.28850958974782
107.2833680632505, 142.69408487000115
115.91630866909152, 105.24759497238354
126.50865167439532, 42.718843041918156
144.017926297317, 20.528817813879986
119.72646764325383, 130.42012594769693
171.56351590332213, 78.18467847963481
110.82613807642147, 167.8458728687518
173.228819436568, 135.79279036537696
104.29775728979314, 135.29769444001795
162.99848648441454, 39.778710725258314
105.18799147275978, 15.311484464032056
110.67028120341436, 187.03186790890365
129.74936661820632, 158.7384868850363
157.840749071556, 84.94086312716117
108.09910902777717, 109.028882319423
143.9542088748515, 151.43473494636828
108.13775793188357, 40.98992810707431
197.75890528225193, 91.13192886850369
105.52005820608976, 54.84318882746406
181.88178555620527, 101.69774576839312
145.85025392146346, 183.72595468134725
111.7102135721657, 53.127628166123046
160.59205501270236, 81.45009039657573
128.43001553682615, 87.67040335638568
161.58702092734077, 98.71678171722853
121.57896259215683, 106.26997051546061
119.8032011122459, 70.3096978183992
151.16121804331888, 132.74327713174912
138.91161550846596, 109.65374895792723
173.96134238947215, 96.20555448664574
130.26211268537156, 175.68742334001482
101.50578984206061, 116.07923357161536
121.52812466959575, 39.49725842670333
123.4063316767206, 186.79874500855263
100.30078044360741, 161.10576274977524
146.125083592401, 72.36590284081768
112.50152187596171, 67.91797204335785
176.33186230527832, 67.83216187277452
101.68774467642169, 4.910214058343376
117.244388698618, 34.64357840323515
105.32845827002252, 2.0503637718219947
104.70332502860865, 131.25564049000158
176.08436730217917, 58.99758051854056
171.9557847366747, 102.34740091952187
101.51698705492024, 51.03194389266499
129.60925863463217, 30.586460733981525
170.96700782228353, 52.816422850112744
148.56313397668146, 144.94007345895594
113.89799301368275, 87.83561923599767
124.16607284517825, 9.869673530301327
