160
22.667132148509893, 143.00830632346376
84.74792267306115, 136.22301318135374
81.63554416470993, 6.593588981434961
34.59248791109246, 136.7354185276652
67.83608101052504, 40.630469200165884
66.82191530770693, 24.95044069103085
28.49653718032441, 70.01196996431385
24.94097882784795, 134.55851006975297
64.52925170622483, 105.92615507297273
39.13322255127933, 124.48305840729574
60.34888475802502, 103.57371852997117
29.799403311293716, 97.29278711127695
69.02372124350796, 160.09222306297542
71.4290711124835, 113.01994014102561
12.40404811512288, 140.5810004843823
48.15485508813574, 76.79214185840434
57.59654046106127, 70.9255759449191
75.89198922851487, 110.02629420013031
3.7553692386259385, 98.39763828658037
98.32866229568158, 130.80299136726217
50.92239628748578, 167.72442898802746
4.544703963155882, 102.55668983206752
10.042132135299198, 59.311770283826284
23.206171459912305, 71.35879420380451
50.03369860936322, 123.42923823454119
95.41771476893787, 77.75422648503252
79.17938719025284, 93.53069199342757
16.38045901078612, 94.51108857542161
57.12011987998215, 32.99239531891658
98.31401472803779, 100.93876617188064
40.3068002301341, 73.03393663898771
24.78194111624782, 41.26510444618609
31.888872256614633, 149.03176052957497
46.36461476392274, 87.61322936389165
51.78797303012909, 50.671748067486774
20.596725584022344, 115.10211221287432
97.339098130705, 148.1467263080929
63.90324523875252, 24.14431051351016
18.989243002616075, 105.26346979784351
71.99202741558169, 129.0948894943605
61.40787543022949, 54.379433363343345
64.76067628339884, 26.133390736868023
69.8796940269926, 183.83040195694971
97.87622684837238, 46.42646581661762
75.27987841215395, 84.41779740956245
58.72239357244784, 144.88506009678383
36.45543768401035, 167.06954651130758
98.13599351963953, 33.653142172247264
86.18666007050538, 143.94966931914044
48.36582924034777, 33.575751831234626
60.522837489629964, 46.33789601392666
98.44166469450789, 65.28821305371532
48.00769330162213, 82.57086409823744
87.7435442240863, 63.767670562938925
99.47289222379979, 7.237178857903381
51.80681649562058, 125.50435134271312
48.779995758146285, 42.28456349765286
73.86088821388134, 3.970198262228175
31.81901682955468, 156.18544202219823
78.90495790112179, 13.301170584078758
72.36370938458178, 108.72515064462726
8.439196138616422, 99.38128998558295
36.03956846351484, 44.0205247022039
68.57962822427052, 63.088196029365086
95.1866792276793, 42.63948093627319
4.097693376882605, 89.25416807220053
63.21657086535125, 78.14475860304995
68.6270716778014, 60.535389523962316
67.86117818879856, 92.72814347956135
44.10442347577518, 119.41437358990028
64.68698426918642, 35.15202790742384
67.13319831363769, 33.537185260656585
86.00623889390282, 68.71830837151292
22.546541041317482, 132.36559731088303
16.254700891196162, 147.57016614221303
66.66607581447349, 135.14243803464527
59.08518218579526, 26.019287823054093
2.3846230478373642, 91.55399427568423
48.79034994092272, 85.94673972680368
53.200832283627086, 131.008350947507
177.3328678514901, 143.00830632346376
115.25207732693885, 136.22301318135374
118.36445583529007, 6.593588981434961
165.40751208890754, 136.7354185276652
132.16391898947495, 40.630469200165884
133.17808469229306, 24.95044069103085
171.50346281967558, 70.01196996431385
175.05902117215206, 134.55851006975297
135.47074829377516, 105.92615507297273
160.86677744872065, 124.48305840729574
139.651115241975, 103.57371852997117
170.2005966887063, 97.29278711127695
130.97627875649204, 160.09222306297542
128.57092888751652, 113.01994014102561
187.5959518848771, 140.5810004843823
151.84514491186425, 76.79214185840434
142.40345953893873, 70.9255759449191
124.10801077148513, 110.02629420013031
196.24463076137405, 98.39763828658037
101.67133770431842, 130.80299136726217
149.07760371251422, 167.72442898802746
195.45529603684412, 102.55668983206752
189.9578678647008, 59.311770283826284
176.7938285400877, 71.35879420380451
149.96630139063677, 123.42923823454119
104.58228523106213, 77.75422648503252
120.82061280974716, 93.53069199342757
183.61954098921387, 94.51108857542161
142.87988012001784, 32.99239531891658
101.68598527196221, 100.93876617188064
159.69319976986588, 73.03393663898771
175.21805888375218, 41.26510444618609
168.11112774338537, 149.03176052957497
153.63538523607727, 87.61322936389165
148.21202696987092, 50.671748067486774
179.40327441597765, 115.10211221287432
102.660901869295, 148.1467263080929
136.0967547612475, 24.14431051351016
181.01075699738394, 105.26346979784351
128.00797258441833, 129.0948894943605
138.5921245697705, 54.379433363343345
135.23932371660118, 26.133390736868023
130.12030597300742, 183.83040195694971
102.12377315162762, 46.42646581661762
124.72012158784605, 84.41779740956245
141.27760642755214, 144.88506009678383
163.54456231598965, 167.06954651130758
101.86400648036047, 33.653142172247264
113.81333992949462, 143.94966931914044
151.63417075965222, 33.575751831234626
139.47716251037002, 46.33789601392666
101.55833530549211, 65.28821305371532
151.99230669837786, 82.57086409823744
112.2564557759137, 63.767670562938925
100.52710777620021, 7.237178857903381
148.19318350437942, 125.50435134271312
151.2200042418537, 42.28456349765286
126.13911178611866, 3.970198262228175
168.18098317044533, 156.18544202219823
121.09504209887821, 13.301170584078758
127.63629061541822, 108.72515064462726
191.5608038613836, 99.38128998558295
163.96043153648515, 44.0205247022039
131.42037177572948, 63.088196029365086
104.8133207723207, 42.63948093627319
195.9023066231174, 89.25416807220053
136.78342913464874, 78.14475860304995
131.37292832219862, 60.535389523962316
132.13882181120144, 92.72814347956135
155.89557652422482, 119.41437358990028
135.31301573081356, 35.15202790742384
132.8668016863623, 33.537185260656585
113.99376110609718, 68.71830837151292
177.45345895868252, 132.36559731088303
183.74529910880383, 147.57016614221303
133.3339241855265, 135.14243803464527
140.91481781420475, 26.019287823054093
197.61537695216265, 91.55399427568423
151.2096500590773, 85.94673972680368
146.79916771637292, 131.008350947507
