192
11.30378091762465, 98.53471368081578
26.24997813598763, 129.3729353206455
76.63764031999524, 167.72521495565906
89.89092626101503, 73.69193609612796
35.790942554415054, 40.46170914861145
91.86063313876632, 65.44995261365179
54.72619042174782, 142.54645678079734
0.9979943111774636, 97.38426624435962
49.02699657783851, 75.24319017125795
98.39650940013985, 93.79603362452933
65.79850169137494, 32.61654441418622
39.49669343479519, 173.78218685611367
25.57545986873082, 165.29375686240832
8.937333586931405, 104.68386336191367
49.320709755179784, 98.95843928632732
70.65343818148558, 135.1023282536651
76.31300332081679, 21.587908311490267
16.533590882494543, 132.61751046148098
64.80194148632683, 153.62832708221046
45.88160560832617, 174.540054628114
67.23411929186963, 99.573861270595
13.961724327138059, 102.00782839010697
54.80884181608056, 71.92053884806306
9.428965262621825, 130.6769741809045
98.44014957922134, 48.65789937929661
32.44412462697864, 146.18417443042537
84.68292845598103, 71.27053703623223
72.98656330526548, 187.0176490095491
73.35133198546741, 71.69426015518279
36.34093921069348, 152.74958544486233
14.607007719470676, 117.67991755591815
9.335721061259083, 97.71882730394643
63.205857608493346, 114.80103692621475
41.6053255820344, 159.9541158590826
46.806681803959506, 179.39116892992283
37.579710380905205, 77.18170052310302
29.980567114127123, 92.87398044683701
48.534573182806476, 91.1747535997182
61.97048371114129, 191.75206056401385
44.149877729805084, 60.21529184265826
74.75058521768729, 142.92092405030894
42.28478229514515, 151.62324683702315
59.3671000976501, 63.908416598856576
71.25661900385364, 57.808643320575804
85.09031842262921, 183.03215801697587
50.67363045679851, 92.89517868142812
51.41001670722019, 85.60325345271103
63.83856013329026, 89.10946887679304
9.726750572871868, 87.92631341473873
77.45536558252958, 121.62023492266695
38.60288267584724, 152.94785266115665
66.87625478916755, 48.12575608999672
69.6936837039472, 75.03919832690809
33.697390021020226, 152.080431485755
69.13604799732708, 30.460871316366678
30.66636025910373, 159.1297297095543
17.52164370012729, 74.85400860743485
96.7813994422306, 119.62994867847851
89.72305914800353, 174.53851819079986
39.75012611465982, 168.73674193242957
33.88750825877176, 148.8092909363294
86.52670653330813, 111.92342412678582
34.52705408686499, 76.05734571774387
82.89615003450764, 126.7970596686058
84.95039739615257, 105.35346939876821
95.77204248332811, 72.80760884859565
29.183260482933903, 119.96951501818765
85.94460514531114, 133.2718265589492
71.93951924808869, 13.86897357827257
80.95629185840436, 3.178353688242108
77.43682324559089, 151.9983931287507
54.48330800251614, 174.41566789403836
44.35507406982779, 118.24641402019098
65.17299860389554, 79.02016381510289
89.33637890032064, 144.95455516184444
97.95611702258728, 106.64899964396714
71.4706036570383, 4.644350413822673
88.49440913689006, 163.8366553878027
79.45216820759889, 190.43809796027801
49.9772707037879, 95.60847098806464
70.24758423700175, 162.52764452364028
4.557777165873467, 147.85234163606572
52.37805702340908, 121.53464286000317
14.949801022098475, 120.6998592181747
79.74829597326553, 103.44882392779647
33.6356785523939, 27.38988821815209
7.363205506068637, 68.3161623915579
66.01327806169954, 57.67609258507642
15.789067568496273, 162.45894173757242
98.75609569049197, 163.26553131651593
26.595712613650925, 18.0888898545861
37.01488968598889, 176.22380133962216
98.17579725465959, 36.704773763952026
14.939987007263122, 57.568995150900484
60.51175130698441, 99.39707349401323
29.091056299458717, 47.07677478259657
83.00076827329602, 149.88411709222547
93.51193742416154, 196.1416838818456
19.593094824107283, 180.1902455323887
87.35754282897294, 161.56465041095208
90.24474482859844, 4.685308783479258
90.92710851524848, 196.8678180064209
57.1807575902148, 17.955858334742803
22.96570925493254, 162.089926032212
22.82340269584393, 160.25204557586937
56.78102328289272, 81.6191517136498
54.03845087272548, 133.9156166684974
91.11109395724127, 167.11662159742153
62.28939517361366, 66.10427856321614
71.31372049144551, 90.98527563070995
77.09419688730044, 150.35771862093307
42.43838305397104, 184.3009688283301
188.69621908237536, 98.53471368081578
173.75002186401238, 129.3729353206455
123.36235968000476, 167.72521495565906
110.10907373898497, 73.69193609612796
164.20905744558496, 40.46170914861145
108.13936686123368, 65.44995261365179
145.27380957825218, 142.54645678079734
199.00200568882255, 97.38426624435962
150.9730034221615, 75.24319017125795
101.60349059986015, 93.79603362452933
134.20149830862505, 32.61654441418622
160.5033065652048, 173.78218685611367
174.42454013126917, 165.29375686240832
191.0626664130686, 104.68386336191367
150.6792902448202, 98.95843928632732
129.34656181851443, 135.1023282536651
123.68699667918321, 21.587908311490267
183.46640911750546, 132.61751046148098
135.19805851367317, 153.62832708221046
154.11839439167383, 174.540054628114
132.76588070813037, 99.573861270595
186.03827567286194, 102.00782839010697
145.19115818391944, 71.92053884806306
190.57103473737817, 130.6769741809045
101.55985042077866, 48.65789937929661
167.55587537302137, 146.18417443042537
115.31707154401897, 71.27053703623223
127.01343669473452, 187.0176490095491
126.64866801453259, 71.69426015518279
163.65906078930652, 152.74958544486233
185.3929922805293, 117.67991755591815
190.66427893874092, 97.71882730394643
136.79414239150665, 114.80103692621475
158.3946744179656, 159.9541158590826
153.19331819604048, 179.39116892992283
162.4202896190948, 77.18170052310302
170.01943288587287, 92.87398044683701
151.46542681719353, 91.1747535997182
138.0295162888587, 191.75206056401385
155.8501222701949, 60.21529184265826
125.24941478231271, 142.92092405030894
157.71521770485487, 151.62324683702315
140.6328999023499, 63.908416598856576
128.74338099614636, 57.808643320575804
114.90968157737079, 183.03215801697587
149.32636954320148, 92.89517868142812
148.5899832927798, 85.60325345271103
136.16143986670974, 89.10946887679304
190.27324942712812, 87.92631341473873
122.54463441747042, 121.62023492266695
161.39711732415276, 152.94785266115665
133.12374521083245, 48.12575608999672
130.30631629605278, 75.03919832690809
166.30260997897977, 152.080431485755
130.86395200267293, 30.460871316366678
169.33363974089627, 159.1297297095543
182.4783562998727, 74.85400860743485
103.2186005577694, 119.62994867847851
110.27694085199647, 174.53851819079986
160.24987388534018, 168.73674193242957
166.11249174122824, 148.8092909363294
113.47329346669187, 111.92342412678582
165.472945913135, 76.05734571774387
117.10384996549236, 126.7970596686058
115.04960260384743, 105.35346939876821
104.22795751667189, 72.80760884859565
170.81673951706608, 119.96951501818765
114.05539485468886, 133.2718265589492
128.0604807519113, 13.86897357827257
119.04370814159564, 3.178353688242108
122.56317675440911, 151.9983931287507
145.51669199748386, 174.41566789403836
155.6449259301722, 118.24641402019098
134.82700139610446, 79.02016381510289
110.66362109967936, 144.95455516184444
102.04388297741272, 106.64899964396714
128.52939634296172, 4.644350413822673
111.50559086310994, 163.8366553878027
120.54783179240111, 190.43809796027801
150.0227292962121, 95.60847098806464
