240
48.99164464087645, 154.81287991189302
56.286648566610914, 183.91024074166066
87.51025630359749, 54.96344552562644
38.03534966512045, 39.02307592648215
64.24052964468089, 136.79425094936647
0.8417070303912233, 114.60702175668521
45.15409466479265, 175.81606768050523
97.87304841402891, 181.9240308636697
74.84115937000391, 57.81920706774634
80.53225640761812, 164.82988668975193
2.4761465175758914, 168.07510669532041
90.77313044634639, 42.58423983674915
47.58309465077002, 128.9688814245059
31.218361124192086, 95.88181717909362
57.00980700339842, 41.94124485865494
26.144569627964756, 43.96378716675832
88.4129029724908, 37.09048826024619
9.944035784670234, 14.915100411561966
96.85329466508873, 30.602982629247833
71.48985546935694, 167.59848786429552
49.67041515125085, 121.86330229094743
62.505591975140476, 170.845086730834
71.72557372400993, 174.28590764105002
58.22205637818905, 66.96846928977321
50.790116703515025, 28.04189809622442
7.7936037434002685, 4.356150224304791
43.790297681480425, 97.54280720247733
73.39199316950977, 199.97585606052988
47.707736317881746, 94.75123813243336
74.7196573843432, 124.85931462856622
54.34867603829251, 109.21008703785333
99.10376183412973, 97.97183203829324
43.77200222405609, 149.21088778230444
45.11432703250809, 135.5067247634583
51.08421775632851, 82.26353177627769
81.44732619420597, 102.58117245164007
86.82431124115502, 103.07577673413047
22.920271982972018, 21.23816717784588
69.4991881085857, 116.42986654959685
11.164283271682905, 150.81161765413958
99.81699364673007, 170.86309442906474
80.37425910133763, 182.63316260001795
73.22495058943917, 116.86021219936303
10.276725202003561, 54.51243238260065
57.75187575313173, 114.37617790720665
3.8477990653086103, 25.558328623210045
43.51382516956958, 17.97865416439928
11.569479206771106, 144.73656787616648
26.28028013642296, 57.35855283559297
50.85651018050319, 149.3625529413526
8.26317669325816, 116.47705562356813
2.737867602123359, 35.4727102281923
25.747978385770416, 62.217668208028456
75.04001597905159, 30.759048385314863
83.61596812906976, 155.07200279287844
35.92102879819491, 93.60236551408778
32.45071588918023, 105.94311797930665
5.6993277081913405, 90.00350313461054
20.112344979422446, 151.98363842760324
81.61862792980133, 139.9019608933653
55.4425467560522, 106.96814625159513
82.64326073948831, 103.71506774429189
71.00186774588583, 11.633904197763428
54.525128029116416, 156.83379133181586
8.066766835797871, 155.7499491268552
18.438885300797224, 51.30474946025718
65.89522688094809, 31.69724036212601
43.018644985693726, 170.8886192154478
97.23229838018246, 97.26514656544083
76.72621038737068, 153.23426004160612
57.3055555610137, 165.39312842949892
23.96687141802066, 70.97801922859631
18.14576587838428, 132.80713129463174
16.90618633955939, 26.46474917751747
49.585649696770275, 147.64893522275494
83.20778771829774, 59.93119789087683
99.52081035954073, 63.38149082364788
40.05285041527066, 159.77564096629462
30.45243999082399, 136.59605604846476
55.4547775886748, 73.71025669009734
68.15693955945974, 115.16151187865174
48.759533476871844, 56.23990484324048
24.51610232145439, 119.14572995245774
25.230610734431814, 60.400860788318326
71.32415841969764, 54.77678169440483
62.91406792909535, 83.54098954080811
99.49387576449419, 84.61005413352443
16.38905077411318, 15.105128196729446
62.408637710781, 167.48743629519117
53.997905477340915, 143.18265614309234
17.557709135665167, 123.74955031092595
6.5013899033545925, 119.2368805614974
16.431703694460374, 157.81678469750688
94.4689647037589, 140.34501446586412
74.58246408034853, 179.9065519664466
38.93695032113078, 37.13107775731146
58.68885413159756, 171.068061240393
79.22163314453965, 137.60378389272688
99.27791462607763, 104.54334539048614
5.810803842232881, 129.49218849058386
44.77645433063392, 99.10955694511043
40.44046070482802, 26.03425631531271
48.18965975915066, 114.807846977491
78.32882650257108, 157.4301009172939
91.2307050711819, 11.06342952842365
38.39495449352701, 199.6413289027277
96.5473659033738, 69.13763777401256
98.48070871653893, 155.38375276062828
39.132758654595435, 120.91797791532659
73.98250243164122, 129.98005324213207
91.52038622895908, 146.45108725081573
86.2651065487107, 60.40378376744877
87.95853754398061, 123.50580459303563
13.886742834171685, 25.115919301594758
42.21233657184884, 134.70939802114205
50.59947237617042, 175.93735241259668
83.4702479600145, 110.83314701591873
33.47519283322718, 136.95236414878252
26.749782306422887, 18.801637088830958
95.07269364604016, 56.097089524456734
27.60656213459729, 91.09930138459778
83.15339091903125, 52.55688790451658
18.401806919866658, 41.124552327479
29.49358539153719, 57.82506996304333
19.445803009821773, 62.0678387364783
84.52979307588538, 101.6237317541108
60.66429498520899, 151.2425616757421
9.700488833339882, 117.55913223499552
75.72312144033609, 191.66935355540062
37.98464852050773, 75.3627434149366
68.85107506225887, 184.84585779479926
89.90809802216036, 39.43432212634737
42.78523915763388, 43.659744418967385
79.77748757945362, 77.52444261734777
2.980250527528061, 42.24333622439893
95.02558262908558, 187.938717134721
93.7475470765304, 34.615392149007505
37.065556570473554, 178.9041230293461
17.772268832807782, 7.193646410997578
23.148417398005215, 192.0304005459025
82.9454295942144, 19.759259459466904
65.15266005910681, 10.44634984130759
11.063152096005846, 158.51371789538314
21.08499229063645, 0.5488174364941756
69.92554083965965, 120.67895511978281
80.1656463920829, 61.88434479381706
62.912726614219686, 178.91361600854407
72.05442188502134, 133.50944104841972
82.66293694381797, 190.0122692818293
62.07799092284554, 188.5080993832201
45.92751309684483, 180.36726310098615
97.31746038378071, 62.16338109143527
18.454029794878835, 38.0642174662994
25.141962361555393, 136.67557784518047
61.49555340277987, 57.95580752759548
46.10485945152807, 87.73425809360486
60.209262994124025, 198.65976620048275
78.80497576062652, 114.78803896753458
20.345361528023396, 144.42508521178306
95.72677760284753, 40.26538577785605
156.1761961397744, 142.96831686902183
112.55764376833243, 192.7544708872244
181.2154592628921, 132.69610775592068
112.31004549051782, 41.423139575281695
146.74306007408575, 179.7771558943851
181.58150881700698, 63.76579005393097
167.3060205612855, 131.49005579947243
138.79422196729223, 188.6988893551232
155.25897670545575, 57.459165183971315
159.04575723613203, 171.3362573649636
141.81390841594248, 137.03258085384903
149.7042337857252, 73.16181124930208
133.02667096620593, 129.67672439771295
125.78327658101375, 32.500085114211544
135.0369432861367, 29.974805814867423
120.40307572004139, 113.78844330094657
117.5679767410732, 54.9140045055964
118.73574667086343, 87.57961746789826
150.5068580738028, 44.301886166375894
144.5002139277147, 165.3324101631064
132.28600896689795, 179.98975896334747
193.48867499845016, 127.49546226442739
156.47206909255948, 182.25133916647405
172.4142084862047, 125.84541381195122
121.55594333315474, 13.061977446006058
114.76661949072765, 9.129074926598669
157.97109899341828, 67.40158052798915
119.9626259540109, 129.99721303376114
179.12412326305318, 84.09568486304799
109.93362058124862, 191.68918421094662
164.27994677661542, 33.73898739193564
134.9449128009153, 18.932540330957902
135.03642517229693, 75.5240684166423
159.6630520471231, 57.77646684802045
143.270536004558, 16.69627701133496
132.14263284953245, 166.16965042772978
145.03365262581968, 176.97568475506088
148.56486608526612, 37.609400476985
162.6886423790266, 143.02892910515865
159.56294514570777, 89.69673007875743
155.75486450816027, 130.22931385971899
176.2458694126334, 117.1011825107736
104.01539037216689, 121.05853864791483
112.61430648159845, 123.93398449597473
100.03427439184608, 183.31707394897668
182.94620108528053, 95.33703350999951
107.07424534815216, 0.7803696771443436
152.63215200638368, 146.9080023137417
142.63276708085215, 85.51540788372077
109.22171136504525, 183.5945726889466
121.9964476912071, 195.52421390071402
173.4549649822547, 35.79536494518594
153.14414925601193, 121.54514669297302
100.36147488863232, 6.6149725379919255
135.3684272598722, 171.7179530632064
110.24851653603793, 102.06283108039355
168.33016620887645, 83.36963059954208
185.19993211484478, 97.94753709373003
114.77296973127858, 162.18630729535596
180.67079789205764, 142.136454688742
104.74171574654704, 124.94916055568265
108.60405797184639, 31.856504095501336
123.10717501052207, 66.52947792717039
116.00075020890344, 178.03798762830255
148.218306340869, 132.36133535866986
151.12802527154705, 38.680936266815145
162.23815167375668, 58.07287325812387
112.0403994412956, 194.49579020027917
151.00693529218563, 89.32301771240824
109.88250282143943, 194.04790209044037
192.24943765698896, 113.98639098462289
158.6848745047988, 127.37816436936637
147.0150227801386, 138.8256960746532
152.27188249124023, 52.054296465638686
180.1813818326126, 148.8409754179265
165.50344117947364, 36.97060005329138
132.49170498500035, 136.96867780702127
152.39109084674988, 96.37628042501976
110.11404065881064, 121.37865541905319
146.5437619458839, 86.97555174042726
