160
2.4623658336070586, 125.70349978190445
99.82570905050483, 100.99639171269686
40.516403872593685, 62.706274891135564
36.528750559010945, 168.3765167559951
14.111301958676151, 189.1891461083204
82.65656672247222, 141.2094765808061
98.84626443257795, 94.62021574102943
38.156835666650174, 129.56012665090753
69.46542901347215, 14.388753076344216
25.153464896314304, 133.80148023378933
53.781548713190716, 13.478735433966516
63.26747376400064, 140.60483437394478
51.619453838107006, 168.7366549224986
89.15768255685336, 4.62926855058226
77.02763995762916, 92.09302118833226
25.755647424040916, 7.84993260106927
63.68899748921978, 50.340338878943044
62.22220507126683, 174.74007590424242
58.83829777894583, 110.52608641008673
0.1602958513226298, 181.4152031046089
40.143592879743316, 46.8157583220338
74.59521231841345, 42.35998820328349
29.39135023158354, 109.19878953033293
42.141022449858426, 62.167814233190576
75.02121440282916, 107.0158509613688
55.13611234929452, 186.75199461994347
78.6614606831531, 42.2606124708558
34.074614880914034, 81.52446045905022
70.2536198216723, 147.41115791901177
44.77732147137643, 165.5130992292617
8.291139798672319, 2.740560966209216
72.23926430156531, 37.837560023854905
51.553194057789106, 118.0789391274189
87.34419095846393, 53.72129809202201
71.82560735478103, 146.3429659823484
60.56905491344227, 75.27057069342493
81.4128450150044, 69.0778250357452
81.57028877745142, 72.1619383953878
56.41041184024781, 39.74502303547229
27.995941965641002, 49.14626356869341
56.3414772297409, 80.67967846231252
75.90943050657282, 115.86031772441947
10.251599747398224, 13.390669520024574
62.008142086248455, 118.94113083836835
96.8094176210221, 29.805640363132497
49.29981277295539, 155.88635752639954
43.29230976433398, 55.95045541010095
6.6125959093863855, 146.25662278437562
37.38367899469871, 142.63874033906978
45.26438799912672, 57.47475551961833
45.246005173663356, 146.19324022578755
45.68899890610215, 160.98847578738028
81.20470325716909, 5.512926168821952
60.64899158046261, 187.43256320070685
81.92227650158694, 65.68232282437583
54.86199357880103, 30.588900041663557
87.51248782152692, 25.37918575743332
31.848034584361372, 153.01924312401752
13.269615941466355, 116.71799656055565
62.130282204496524, 37.111022801153766
31.4058437026887, 158.95685082520998
22.700182783755317, 68.5100593770313
86.11798113005638, 128.20586051888105
11.783056800947776, 120.85854350633099
89.04672634186622, 30.45399594553713
19.877162360781256, 120.85350409967582
26.624088542712208, 128.42761281392768
63.33404994329821, 32.99381065711479
56.88858658470566, 127.11216891566421
81.96559537733461, 160.70437477667605
19.223533552851503, 142.92273509511645
4.503374647103229, 196.70612273429703
27.857764005831385, 28.462656493453565
48.48990444760254, 95.51073385752322
97.42799199612648, 96.36190637003463
23.90712314499455, 146.00086839851383
45.77124523661853, 13.643776487333078
19.20339475328349, 177.28253416475172
0.37235987191958486, 89.00418102324163
93.20721531486998, 106.68326760453051
198.42835938975256, 84.7406879028973
132.2708595421572, 153.7686063037404
107.88891409451323, 26.12877130510567
181.20224123002245, 92.29805105250475
137.72194506395732, 158.6914558716695
115.17162836112557, 97.8822179554185
128.62100013167105, 51.66988742040086
132.79061951938, 192.9568936808641
164.13923983760455, 84.30770609924325
199.14589143659433, 111.32689390995525
146.21845128680928, 13.478735433966516
108.89411470833204, 64.5394781267951
175.66018464770139, 92.0258548242772
138.56842206827332, 37.57591878438304
110.03873999895296, 169.5545051140518
104.99487325459532, 25.76247619079699
143.2534958500948, 33.81298157898196
100.34996781465063, 147.56845943805925
125.78263071194529, 122.84167620055197
131.5306894855782, 167.7024659114919
128.52142881351676, 29.233832323464682
102.7639959414631, 105.3322418004296
178.81624831520557, 46.63036054535758
157.85897755014156, 62.167814233190576
186.97197141635047, 62.031321315759655
144.86388765070546, 186.75199461994347
121.3385393168469, 42.2606124708558
165.92538511908597, 81.52446045905022
129.74638017832768, 147.41115791901177
155.22267852862356, 165.5130992292617
135.0041860620542, 60.577853253086204
102.35832177048579, 92.19676138454618
154.4112826103444, 72.1977202860828
113.17218060945763, 108.68478759061753
128.17439264521897, 146.3429659823484
131.44286601267248, 117.68161065389349
150.00552880839678, 102.70500841181499
157.9964365599641, 25.258081956829702
143.5895881597522, 39.74502303547229
132.14442812129, 28.98307569229095
118.37169516518034, 11.738693885008523
169.97748818334819, 95.54752387605299
146.6198328294345, 38.387962722454574
116.30965305127933, 180.13140044853054
154.53903880924963, 29.875510188382194
105.31003188816945, 126.14219907388183
156.707690235666, 55.95045541010095
130.75592917418606, 130.22766763965788
134.27402267615804, 158.24474655415273
153.5476710599573, 98.87425815277138
111.32881467460363, 197.40792585804914
154.31100109389786, 160.98847578738028
118.79529674283091, 5.512926168821952
118.58191285259512, 163.47940427024895
171.79454483979922, 34.17132844427646
153.98036801277033, 45.67871100241761
112.48751217847308, 25.37918575743332
168.15196541563864, 153.01924312401752
133.4270247263389, 59.20533700984696
101.50692306529405, 5.43270656384236
124.26073946769172, 139.44013829950987
152.33393898359012, 48.36763246367539
127.28166674385068, 150.45401882664277
142.2545352272899, 140.90705432357555
133.32513243746828, 91.8947833988141
182.24362364340817, 127.07365116168485
168.83925124773296, 103.8127967343911
161.41308260133945, 74.78242484445843
123.0289197911921, 145.31438216505705
170.66426417894056, 147.4151995502154
180.7764664471485, 142.92273509511645
122.05950066357785, 182.76221016478888
118.11996378527128, 73.34864311148843
120.13940247349176, 142.6314390204536
141.77872405150302, 71.34944807057244
180.44016498902656, 94.92887474909939
151.32453015876, 62.82136479017497
175.5620918932815, 121.14730801843452
163.95457897811212, 131.33632809964377
106.79278468513002, 106.68326760453051
