160
75.48011280842798, 30.503371492682806
43.39487544038454, 51.98711300613614
69.14997511795167, 36.20082833220513
53.76456163085044, 121.92537631221103
65.16719713065275, 30.96741854724825
64.47196278753151, 9.248595247153425
80.77684511779061, 102.0448566711624
99.01027228966535, 183.752957907584
75.54110897766108, 167.03246561655047
80.25354451770558, 78.58395528478783
8.412017436056264, 100.12725764279963
24.339135707503466, 141.00091677431234
60.60698727473452, 19.062800077220167
70.38217581039399, 108.35650625605318
32.770171669342886, 121.53896600284155
14.968104722973907, 82.78120262204199
49.92361727804892, 77.92838397757077
94.43166720059583, 7.120457236487643
9.739014192581475, 87.94120146612173
85.53826496925329, 160.0455978054561
65.79331692109744, 61.6789279188819
43.41212507895024, 79.54502476867998
72.3606663455708, 75.68690268497804
29.892138424327662, 55.89171027774502
61.7565316681857, 170.00340345975482
2.966062511351153, 91.16261534827498
72.26761285842115, 131.12415477828984
41.35216767807268, 110.14290869814387
70.46120549991075, 74.5924241997331
68.5698760559265, 84.7322505379174
55.199695606739006, 31.705800970517316
82.54206698133554, 66.58278154138632
36.60691912737389, 96.04590105305182
52.79690523223983, 123.86692916756184
76.21415483293275, 156.7859645410971
74.34222506424484, 187.7837371997402
95.03551802553494, 42.42314738982773
35.07794647691218, 145.03724618167882
63.31645978679968, 109.01711785846548
17.924526065218615, 53.43293216175722
83.19248326149746, 10.034891090623654
47.6444691264215, 27.441378901487855
98.79271260278739, 150.55234039814246
88.43701645392402, 16.37465445884654
18.300412059801964, 116.05773865958488
71.68821643052421, 91.8657494871057
27.985840656797166, 52.056821221012854
12.259120358992238, 132.5936927634827
20.735439879784145, 114.04871091257706
42.07361895061772, 161.72912439577615
67.12772732464148, 14.76318214744703
58.41135011963859, 146.10825523663812
27.74758698512647, 34.05916900438179
94.60418742967627, 91.66135732804499
86.04947682426366, 99.05597992386399
79.47807120427221, 65.96402490053173
44.30765505480072, 173.42487666211866
63.91738209410902, 171.50850364181892
53.043631478805665, 61.80994506312627
43.569971915377735, 63.6238528731786
46.765208228056686, 62.72822495417518
2.430735033912945, 121.18251952899324
76.42116183708445, 50.62607371892873
59.691794639748764, 149.40944935890167
84.25805908023709, 32.97478467013262
27.393081311417113, 119.859300130988
3.0455608618764063, 101.44949741767238
26.67414365437587, 166.19459757677018
73.08521397639983, 65.05377590864214
86.23238798893598, 131.02643438696717
73.36358850191448, 160.80414921383723
53.30716639107377, 38.49980984280712
23.620989079218734, 80.73987117384067
45.72166834928356, 105.4958252140089
93.89892977082245, 172.39115901879882
91.14723555904145, 109.97079623172077
83.84373028051935, 85.53047799332904
17.34861995524963, 94.16544713132157
87.0977200656138, 184.3983715137373
74.77534370037613, 89.80094921574904
124.51988719157202, 30.503371492682806
156.60512455961546, 51.98711300613614
130.85002488204833, 36.20082833220513
146.23543836914956, 121.92537631221103
134.83280286934723, 30.96741854724825
135.5280372124685, 9.248595247153425
119.22315488220939, 102.0448566711624
100.98972771033465, 183.752957907584
124.45889102233892, 167.03246561655047
119.74645548229442, 78.58395528478783
191.58798256394374, 100.12725764279963
175.66086429249654, 141.00091677431234
139.39301272526546, 19.062800077220167
129.617824189606, 108.35650625605318
167.2298283306571, 121.53896600284155
185.03189527702608, 82.78120262204199
150.07638272195106, 77.92838397757077
105.56833279940417, 7.120457236487643
190.26098580741854, 87.94120146612173
114.46173503074671, 160.0455978054561
134.20668307890256, 61.6789279188819
156.58787492104977, 79.54502476867998
127.6393336544292, 75.68690268497804
170.10786157567233, 55.89171027774502
138.2434683318143, 170.00340345975482
197.03393748864886, 91.16261534827498
127.73238714157885, 131.12415477828984
158.64783232192732, 110.14290869814387
129.53879450008924, 74.5924241997331
131.4301239440735, 84.7322505379174
144.800304393261, 31.705800970517316
117.45793301866446, 66.58278154138632
163.39308087262611, 96.04590105305182
147.20309476776018, 123.86692916756184
123.78584516706725, 156.7859645410971
125.65777493575516, 187.7837371997402
104.96448197446506, 42.42314738982773
164.9220535230878, 145.03724618167882
136.68354021320033, 109.01711785846548
182.07547393478137, 53.43293216175722
116.80751673850254, 10.034891090623654
152.35553087357852, 27.441378901487855
101.20728739721261, 150.55234039814246
111.56298354607598, 16.37465445884654
181.69958794019803, 116.05773865958488
128.31178356947578, 91.8657494871057
172.01415934320283, 52.056821221012854
187.74087964100775, 132.5936927634827
179.26456012021586, 114.04871091257706
157.9263810493823, 161.72912439577615
132.87227267535852, 14.76318214744703
141.5886498803614, 146.10825523663812
172.25241301487353, 34.05916900438179
105.39581257032373, 91.66135732804499
113.95052317573634, 99.05597992386399
120.52192879572779, 65.96402490053173
155.6923449451993, 173.42487666211866
136.08261790589097, 171.50850364181892
146.95636852119435, 61.80994506312627
156.43002808462228, 63.6238528731786
153.23479177194332, 62.72822495417518
197.56926496608705, 121.18251952899324
123.57883816291555, 50.62607371892873
140.30820536025124, 149.40944935890167
115.74194091976291, 32.97478467013262
172.60691868858288, 119.859300130988
196.9544391381236, 101.44949741767238
173.32585634562412, 166.19459757677018
126.91478602360017, 65.05377590864214
113.76761201106402, 131.02643438696717
126.63641149808552, 160.80414921383723
146.69283360892624, 38.49980984280712
176.37901092078127, 80.73987117384067
154.27833165071644, 105.4958252140089
106.10107022917755, 172.39115901879882
108.85276444095855, 109.97079623172077
116.15626971948065, 85.53047799332904
182.65138004475037, 94.16544713132157
112.9022799343862, 184.3983715137373
125.22465629962387, 89.80094921574904
