160
43.338403045587306, 99.16652652657912
23.997363391509634, 46.632675687485644
58.1282358295566, 90.48197123266993
76.76063715759594, 88.61696154921304
37.73277800824374, 88.35448014231147
88.59432184056443, 137.32864615484024
46.188359841745424, 93.35745123524802
30.50990548578232, 24.815763308472754
96.04950427702448, 123.38747627566785
49.51896127827462, 159.11072608601182
87.86712807884669, 132.49861020355635
97.93897351614686, 39.15680498092392
62.54120021787162, 144.12177129428704
14.527440093632364, 54.860317317910855
20.61179381098801, 162.85584838872833
57.16381327858252, 146.22096064962628
86.10067161925228, 14.913420430992208
20.74623691812549, 82.8974737882538
50.46163875352554, 40.738152829296666
68.12652473296697, 76.65903929547088
48.343455962507754, 169.75704254172285
38.064363874637564, 95.04156211126039
62.93053720002247, 186.10073647184657
62.3731250911503, 116.08636980017496
7.918243141832136, 32.517790365806
65.71423969759579, 0.1407375913721296
76.41973298520705, 61.35413222084637
49.88281861164737, 108.51661616735024
71.39185087253485, 114.43393651048952
64.18121080260661, 72.33516442835884
17.832178907156617, 165.59357333519654
84.8200617318102, 185.49884212553974
68.2897045107244, 71.39501790193052
26.26165531563138, 12.255569526748815
81.01518752903876, 72.7051600133968
15.306325227011953, 152.88215408901567
7.732702226952899, 168.39659418298754
77.28888373883844, 36.84892592432111
83.38064224467247, 110.5062002512531
86.66810757538587, 113.88301497793965
72.32508079314863, 116.72217453951636
43.909326589103834, 92.31867745921957
73.04394625101277, 6.47347887161672
88.69665064288478, 141.2749626388692
6.438891974819576, 100.35092799061471
84.80660277677245, 101.68544958859879
86.26223616786382, 49.883822535121055
5.521897714851605, 13.64216668669119
86.62161316963737, 188.75399329541102
8.103783803752162, 43.315601133172244
1.095418952112034, 0.4567927768115254
80.08788576228717, 45.5896151485599
59.909069942960215, 168.19915028274718
67.5117322536696, 148.1062976224697
26.427188390900014, 122.43888645800766
86.39353968363723, 4.033400659374053
58.42079404110264, 73.83452463842463
18.51754797387889, 175.2142868647465
68.25258004708027, 126.68884240688588
25.018183055904267, 126.81572577721313
86.5088461760182, 141.44241372097923
26.879111525768558, 188.61698852993038
88.3312845804045, 158.07908505319872
24.74816157268313, 54.02796077256281
5.0960515407413, 1.6287364322761704
86.55658253594346, 106.64447713544017
61.687748528613355, 145.83053527502878
54.79582733781791, 98.8350171080671
11.414587277347351, 183.31591315342337
34.2578850465447, 118.17804700572259
88.88451513207639, 71.719379762381
95.45150354247595, 81.44166720153405
72.35071542653205, 85.67679142578541
52.989156031239084, 96.55733016094638
78.60106392710236, 39.19191832401294
52.20180703692559, 115.50011680013861
70.06935667502069, 100.52185902228416
52.84151058556165, 7.883788066917319
52.1782201892823, 111.08981730694188
46.724982437491235, 32.73282873976686
161.6501029367829, 66.20796923778643
176.7104315371437, 114.66038449403162
173.12703112845594, 83.31929603522192
146.67263528443067, 153.21674675496422
195.60076348430835, 127.91763010342991
105.5949529080611, 148.0595341623944
181.39398734560126, 88.82143418930808
133.29776383869785, 8.669867768696404
162.80465085511136, 170.52807467768244
151.0048698833021, 129.23894944032457
144.7467637747361, 63.432704839672446
160.85011009774985, 43.42897903978036
139.71587849989322, 176.78673046085163
106.99548937602819, 82.20676563581675
160.95092132882542, 98.27303084915675
135.42193607522785, 145.64871933388156
100.25995622351279, 6.233575053598206
121.74962024195044, 107.69835052759751
120.49538242005544, 3.2132717404517175
196.9987627343237, 105.71384963097069
122.98213924852467, 95.0443108218406
101.98745418956418, 46.75216143586831
126.15562590133197, 189.72669605344714
103.99662053500539, 93.72223221326266
127.12155036230757, 6.786565407584666
128.56489352949345, 75.33273570386547
140.8323160902406, 74.06219812831978
192.7584132839867, 100.13819025231831
104.01552244966378, 132.1810835056656
158.21949746825112, 76.60784052030496
104.71383602354001, 122.56764352753054
178.39182227314183, 133.95447814565406
178.25862047727006, 142.13872269028988
116.73753993951973, 22.576055818123052
106.14969297948431, 36.42602036217206
142.53269907880343, 176.12158059374678
170.13673090168743, 146.92002096276445
115.65849597982687, 88.58869789559942
178.77072387999502, 69.95044865033582
160.1834709931556, 114.16239224949405
144.14447496196135, 106.4561966270541
145.9090220162746, 58.390412472211175
125.15358183423713, 31.33136609288252
129.3351037420689, 149.42128265424913
142.90709410820085, 179.10325380941185
172.64251764203163, 67.14916247908171
175.42992626973887, 94.30448652487404
123.41863514848586, 64.93791290954356
104.87760948361591, 117.53635967628497
188.30024036606397, 54.41085097199163
151.08485332489616, 54.646947573936
181.59542023162177, 108.69867970763481
168.39823710319942, 98.45051651907255
140.46157871071605, 165.14938825799803
102.68978247881952, 170.29890318180364
142.38951984452618, 82.05378732991959
139.19372866724552, 144.73286977339507
104.07752569513545, 177.0685939053938
174.62900775870926, 91.29067852242278
182.2012094025124, 138.45371474217913
117.79339564579116, 63.89722644643228
165.84216172630144, 158.0564483959511
105.16805675859004, 171.15729895438574
104.7154610231961, 14.499712355394422
159.44956379579253, 41.928958606164215
173.655499574114, 138.9216327512697
171.76487268310285, 153.98010315449324
100.40844434160354, 160.37004016175857
121.71970007148241, 151.2462761378799
134.85659193888011, 109.06645581598346
142.48384988469084, 110.20378369875672
129.07329019392395, 16.911500749626974
104.44898873112989, 16.901524571918024
113.09981597280822, 161.80907228395282
159.60616508539073, 61.940942567659896
185.5051577023851, 49.3418236344312
140.0036555000891, 37.51494194454273
141.04557811461405, 80.901633617029
164.07965483633308, 130.43477285439172
113.52864564828089, 51.66640130125493
