208
13.212797418267751, 55.87037095567287
98.85348610813577, 34.56760335731559
72.19793339297648, 73.61502432223315
41.313213405344925, 69.79600037081049
95.73176971759872, 49.7354969555726
92.86661896340863, 111.75183260404162
89.69331808795829, 116.5549580309289
3.4910751000931217, 76.40063995469933
14.035328919113743, 85.29325582775388
50.08338464877035, 135.68552291139147
35.33464041166409, 145.88127753426136
94.94767463726963, 44.03871822368597
65.11678081762909, 36.32402105897987
72.18049356827976, 21.805641158720015
79.41271829416634, 159.71989491332118
88.71309188271348, 164.39048213343358
92.29154824129742, 178.0362683301719
64.77980086159425, 78.9644540426711
53.166059392264906, 86.23733419416277
22.107208815250033, 141.07644253742862
93.77721994081571, 117.70030441348614
24.71330711437836, 130.38653290233714
75.88360379534687, 13.50671790513045
26.78302654544146, 127.34334684383946
27.016595522724806, 124.59696158800773
46.61406536349135, 83.90829266847308
91.33305160267702, 99.58955221348269
67.36617588687088, 71.40294639630467
25.43028021458973, 137.04724548217771
73.69959915021849, 36.00153838482281
25.92910138136014, 57.36162539840039
49.5972519625442, 49.03557298679475
62.909711992012305, 104.25553091562618
46.603051524257246, 27.306051103790118
14.921130752095578, 78.3662737710114
40.14191402764315, 125.05782534891465
41.29201870214351, 39.06602364232832
35.43631258663379, 114.7113855602124
54.138677636015274, 47.03930281514226
33.663665193460304, 59.968680239743044
83.9351813921147, 172.68971945872508
23.815386946106763, 163.72361542297747
32.5402704134173, 139.13512499400645
97.90328714594642, 2.7475416444345813
29.341590743627933, 68.3627753529829
93.86160304616226, 126.21112492883762
93.2291821870657, 43.23815039019594
95.06587665102471, 21.26113664096687
36.59301485130112, 52.9649210613975
95.83785895745521, 102.75178985671407
53.432679796211715, 58.567867179521315
31.747992016882918, 36.73629436278658
19.227684694530534, 46.17353706557654
80.22667001441224, 100.72961334642964
93.51056233594298, 150.90686272828887
80.54102458279931, 59.44396310746147
64.34340795535435, 157.85350556046023
24.525117086678883, 85.15179927744059
81.87842327121172, 106.54627695661351
25.442039393959625, 33.79166528652369
98.2996847028198, 63.04600616545242
25.513609924375956, 140.9102019603258
24.28971135617197, 111.76082643670861
72.72079062064941, 49.332859787610374
39.825218135320696, 116.84613292480918
92.10297222642112, 166.61245126542386
92.53061415249653, 160.60937662147242
61.70201806619612, 23.96989593941776
22.576496872913864, 118.04910860124113
78.70735035482596, 137.83641289936503
56.61228701344084, 51.33801232212684
36.04343646539348, 31.889669097659844
41.830880321193355, 51.445542292192094
48.61945488111582, 171.33756155304206
9.045447267333351, 82.67352374983632
75.53697508379337, 160.8006717656738
11.124306263079198, 144.2560817661069
87.32841679873037, 46.09127765357146
76.00492349348458, 4.613487554824824
95.80783113102777, 80.64930258861149
30.545925642515883, 58.05733378763005
33.254035551598925, 195.31289818543874
3.832919210638419, 52.73311747029139
0.48546429332261276, 106.83242503355115
44.061164317608316, 112.68523404449799
29.104324990985553, 84.75046802719002
96.52237494055055, 192.58402858950845
56.28197913237645, 6.588162108329687
74.50287565194166, 185.59949101630554
82.3191601802246, 145.61086169566875
2.3864936281251747, 47.84902174056764
78.96991498405734, 188.02096175497925
34.09384529168842, 50.87328496249401
31.49688546885092, 90.59978287857871
3.7480881130151578, 24.58594235246947
3.2733643256547817, 115.01294134484029
79.92982283911996, 107.85647395298645
89.03008693928321, 33.936671222711446
26.863479174149106, 81.94122538875561
73.0428397393624, 86.70630219513613
99.5870152190421, 185.06815440264012
83.32450480777673, 80.94626042710227
65.31925399069793, 99.4522129335033
9.888395967237729, 115.70503665762489
53.34530232471133, 39.754559449174785
74.1812773555426, 67.45614962707465
91.61244747270541, 27.339765343826315
17.075608207791284, 108.6636723774619
28.66654988742876, 174.28250485114756
39.26970113026987, 156.75622577014033
58.8525522068551, 67.59800588977416
96.49167470173946, 74.05876899497197
84.89863474483658, 123.62405052240774
42.773226938282335, 59.50235862305098
2.5731940170517498, 165.05370337381967
94.60034518720677, 77.5094270478982
38.57599500314577, 71.91941304511798
19.245708499449787, 162.4692891871285
5.0466446583379625, 116.96499455157898
49.13934632590264, 128.3376524850098
21.247201266598903, 61.10312871534169
58.73986480809583, 4.377943252195182
70.6542827571989, 101.51804516021915
5.204774380300559, 43.24709090718668
13.844911293856066, 76.27408331870068
38.85452344707303, 45.95636851640719
14.123455184974098, 189.78455855480578
14.490553333696354, 168.63076005170936
186.78720258173226, 55.87037095567287
101.14651389186423, 34.56760335731559
127.80206660702352, 73.61502432223315
158.68678659465508, 69.79600037081049
104.26823028240128, 49.7354969555726
107.13338103659137, 111.75183260404162
110.30668191204171, 116.5549580309289
196.50892489990687, 76.40063995469933
185.96467108088626, 85.29325582775388
149.91661535122967, 135.68552291139147
164.66535958833592, 145.88127753426136
105.05232536273037, 44.03871822368597
134.8832191823709, 36.32402105897987
127.81950643172024, 21.805641158720015
120.58728170583366, 159.71989491332118
111.28690811728652, 164.39048213343358
107.70845175870258, 178.0362683301719
135.22019913840575, 78.9644540426711
146.8339406077351, 86.23733419416277
177.89279118474997, 141.07644253742862
106.22278005918429, 117.70030441348614
175.28669288562165, 130.38653290233714
124.11639620465313, 13.50671790513045
173.21697345455854, 127.34334684383946
172.9834044772752, 124.59696158800773
153.38593463650864, 83.90829266847308
108.66694839732298, 99.58955221348269
132.63382411312912, 71.40294639630467
174.56971978541026, 137.04724548217771
126.30040084978151, 36.00153838482281
174.07089861863986, 57.36162539840039
150.4027480374558, 49.03557298679475
137.09028800798768, 104.25553091562618
153.39694847574276, 27.306051103790118
185.07886924790444, 78.3662737710114
159.85808597235683, 125.05782534891465
158.7079812978565, 39.06602364232832
164.5636874133662, 114.7113855602124
145.86132236398473, 47.03930281514226
166.3363348065397, 59.968680239743044
116.0648186078853, 172.68971945872508
176.18461305389323, 163.72361542297747
167.45972958658268, 139.13512499400645
102.09671285405358, 2.7475416444345813
170.65840925637207, 68.3627753529829
106.13839695383774, 126.21112492883762
106.7708178129343, 43.23815039019594
104.93412334897529, 21.26113664096687
163.40698514869888, 52.9649210613975
104.16214104254479, 102.75178985671407
146.56732020378828, 58.567867179521315
168.2520079831171, 36.73629436278658
180.77231530546948, 46.17353706557654
119.77332998558776, 100.72961334642964
106.48943766405702, 150.90686272828887
119.45897541720069, 59.44396310746147
135.65659204464566, 157.85350556046023
175.47488291332112, 85.15179927744059
118.12157672878828, 106.54627695661351
174.55796060604038, 33.79166528652369
101.7003152971802, 63.04600616545242
174.48639007562406, 140.9102019603258
175.71028864382802, 111.76082643670861
127.27920937935059, 49.332859787610374
160.1747818646793, 116.84613292480918
107.89702777357888, 166.61245126542386
107.46938584750347, 160.60937662147242
138.2979819338039, 23.96989593941776
177.42350312708612, 118.04910860124113
121.29264964517404, 137.83641289936503
143.38771298655917, 51.33801232212684
163.95656353460652, 31.889669097659844
158.16911967880665, 51.445542292192094
151.38054511888419, 171.33756155304206
190.95455273266666, 82.67352374983632
124.46302491620663, 160.8006717656738
188.8756937369208, 144.2560817661069
112.67158320126963, 46.09127765357146
123.99507650651542, 4.613487554824824
104.19216886897223, 80.64930258861149
