240
44.14986355181077, 20.623095913915
49.666561769494045, 159.35854785277456
76.05234833087577, 3.328117628479421
64.8126455582417, 185.55948113500932
80.15740478396029, 63.411796344427216
74.98817666540555, 177.2649421622086
92.19708019216594, 150.31797600802966
76.732112016596, 118.13896544676086
30.109643342895588, 56.17230819882639
70.95071158439083, 5.941067668548694
31.369569488711146, 105.26690435807808
36.81732644622397, 129.87169678331944
47.179329953632354, 149.78627668622963
56.76247482769317, 22.83159234288663
37.57266460028599, 84.33699811174415
87.4040597291146, 175.48480260960525
51.20723571912444, 21.841244498608138
26.38810136414356, 86.15196325766823
30.867404784304487, 119.02409293835257
21.24623207447385, 148.13632578609656
66.6893956989515, 46.916862851489086
98.03401829395578, 178.79410987036778
95.96553720035989, 86.97178664210341
86.72356540020414, 153.48224070879098
72.00952522564077, 31.298844038020235
51.77561790880979, 80.4964945227088
63.43502603597291, 161.17942189900512
88.73169769384737, 149.4861892857865
42.66811705189132, 112.16487980279635
41.84633700571343, 101.45002123566623
51.490393620390265, 127.83977904326234
32.675773325053534, 84.79727465411659
91.43033533854322, 137.10611158103316
42.18165843960312, 34.08130345707458
48.03485107321491, 50.42329433660888
31.942547762657114, 40.93123585895344
96.19728422399464, 59.94589639481429
62.68811096522353, 125.3326950354479
30.897279897324502, 36.8313096888655
56.90304008037875, 48.90820567427727
21.362312652902883, 121.3037225604446
94.35107610838952, 84.76880303876368
43.046467029737975, 130.08639639101125
86.5098986990105, 150.30244102939199
97.33276183685791, 39.750936418593994
93.85767005322121, 28.671864147427883
52.62399628195049, 124.59412708775119
42.02460162258208, 78.36677152798434
37.833953486923456, 145.85716734115013
12.057876338764705, 63.7539478362672
50.75904801588839, 55.40294972440763
26.009783082283544, 142.35555764601258
80.62388807860165, 145.22907977395835
80.38302364625714, 45.03190717138112
96.33182293254397, 94.69533755732178
36.76106419151779, 165.09988123387228
71.53152145907747, 157.20848154878132
20.831526533329146, 57.952744720829145
60.552694304066975, 98.85221974276297
81.88069860348075, 143.5449774053977
61.50854175308479, 170.87738827909146
19.234297696901027, 141.9309885413147
11.504247882946672, 65.99291713328863
68.06564399537022, 108.85482797913504
16.489551951805336, 46.08368676937793
10.88454345453621, 130.44428331073343
7.7037278170936645, 95.84125225763178
57.93609852926775, 93.89423433392965
58.632365848884724, 17.458339264988588
93.39949845304972, 160.47085589109093
95.85952267496761, 56.82553213335873
61.995081410855626, 156.45382159125973
90.01551713150047, 2.9532342721414695
30.814490403157947, 134.0456587042475
44.52095945723126, 145.17171391488915
64.2952611285691, 145.1835867223163
84.53683888700554, 24.8041525323478
82.50295787888616, 175.72649323295119
24.16284697298622, 40.386997449674666
21.856717968294483, 49.466116053540674
44.443469962864924, 172.38025819108117
51.96352102624869, 56.72700644496857
35.94750713054371, 49.78985630490236
62.8613221605856, 150.86448900066088
59.9293634576008, 172.63987399911463
60.53093373298752, 117.8788883720991
92.5106691950948, 61.668391460664004
27.48955107449953, 90.60003451356988
36.9877652320872, 47.586561784241255
85.10295682762286, 77.83803612097921
52.63373769381386, 103.96287790724284
41.06789477472278, 26.008943457392665
10.062032333930848, 65.18255927130116
50.14881942525559, 13.941865971230749
38.49099826009294, 21.95578258395372
83.84260694597107, 144.6748810639886
31.337187651546692, 185.61734334502776
16.521286910533185, 84.70882882966622
46.877133542800564, 13.301733507752544
20.040993438948153, 119.93201944051803
88.2839484089979, 43.93290799861038
8.757157666255743, 162.07736958760358
76.66730404754603, 74.33809580925276
49.76361491252994, 50.16517775821727
54.83850110719716, 110.48792889080575
16.095258277776693, 7.303601552198291
9.847846966007923, 32.117626474485526
47.36462978793619, 174.17653498321778
52.08783761124558, 134.18011328724123
9.977104585223284, 156.52202019303542
21.581515348683624, 69.94310878404622
38.65669793499451, 170.27236122351658
74.03221280524902, 98.23033272139988
1.9425740730153018, 138.0882959585499
4.879931209656185, 131.63067433351532
46.2160970542978, 177.3924706350072
23.254010054098984, 197.85815600294384
41.01501345076336, 2.404874437833926
34.71773003449607, 35.98578601086078
48.145888239544455, 194.13867536411556
99.32797934596657, 183.1887522462158
9.251243642270646, 21.375330620330836
17.203338990857333, 189.74049503223807
51.192782438802986, 179.5228014823902
55.97230905045083, 61.27667407022444
2.123015983019383, 114.22766609111564
23.981387074029968, 175.51363929305717
98.69594373782304, 96.14674759850932
60.00568240622675, 41.68026417664403
72.28683105528376, 163.66310436803536
59.597324766400014, 148.65438965475255
42.076901542050734, 168.3865669997753
19.720206966791622, 76.08169111193874
72.02054682844299, 44.363701850483814
43.23681638961469, 169.8526281152703
66.68485676222133, 14.77768069671479
64.07480334229497, 2.9420801554653986
37.53464037804385, 135.65796989524276
96.50917971639853, 1.4860571170124182
22.98833578679479, 181.30961383696535
24.092616360525742, 124.26007228996774
26.033154561930015, 156.79520013273444
47.10006428804853, 183.26495749423913
38.31411245023288, 165.76425346438913
62.16768111372698, 29.322926456199273
97.05403957068079, 6.108698676549462
97.4848398154189, 88.8444566088751
86.90896086885613, 126.0578368986681
74.13765765209794, 28.30929188096274
47.93076972125224, 146.8194918557246
4.269910184699166, 177.0944482102893
21.92746974478814, 102.54842231021055
40.94355988692357, 124.73133673361623
0.8478749503126437, 158.23660868202586
63.89762087427726, 167.4593761797791
65.87956789253143, 97.73364567391212
52.123128015214334, 144.924528545639
41.1517167807533, 155.89189498159982
43.2666285264015, 120.23726443750805
54.448844203537774, 112.59611787792633
155.85013644818923, 20.623095913915
150.33343823050595, 159.35854785277456
123.94765166912423, 3.328117628479421
135.18735444175832, 185.55948113500932
119.84259521603971, 63.411796344427216
125.01182333459445, 177.2649421622086
107.80291980783406, 150.31797600802966
123.267887983404, 118.13896544676086
169.8903566571044, 56.17230819882639
129.04928841560917, 5.941067668548694
168.63043051128886, 105.26690435807808
163.18267355377603, 129.87169678331944
152.82067004636764, 149.78627668622963
143.23752517230685, 22.83159234288663
162.42733539971402, 84.33699811174415
112.5959402708854, 175.48480260960525
148.79276428087556, 21.841244498608138
173.61189863585645, 86.15196325766823
169.13259521569552, 119.02409293835257
178.75376792552615, 148.13632578609656
133.3106043010485, 46.916862851489086
101.96598170604422, 178.79410987036778
104.03446279964011, 86.97178664210341
113.27643459979586, 153.48224070879098
127.99047477435923, 31.298844038020235
148.2243820911902, 80.4964945227088
136.5649739640271, 161.17942189900512
111.26830230615263, 149.4861892857865
157.33188294810867, 112.16487980279635
158.15366299428658, 101.45002123566623
148.50960637960975, 127.83977904326234
167.32422667494646, 84.79727465411659
108.56966466145678, 137.10611158103316
157.81834156039687, 34.08130345707458
151.9651489267851, 50.42329433660888
168.0574522373429, 40.93123585895344
103.80271577600536, 59.94589639481429
137.31188903477647, 125.3326950354479
169.1027201026755, 36.8313096888655
143.09695991962124, 48.90820567427727
178.6376873470971, 121.3037225604446
105.64892389161048, 84.76880303876368
156.95353297026202, 130.08639639101125
113.4901013009895, 150.30244102939199
102.66723816314209, 39.750936418593994
106.14232994677879, 28.671864147427883
147.3760037180495, 124.59412708775119
157.97539837741792, 78.36677152798434
162.16604651307654, 145.85716734115013
187.94212366123529, 63.7539478362672
149.2409519841116, 55.40294972440763
173.99021691771645, 142.35555764601258
119.37611192139835, 145.22907977395835
119.61697635374286, 45.03190717138112
103.66817706745603, 94.69533755732178
163.2389358084822, 165.09988123387228
128.46847854092255, 157.20848154878132
179.16847346667086, 57.952744720829145
139.44730569593304, 98.85221974276297
118.11930139651925, 143.5449774053977
138.49145824691522, 170.87738827909146
180.76570230309898, 141.9309885413147
188.4957521170533, 65.99291713328863
131.93435600462976, 108.85482797913504
183.51044804819466, 46.08368676937793
189.1154565454638, 130.44428331073343
192.29627218290634, 95.84125225763178
142.06390147073225, 93.89423433392965
141.36763415111528, 17.458339264988588
106.60050154695028, 160.47085589109093
104.14047732503239, 56.82553213335873
138.00491858914438, 156.45382159125973
109.98448286849953, 2.9532342721414695
169.18550959684205, 134.0456587042475
155.47904054276876, 145.17171391488915
135.7047388714309, 145.1835867223163
115.46316111299446, 24.8041525323478
117.49704212111384, 175.72649323295119
175.83715302701378, 40.386997449674666
178.14328203170552, 49.466116053540674
