160
60.518416114529025, 52.74841519454731
89.70309419637134, 30.504209042139642
87.68387295865648, 101.97475546521811
42.91458851587011, 37.73689840192096
66.76416350577506, 110.72429018233238
58.83783391958054, 94.73099121148402
60.29601722069076, 172.4175125741894
11.51526014501557, 140.0235766264342
28.97560521225887, 60.24600608575679
72.24864203839618, 82.33823101681897
69.69523336690322, 98.1327911372882
92.11678257120623, 110.99627525302746
77.27749669852864, 70.68792160988615
28.439459926027943, 91.86967297668696
61.66925128627617, 177.35065074183595
97.928545711003, 17.48555533008065
28.692130943524496, 55.79437157024052
60.8362305846643, 166.17098321847917
39.29349948306642, 55.290179523317626
18.035774673049342, 108.63513434171834
48.93147482805168, 65.80030327321502
64.96763111891825, 169.23784253098722
86.35320691313319, 61.17187392598345
72.8767201446333, 111.59887937379504
52.40625093150404, 124.17632078729991
13.175135916063208, 145.50925760060545
97.79918618838198, 198.42552405840507
38.95945152547199, 134.73690021173078
41.41368814560121, 136.54452599098056
48.75965069128827, 150.9519714533606
83.41515283209537, 68.06795067737067
18.652259868524666, 113.32349786376237
61.82921601866629, 136.48519255584216
30.898844530259638, 66.63749162231272
57.91370940347682, 46.97385480493561
47.51294406964538, 180.06037439730176
86.4029539716027, 24.47159362666591
92.24756518580901, 140.2156475166348
81.85530039320619, 76.99619595569406
83.43045582565125, 78.00464192753563
49.79058712069602, 167.27513719877388
28.179753060065003, 105.02683135669429
36.952794697572, 38.040120414477016
49.72783772416931, 141.75807374866403
60.27944866318094, 60.795442289541526
79.57522507048185, 190.4094525696981
12.04214809504266, 80.10511922368309
94.97790377159842, 104.81971837720192
36.479512932731836, 150.12866304657456
12.39889817226203, 121.83719497582484
32.6442930655997, 26.53416079479607
38.63074549851374, 113.34894392434785
59.83560923458269, 96.66650968914658
91.8331837701084, 53.286937427886684
45.432496699162904, 103.62750937916584
77.55817437648484, 4.509992713721367
72.74112929458498, 60.50582317112081
56.744403624311246, 104.93095624246898
79.94585568398519, 77.91004801581707
35.74491839301368, 66.36297011115364
75.2913092510741, 156.5819647671054
50.89400783548511, 32.1007309585396
78.61474168293144, 31.34651659802199
54.4610937894871, 180.1475199709152
84.20480456821426, 168.2566552375095
35.78128607805574, 85.15161884678581
47.57029284399938, 149.45573692409334
56.59878514482143, 150.81045133130468
70.83910464610884, 35.16474910107941
87.21216859708998, 130.03702553943026
68.08907529970594, 158.25254612570467
49.493879166711366, 148.4451646818994
79.4029696789332, 100.4303860234111
80.38117119957239, 114.27001460316377
75.14905751814763, 140.55914019490936
35.40639895280033, 173.23594106038186
34.48826525521527, 123.08926133395718
11.63494812966006, 74.72186696336374
78.67040478938654, 35.959196627379875
88.3904797880779, 38.252670936765654
139.48158388547097, 52.74841519454731
110.29690580362866, 30.504209042139642
112.31612704134352, 101.97475546521811
157.0854114841299, 37.73689840192096
133.23583649422494, 110.72429018233238
141.16216608041947, 94.73099121148402
139.70398277930923, 172.4175125741894
188.48473985498444, 140.0235766264342
171.02439478774113, 60.24600608575679
127.75135796160382, 82.33823101681897
130.3047666330968, 98.1327911372882
107.88321742879377, 110.99627525302746
122.72250330147136, 70.68792160988615
171.56054007397205, 91.86967297668696
138.33074871372384, 177.35065074183595
102.071454288997, 17.48555533008065
171.3078690564755, 55.79437157024052
139.1637694153357, 166.17098321847917
160.70650051693357, 55.290179523317626
181.96422532695067, 108.63513434171834
151.06852517194832, 65.80030327321502
135.03236888108177, 169.23784253098722
113.64679308686681, 61.17187392598345
127.1232798553667, 111.59887937379504
147.59374906849595, 124.17632078729991
186.8248640839368, 145.50925760060545
102.20081381161802, 198.42552405840507
161.040548474528, 134.73690021173078
158.5863118543988, 136.54452599098056
151.24034930871173, 150.9519714533606
116.58484716790463, 68.06795067737067
181.34774013147535, 113.32349786376237
138.17078398133373, 136.48519255584216
169.10115546974038, 66.63749162231272
142.08629059652318, 46.97385480493561
152.48705593035461, 180.06037439730176
113.5970460283973, 24.47159362666591
107.75243481419099, 140.2156475166348
118.14469960679381, 76.99619595569406
116.56954417434875, 78.00464192753563
150.20941287930398, 167.27513719877388
171.820246939935, 105.02683135669429
163.04720530242798, 38.040120414477016
150.27216227583068, 141.75807374866403
139.72055133681906, 60.795442289541526
120.42477492951815, 190.4094525696981
187.95785190495735, 80.10511922368309
105.02209622840158, 104.81971837720192
163.52048706726816, 150.12866304657456
187.60110182773798, 121.83719497582484
167.3557069344003, 26.53416079479607
161.36925450148627, 113.34894392434785
140.1643907654173, 96.66650968914658
108.1668162298916, 53.286937427886684
154.5675033008371, 103.62750937916584
122.44182562351516, 4.509992713721367
127.25887070541502, 60.50582317112081
143.25559637568875, 104.93095624246898
120.05414431601481, 77.91004801581707
164.25508160698632, 66.36297011115364
124.7086907489259, 156.5819647671054
149.10599216451487, 32.1007309585396
121.38525831706856, 31.34651659802199
145.5389062105129, 180.1475199709152
115.79519543178574, 168.2566552375095
164.21871392194424, 85.15161884678581
152.42970715600063, 149.45573692409334
143.40121485517858, 150.81045133130468
129.16089535389116, 35.16474910107941
112.78783140291002, 130.03702553943026
131.91092470029406, 158.25254612570467
150.50612083328863, 148.4451646818994
120.5970303210668, 100.4303860234111
119.61882880042761, 114.27001460316377
124.85094248185237, 140.55914019490936
164.59360104719968, 173.23594106038186
165.51173474478475, 123.08926133395718
188.36505187033993, 74.72186696336374
121.32959521061346, 35.959196627379875
111.6095202119221, 38.252670936765654
