160
60.527166596002715, 159.50060964849712
89.63608485135364, 28.839013393954605
55.40594444762601, 11.36832699912802
81.35325734235641, 83.53544609259815
14.181338844116897, 52.346472810966205
7.164165779282672, 92.79709127667847
63.62934363262487, 108.82408443730239
35.41674809219375, 37.7206692838852
67.77927871413769, 88.017920961314
35.26290238956472, 125.69798829819034
40.26142352369192, 101.21862468744021
99.80900658362884, 194.87610893350896
76.71567693447308, 185.0278754224106
67.43299421649758, 193.8004339997338
56.620363599922875, 189.4621279896885
73.38728086580318, 124.68114810365584
53.00172394716329, 109.5339419311359
70.58713911954895, 46.987627712591106
99.22812681103734, 82.62449961865592
98.50164309099863, 155.79312227279598
49.76606273081676, 115.35680629656966
67.83261199612005, 47.05033196800874
92.0042770674616, 58.80840137365355
56.4444347083322, 162.30124112155596
71.00540241030347, 134.1734105705435
33.09345275038014, 101.81500379455497
73.74926489173433, 57.79764245689165
59.4892703431521, 89.73863703302962
69.45281879933457, 36.70218567005412
27.76193290856356, 36.85443671976032
67.10247194403524, 90.83480060533074
63.34888937692843, 178.3875751394853
72.2375034539831, 140.5409183459018
65.13040997670332, 71.29332354081883
38.604731100903045, 63.73491623211094
65.69130746856553, 163.41578950217087
54.61138913528381, 165.5368024240624
89.62787634210376, 61.45960722003794
42.4697301996827, 111.21394544239695
61.27845154573115, 37.34970927881167
38.01167587384268, 159.59990898734918
35.644456934750856, 85.49234138720374
93.96849701844073, 33.72176016813062
39.56077079349522, 146.67041446994332
85.63352721367596, 163.3884348645364
72.13014369779408, 129.06978074853475
52.18426208993795, 66.27289873072793
74.79097889511418, 183.50377780417844
66.65794084080939, 144.95969880698888
29.252735228747863, 137.81806404129483
86.16232415647701, 47.46451684121733
12.07541035370836, 94.70966285812123
30.037414982692678, 103.85612936071212
90.57732325930414, 23.938685128599822
39.05333054924981, 144.33666331752534
79.36898861591835, 103.77056301265857
98.52828402333249, 34.61034593743078
23.15980995662312, 98.57424085739366
91.6260320290397, 158.22775410926099
84.85136797407232, 130.2904478372393
57.51150956086944, 47.83778755937922
60.08355431826552, 183.84403164873996
40.972440142879975, 70.29378006145505
28.01315609995384, 122.90211059951915
57.51919488233994, 133.2810118537431
5.956808648510615, 90.1271668834651
61.87546844249514, 132.6232582525626
93.77954482818323, 169.16797093445763
74.5268074460172, 47.659677919625665
40.11092862888874, 155.96268006534467
53.60618529237057, 185.38438916911863
97.60630858475677, 125.86440261436593
75.19058497102752, 178.5606339880462
31.563924463911707, 106.60124001619187
51.50670814365959, 91.76374720941543
0.9569381570916358, 105.94089805044942
46.11658660546758, 163.81501116639694
64.94774331273614, 136.92629596151303
87.52284292527534, 160.8527103448375
98.00221481854034, 159.77902166362492
139.4728334039973, 159.50060964849712
110.36391514864636, 28.839013393954605
144.594055552374, 11.36832699912802
118.64674265764359, 83.53544609259815
185.8186611558831, 52.346472810966205
192.83583422071732, 92.79709127667847
136.37065636737515, 108.82408443730239
164.58325190780624, 37.7206692838852
132.2207212858623, 88.017920961314
164.73709761043528, 125.69798829819034
159.73857647630808, 101.21862468744021
100.19099341637116, 194.87610893350896
123.28432306552692, 185.0278754224106
132.56700578350242, 193.8004339997338
143.37963640007712, 189.4621279896885
126.61271913419682, 124.68114810365584
146.9982760528367, 109.5339419311359
129.41286088045103, 46.987627712591106
100.77187318896266, 82.62449961865592
101.49835690900137, 155.79312227279598
150.23393726918323, 115.35680629656966
132.16738800387995, 47.05033196800874
107.9957229325384, 58.80840137365355
143.5555652916678, 162.30124112155596
128.99459758969653, 134.1734105705435
166.90654724961985, 101.81500379455497
126.25073510826567, 57.79764245689165
140.5107296568479, 89.73863703302962
130.54718120066542, 36.70218567005412
172.23806709143645, 36.85443671976032
132.89752805596476, 90.83480060533074
136.65111062307156, 178.3875751394853
127.7624965460169, 140.5409183459018
134.86959002329667, 71.29332354081883
161.39526889909695, 63.73491623211094
134.30869253143447, 163.41578950217087
145.38861086471618, 165.5368024240624
110.37212365789624, 61.45960722003794
157.53026980031728, 111.21394544239695
138.72154845426886, 37.34970927881167
161.98832412615732, 159.59990898734918
164.35554306524915, 85.49234138720374
106.03150298155927, 33.72176016813062
160.43922920650476, 146.67041446994332
114.36647278632404, 163.3884348645364
127.86985630220592, 129.06978074853475
147.81573791006204, 66.27289873072793
125.20902110488582, 183.50377780417844
133.34205915919063, 144.95969880698888
170.74726477125213, 137.81806404129483
113.83767584352299, 47.46451684121733
187.92458964629165, 94.70966285812123
169.96258501730733, 103.85612936071212
109.42267674069586, 23.938685128599822
160.9466694507502, 144.33666331752534
120.63101138408165, 103.77056301265857
101.47171597666751, 34.61034593743078
176.84019004337688, 98.57424085739366
108.3739679709603, 158.22775410926099
115.14863202592768, 130.2904478372393
142.48849043913054, 47.83778755937922
139.91644568173447, 183.84403164873996
159.02755985712002, 70.29378006145505
171.98684390004615, 122.90211059951915
142.48080511766005, 133.2810118537431
194.04319135148938, 90.1271668834651
138.12453155750487, 132.6232582525626
106.22045517181677, 169.16797093445763
125.4731925539828, 47.659677919625665
159.88907137111124, 155.96268006534467
146.39381470762942, 185.38438916911863
102.39369141524323, 125.86440261436593
124.80941502897248, 178.5606339880462
168.43607553608828, 106.60124001619187
148.49329185634042, 91.76374720941543
199.04306184290837, 105.94089805044942
153.88341339453243, 163.81501116639694
135.05225668726388, 136.92629596151303
112.47715707472466, 160.8527103448375
101.99778518145966, 159.77902166362492
