176
90.3812848150986, 141.63445709655335
54.26665314227783, 84.189638248908
64.07180688722535, 91.08280144141865
98.66645153383267, 134.99503672946474
44.50226422125255, 92.06175375314254
83.9020469776244, 62.47649535575046
45.62842862055437, 117.0055894409925
62.77305099495767, 107.40735462168259
38.12223757744712, 146.43364837330245
86.3222924868881, 101.51051984315458
98.4710079077237, 172.67615637722344
54.488898025537345, 80.35428122117241
90.79613988729103, 149.6744906845323
74.38557468933796, 85.320699779574
77.9769742318863, 77.30377263814754
53.349675656885445, 156.40876910372313
58.56054977970623, 105.52184766179582
53.46731310646076, 11.59556099707524
89.16432139685038, 22.505346071156353
83.53537114159391, 78.17259349478441
96.72972461339361, 146.03708809620844
91.58276426824928, 7.12211858115579
84.69732546124183, 160.94804802439725
87.28674689518412, 1.6157376573520787
81.83952575559186, 167.90820777958976
77.24214562935711, 29.656451231377368
81.46944403987025, 12.409055672037361
39.06944707970401, 159.02353677651467
53.51364797710452, 116.12449595258592
66.67213574978715, 19.464897314697293
51.95958212951767, 108.28214693405948
99.22389714551849, 149.82237584502056
63.99589790619372, 135.6920105844788
59.889960706151, 98.9814812106753
87.457056196543, 195.97039561617535
76.20863129806061, 104.46523822132411
10.167379061277671, 4.404436962452024
96.86564194547137, 22.784702567099103
48.45892354827206, 24.4958704308333
24.459150544714163, 11.032037574533213
36.19927558501723, 109.75931420032576
56.69812292773428, 75.16185216712023
57.07939622769278, 133.0559132999063
60.71408627507192, 107.2511899740331
2.918852926282478, 90.62669292643575
64.92867630055638, 81.24502910682567
11.634348183092747, 134.4589734712206
75.04638279120728, 73.79401716472212
52.31224351030054, 36.541135824276516
62.80150975093376, 29.878037477569997
90.99750042693397, 74.18216112083414
95.36270074010524, 179.16043838488253
46.94084531802311, 140.95844868428472
23.651733051271417, 36.35417455287357
8.305559417073882, 114.94849327676977
52.58770383193884, 23.011018659480207
38.70099709697297, 92.76650202056899
73.36922583170029, 116.72845823885778
96.12954570924714, 129.24848157708797
93.84075948385623, 112.5943629966431
83.04147367432846, 17.71868334135638
4.00129651460135, 190.13873404921773
38.920588906727325, 55.86302916450179
9.68384491147414, 194.09832681052177
14.786383909882652, 136.0724092384302
82.08475855481396, 41.15874658844805
56.7860043451614, 37.43929540121448
35.862109089074565, 118.7383303189725
65.82209351188392, 90.43060790201393
62.575162897788836, 32.398315616991916
78.43235822940984, 75.72402638491273
75.75939506887028, 127.6325777734187
78.68781574461586, 26.54543453392122
48.93104984184444, 46.22482514630934
43.03108439604407, 126.70935323078942
29.473580445296655, 105.36979196293261
12.593733053078516, 114.62550759032595
99.02080856175252, 96.76918369564453
74.69099063205375, 159.6677896305561
38.69080504390928, 194.29938323036842
22.39921438764284, 53.06101254338267
74.4777242727977, 77.47247962227861
5.573525307422256, 81.56169844668999
82.38529099923008, 49.4821682779025
7.602141531657414, 173.95039073827567
48.18645681141024, 144.3183775297665
42.19236403298967, 175.0852407246396
74.83624674420744, 57.47137579922368
88.75667803234782, 61.49148763828664
61.63375805077693, 180.00905492520087
33.524316875306525, 40.5247049696815
85.14214991496435, 74.71378305449727
11.88533464682453, 19.160418956123348
61.66026301512769, 117.52546139958082
38.75737451091946, 152.43957444348933
68.76912771750973, 167.02700519883388
109.6187151849014, 141.63445709655335
145.73334685772215, 84.189638248908
135.92819311277464, 91.08280144141865
101.33354846616733, 134.99503672946474
136.04202341303227, 113.25870565023261
116.0979530223756, 62.47649535575046
136.7838031916199, 186.0202244171298
182.30355128308398, 49.09184106736599
125.77907920743108, 128.58134091615244
113.6777075131119, 101.51051984315458
101.5289920922763, 172.67615637722344
145.51110197446266, 80.35428122117241
109.20386011270897, 149.6744906845323
125.61442531066204, 85.320699779574
122.0230257681137, 77.30377263814754
146.65032434311456, 156.40876910372313
141.43945022029376, 105.52184766179582
146.53268689353925, 11.59556099707524
110.83567860314962, 22.505346071156353
116.46462885840609, 78.17259349478441
109.83644782123628, 94.60323500180851
108.41723573175072, 7.12211858115579
115.30267453875817, 160.94804802439725
112.71325310481588, 1.6157376573520787
118.16047424440814, 167.90820777958976
122.75785437064289, 29.656451231377368
118.53055596012975, 12.409055672037361
160.93055292029598, 159.02353677651467
146.4863520228955, 116.12449595258592
133.32786425021285, 19.464897314697293
148.04041787048232, 108.28214693405948
100.77610285448151, 149.82237584502056
136.0041020938063, 135.6920105844788
148.65486593300582, 130.94230845329517
112.542943803457, 195.97039561617535
123.79136870193939, 104.46523822132411
178.68542310085073, 84.36179050077115
103.13435805452863, 22.784702567099103
151.54107645172795, 24.4958704308333
128.68196457822035, 48.26882569250615
163.80072441498277, 109.75931420032576
143.3018770722657, 75.16185216712023
142.92060377230723, 133.0559132999063
139.2859137249281, 107.2511899740331
197.08114707371752, 90.62669292643575
135.0713236994436, 81.24502910682567
188.36565181690725, 134.4589734712206
124.95361720879272, 73.79401716472212
147.68775648969947, 36.541135824276516
117.39947598840412, 80.56377639113632
109.00249957306603, 74.18216112083414
104.63729925989476, 179.16043838488253
153.0591546819769, 140.95844868428472
176.3482669487286, 36.35417455287357
191.69444058292612, 114.94849327676977
147.41229616806118, 23.011018659480207
161.29900290302703, 92.76650202056899
126.63077416829971, 116.72845823885778
103.87045429075286, 129.24848157708797
106.15924051614377, 112.5943629966431
116.95852632567154, 17.71868334135638
139.2942142328931, 174.8159939341798
161.07941109327268, 55.86302916450179
110.50061695615759, 173.59788309012703
175.65083183251477, 89.43777816635085
117.91524144518604, 41.15874658844805
124.34370893591928, 29.000391324824992
115.16373538822283, 150.06956638221206
134.1779064881161, 90.43060790201393
137.42483710221117, 32.398315616991916
121.56764177059016, 75.72402638491273
124.24060493112972, 127.6325777734187
121.31218425538414, 26.54543453392122
151.06895015815556, 46.22482514630934
156.96891560395594, 126.70935323078942
170.52641955470335, 105.36979196293261
152.00248215994245, 116.48172233290717
100.97919143824748, 96.76918369564453
125.30900936794625, 159.6677896305561
100.84899524447951, 190.71771901973958
