192
36.91879434786729, 159.78338501066526
91.23535953755609, 168.52932539256162
81.18662560272122, 59.78130129398023
90.39365786224056, 4.923914913553751
96.17342002788202, 188.65145664041535
63.007435017202106, 168.88854392900197
55.19594694535284, 130.38479629810337
8.448957212967334, 76.93774291621247
48.472640560780576, 60.21412502432217
83.22558336038382, 135.7264006721056
38.42559693536239, 57.45242567631408
47.98533772314622, 64.98886401814428
41.958598309787284, 108.49544970112721
91.36116887559633, 142.4357381944863
65.0484257542651, 152.6905600792272
4.821148414982335, 89.32839823460466
82.58100886315519, 55.409876244805446
41.73717154474832, 152.68598130447265
75.47336579993988, 32.75491673359545
80.64985785482584, 69.84686258947859
30.52538898484839, 143.9623804662201
85.64190141589295, 171.84481559596009
14.079329733189228, 91.7891763582334
95.27928654855603, 44.823909748857524
13.384811933164364, 96.24429488186573
47.68339217674126, 105.81727354771272
67.56929269216462, 114.93233510512061
73.05967019385187, 98.2742542831615
31.614196164768128, 83.23125720838279
36.95486743931282, 24.107427154169358
67.0192656067838, 134.99471297693577
53.93081953458029, 27.269075207872675
69.4642967767165, 127.85574311025081
68.12412882781234, 122.6949965380613
72.00892932617614, 20.419820773436403
19.8171441703766, 62.570361480488316
87.76736151882977, 139.55776759188464
46.314184894178055, 184.1481036520966
40.23093437051165, 116.56154397338216
71.29975795476014, 8.015451209772294
29.55402589166445, 111.5920878245386
42.45913926657367, 33.79612791260001
48.037633816527816, 150.58661641493808
97.85441252121969, 34.92511608344522
62.42478659869627, 76.91230640701522
89.28106785018731, 72.52753180706108
88.08193534713662, 101.12781007789249
30.61058713309225, 156.92200471117593
30.519966782456585, 105.56171397847105
34.521215315118226, 134.9083684759502
81.76995236601108, 5.56943291812424
80.68137648993734, 96.24333412770771
81.10230335389058, 174.961954415662
3.4203185344089615, 97.05819363628349
70.75472877269178, 82.5115953152995
15.701670940602753, 95.74116855351551
42.84239499080139, 92.35852510299742
81.24262514144813, 87.24452591062908
75.53397403569663, 63.81107851519856
42.31325754644652, 52.021792875938914
69.51985789680097, 180.49063883055692
6.777649091008819, 66.21479264765418
96.29578023888092, 95.76818949503914
5.95598744766418, 73.105285560531
9.598466649432924, 82.45587291249501
91.57940797999645, 32.52402828128116
95.46557557214767, 183.760995114583
95.8810153832088, 114.6303787986932
62.766128903369875, 139.36089445539199
45.759381983136024, 159.87667473031502
81.3535732878569, 50.14183657802107
15.80738363072558, 133.5427092755342
53.07301664167346, 140.9291377099386
52.649130485635, 129.97974623826295
39.45453707107516, 45.31485326184219
93.6576176067431, 56.718921831620776
29.881077829162827, 168.21121332300686
48.85263898702218, 179.52288151085037
73.91412139256471, 96.8162270012985
94.19739098109515, 142.57988253091938
46.48017557700601, 135.74777805120064
15.059905769216108, 48.67618986257754
45.24485138949416, 144.99516713870761
6.900533430355981, 193.98895102825412
0.18731735017750717, 183.62460600986049
13.191234065092083, 115.66125817744305
26.766341164086338, 197.8143659473017
56.11315767362437, 27.660643341771298
19.36061151103029, 183.95051490258706
20.586310594843305, 196.71483155413088
62.10364060616567, 157.25634265906038
19.97149806284809, 153.6511448704467
61.24176281022522, 58.91785105078724
8.203403995800008, 136.57116473710244
67.17763066588294, 106.25545399927397
40.88293922965346, 23.103839748434684
68.03424260749095, 40.15052524873121
91.70053804116182, 152.65403479023985
11.298703521751053, 66.18323726923248
62.972594664604145, 42.46133666691494
57.87126958551011, 47.580287369738
1.5068560381045426, 11.229302973263033
82.52099787189961, 15.939150028131266
21.187218008950694, 170.09583428560288
80.88070188718282, 161.71911854752125
78.95902026208852, 89.41327982053859
33.17246029495296, 108.50775756012413
48.85564464089855, 92.73256766885325
95.52322104568056, 135.77442074651947
61.898456127872414, 186.31742911303238
86.32637877495578, 120.71306135921185
82.11132618050698, 131.8141011464423
163.08120565213272, 159.78338501066526
108.76464046244391, 168.52932539256162
118.81337439727878, 59.78130129398023
109.60634213775944, 4.923914913553751
103.82657997211798, 188.65145664041535
136.9925649827979, 168.88854392900197
144.80405305464717, 130.38479629810337
191.55104278703266, 76.93774291621247
151.52735943921942, 60.21412502432217
116.77441663961618, 135.7264006721056
161.5744030646376, 57.45242567631408
152.01466227685378, 64.98886401814428
158.04140169021272, 108.49544970112721
108.63883112440367, 142.4357381944863
134.9515742457349, 152.6905600792272
195.17885158501767, 89.32839823460466
117.41899113684481, 55.409876244805446
158.26282845525168, 152.68598130447265
124.52663420006012, 32.75491673359545
119.35014214517416, 69.84686258947859
169.4746110151516, 143.9623804662201
114.35809858410705, 171.84481559596009
185.92067026681076, 91.7891763582334
104.72071345144397, 44.823909748857524
186.61518806683563, 96.24429488186573
152.31660782325875, 105.81727354771272
132.43070730783538, 114.93233510512061
126.94032980614813, 98.2742542831615
168.38580383523188, 83.23125720838279
163.0451325606872, 24.107427154169358
132.9807343932162, 134.99471297693577
146.06918046541972, 27.269075207872675
130.53570322328352, 127.85574311025081
131.87587117218766, 122.6949965380613
127.99107067382386, 20.419820773436403
180.1828558296234, 62.570361480488316
112.23263848117023, 139.55776759188464
153.68581510582194, 184.1481036520966
159.76906562948835, 116.56154397338216
128.70024204523986, 8.015451209772294
170.44597410833555, 111.5920878245386
157.5408607334263, 33.79612791260001
151.96236618347217, 150.58661641493808
102.14558747878031, 34.92511608344522
137.57521340130373, 76.91230640701522
110.71893214981269, 72.52753180706108
111.91806465286338, 101.12781007789249
169.38941286690775, 156.92200471117593
169.48003321754342, 105.56171397847105
165.47878468488176, 134.9083684759502
118.23004763398892, 5.56943291812424
119.31862351006266, 96.24333412770771
118.89769664610942, 174.961954415662
196.57968146559105, 97.05819363628349
129.24527122730822, 82.5115953152995
184.29832905939725, 95.74116855351551
157.15760500919862, 92.35852510299742
118.75737485855187, 87.24452591062908
124.46602596430337, 63.81107851519856
157.68674245355348, 52.021792875938914
130.48014210319903, 180.49063883055692
193.2223509089912, 66.21479264765418
103.70421976111908, 95.76818949503914
194.04401255233583, 73.105285560531
190.40153335056706, 82.45587291249501
108.42059202000355, 32.52402828128116
104.53442442785233, 183.760995114583
104.1189846167912, 114.6303787986932
137.23387109663014, 139.36089445539199
154.24061801686398, 159.87667473031502
118.6464267121431, 50.14183657802107
184.19261636927442, 133.5427092755342
146.92698335832654, 140.9291377099386
147.350869514365, 129.97974623826295
160.54546292892485, 45.31485326184219
106.3423823932569, 56.718921831620776
170.11892217083718, 168.21121332300686
151.14736101297783, 179.52288151085037
126.08587860743529, 96.8162270012985
105.80260901890485, 142.57988253091938
