128
25.058260855742187, 136.5274363632576
38.83563640550346, 80.23045438420837
19.813213532193398, 96.76006746950662
83.95105606325232, 33.650111400512195
51.54072069583581, 111.67754482384977
40.191205178187985, 60.03167918637959
99.35076621777156, 130.04288670659506
63.90932964890956, 188.5706424397109
17.484987072784442, 147.11662403899422
12.33640338747869, 130.3982022068475
52.771731389179386, 86.23179566099569
87.13876859069826, 86.37140651282786
38.256940969128074, 58.342405716308754
28.171908081764528, 150.07803664127857
62.47313350411463, 50.968779543027274
99.0082050558842, 165.90402203275326
50.80369762697282, 169.620634478466
81.54503175813365, 167.4701767578276
75.29689662302142, 38.10902492908615
38.10060229876263, 39.276870081286155
88.87313342137371, 73.03546561685002
77.77707469769507, 23.244760537696262
41.879369985767646, 69.53514138438808
65.66245005644737, 41.406507890963915
60.50165919455775, 105.50354636704469
36.57420684592406, 122.66820186364838
60.4507659165299, 81.33522233675166
54.12296314744608, 98.48191193674536
88.11228248213237, 105.81017890279062
95.03324248016206, 102.48690931624229
54.10120306455026, 118.23672519499253
26.92830655672661, 56.49154109061272
78.04862108104933, 80.36068900314474
59.30691110936015, 150.2131643614787
84.33142691975817, 5.379333708013689
32.07621410771697, 44.931994879090276
52.671610914557206, 174.267660422493
18.308123291039923, 154.6275974552516
23.137299539181168, 128.2478577163511
42.37604524703607, 159.65696060535916
62.610729507475305, 108.75292991999818
78.91347256627859, 46.0801739924249
92.92302540850456, 117.88242139046923
95.26066775014345, 76.65533444063664
69.75217610849285, 72.84646876041174
87.75787775634122, 166.9368561060487
75.3304448011405, 120.3577275616591
63.1838447550283, 190.3200932044691
138.59260669729386, 163.3207567454902
195.18116161408446, 129.53708708109272
123.57424398179566, 13.523080071669934
174.9417391442578, 136.5274363632576
161.16436359449654, 80.23045438420837
180.1867864678066, 96.76006746950662
116.04894393674768, 33.650111400512195
159.68339834193648, 95.73365288598346
131.9899205440994, 34.61261892172611
148.4592793041642, 111.67754482384977
116.1550913178797, 187.4122924747663
155.24685925874314, 88.11328545877655
159.808794821812, 60.03167918637959
100.64923378222844, 130.04288670659506
136.09067035109044, 188.5706424397109
182.51501292721557, 147.11662403899422
150.3193692627875, 156.3792618476467
187.6635966125213, 130.3982022068475
172.51933413665026, 74.63180602189392
129.47666580285244, 166.85823440485495
126.61260520610864, 65.66493268511798
147.2282686108206, 86.23179566099569
112.86123140930174, 86.37140651282786
161.74305903087193, 58.342405716308754
171.8280919182355, 150.07803664127857
137.52686649588537, 50.968779543027274
100.9917949441158, 165.90402203275326
180.9363043470392, 45.9493451667977
192.5493045216875, 134.8233300152889
149.19630237302718, 169.620634478466
142.80045880770587, 168.62844304618437
118.45496824186635, 167.4701767578276
110.57326014978341, 82.30051284777333
157.40713325790097, 87.45444302405625
124.70310337697858, 38.10902492908615
161.89939770123738, 39.276870081286155
111.12686657862629, 73.03546561685002
122.22292530230493, 23.244760537696262
107.15419124272722, 161.9093461224701
162.42849455175514, 149.30198279418033
158.12063001423235, 69.53514138438808
134.33754994355263, 41.406507890963915
185.98206980316272, 66.95118157010288
139.49834080544224, 105.50354636704469
163.42579315407593, 122.66820186364838
122.17910184196748, 146.47291825728536
139.54923408347008, 81.33522233675166
132.73334659727016, 48.210302446907846
145.8770368525539, 98.48191193674536
177.26504762851226, 48.244786817558705
111.88771751786763, 105.81017890279062
120.21872746305375, 68.68772040267316
104.96675751983794, 102.48690931624229
145.89879693544975, 118.23672519499253
118.61727989580744, 99.4044219948014
173.07169344327338, 56.49154109061272
121.95137891895067, 80.36068900314474
124.18402615257288, 147.9326365269157
140.69308889063984, 150.2131643614787
115.66857308024183, 5.379333708013689
131.12780397586607, 130.22480903008042
167.92378589228304, 44.931994879090276
147.32838908544278, 174.267660422493
181.69187670896008, 154.6275974552516
176.86270046081884, 128.2478577163511
157.62395475296393, 159.65696060535916
135.46931593875718, 131.65681121595395
137.3892704925247, 108.75292991999818
121.08652743372141, 46.0801739924249
107.07697459149544, 117.88242139046923
104.73933224985655, 76.65533444063664
118.95511875122152, 5.283913603386825
123.03734374160425, 167.13727614871553
130.24782389150715, 72.84646876041174
112.24212224365878, 166.9368561060487
124.6695551988595, 120.3577275616591
187.19890659968038, 142.8370037058967
136.8161552449717, 190.3200932044691
193.18600728162664, 125.51409007300651
146.76579370305762, 160.6248935849705
